28
1 56 279 137 479
1 170 317 218 437
1 204 326 241 420
1 232 339 259 405
1 118 336 148 409
1 143 346 165 403
1 1 338 30 412
1 417 283 485 448
1 311 263 391 459
1 653 260 728 444
1 759 302 799 399
1 724 313 755 390
1 741 322 764 381
1 706 322 732 389
1 387 320 424 412
1 411 327 441 403
1 468 334 494 398
1 512 308 557 421
1 505 320 540 409
1 292 300 349 440
1 648 302 693 413
1 518 133 679 528
3 378 322 387 372
3 546 376 556 401
3 634 280 652 305
3 648 294 658 312
3 786 321 799 389
3 59 352 74 414
