42
1 308 103 326 148
1 341 104 356 143
1 354 99 369 139
1 364 100 377 133
1 401 109 413 139
1 414 104 426 133
1 407 104 418 134
1 421 104 434 135
1 424 100 439 137
1 433 102 445 135
1 439 101 453 137
1 449 103 462 135
1 622 94 663 197
1 466 319 545 511
1 391 263 465 445
1 349 250 427 442
1 332 233 400 400
1 409 233 469 380
1 399 208 462 364
1 412 201 475 354
1 426 187 487 336
1 453 176 511 320
1 573 133 611 229
1 535 126 582 240
1 530 102 555 162
1 507 152 553 267
1 475 141 527 271
1 456 104 475 152
1 477 108 495 152
1 380 108 391 136
1 392 105 402 133
3 295 121 308 154
3 316 109 324 128
3 370 101 380 127
3 505 145 526 170
3 514 126 538 149
3 497 126 523 151
3 497 105 508 126
3 509 107 523 127
3 523 97 536 126
3 469 102 480 152
3 373 208 408 246
