45
1 0 170 46 320
1 29 187 84 324
1 76 194 131 330
1 125 202 177 330
1 188 167 253 329
1 157 193 202 306
1 276 189 332 326
1 264 207 305 309
1 339 196 389 320
1 393 210 439 322
1 434 165 500 326
1 512 169 578 329
1 578 178 643 337
1 615 163 685 335
1 548 160 603 298
1 496 163 552 303
1 484 176 531 291
1 418 160 469 288
1 207 170 263 310
1 222 178 272 301
1 245 184 287 286
3 68 179 93 212
3 39 162 64 186
3 88 162 108 188
3 108 166 125 191
3 132 176 151 197
3 159 174 191 196
3 194 174 212 197
3 259 174 287 197
3 340 186 363 211
3 500 150 516 177
3 620 161 647 194
3 654 156 680 178
3 408 173 436 195
3 386 177 402 192
3 300 156 324 176
3 310 166 322 179
3 339 175 350 197
3 349 171 363 190
3 358 160 373 185
3 256 162 284 183
3 236 157 256 180
5 2 82 210 143
5 223 86 438 137
5 441 76 682 130
