99
1 0 146 21 231
1 10 155 38 225
1 0 146 23 222
1 23 150 47 212
1 51 146 79 214
1 44 154 67 210
1 60 147 84 206
1 69 149 91 204
1 79 148 101 204
1 95 146 116 200
1 103 149 122 198
1 111 146 130 195
1 127 150 144 195
1 136 147 153 191
1 169 150 182 185
1 169 148 215 264
1 208 152 240 232
1 223 148 253 222
1 240 145 281 246
1 258 144 295 234
1 272 139 307 226
1 285 139 317 218
1 303 145 329 211
1 329 148 332 159
1 348 148 358 172
1 352 147 361 172
1 360 146 371 173
1 369 146 380 173
1 389 144 395 160
1 22 60 44 115
1 4 56 28 114
1 68 71 88 120
1 83 75 101 121
1 102 78 120 121
1 121 85 139 128
1 140 88 157 130
1 178 95 193 131
3 9 146 17 161
3 23 147 32 159
3 35 149 39 161
3 55 148 62 156
3 179 147 188 161
3 243 146 254 161
3 332 153 337 160
3 337 154 343 159
3 321 149 325 156
3 382 138 387 145
3 389 138 396 145
3 7 12 15 23
3 30 22 38 37
3 39 22 45 34
3 45 22 50 34
3 52 29 61 40
3 63 29 71 41
3 116 53 124 67
3 3 23 11 35
3 13 27 18 36
3 18 29 23 36
3 26 28 33 43
3 73 35 78 43
3 195 77 199 84
3 221 83 228 92
5 357 144 363 158
5 376 143 384 156
5 0 30 14 62
5 15 36 26 60
5 27 43 41 68
5 41 34 60 74
5 61 42 74 77
5 75 45 91 75
5 92 50 108 82
5 109 61 124 86
5 126 69 152 91
5 95 42 104 51
5 161 69 182 97
5 183 71 195 96
5 188 96 204 107
5 205 88 216 106
5 211 82 218 94
5 216 91 230 108
5 231 88 245 107
5 244 93 256 105
5 257 95 267 107
5 268 101 279 120
5 279 105 292 124
5 292 110 304 126
5 305 116 318 128
5 318 123 324 130
5 325 126 333 131
5 0 70 14 114
5 17 73 29 116
5 35 77 51 114
5 63 81 76 112
5 95 84 105 117
5 140 94 159 125
5 166 96 176 109
5 185 105 205 132
5 210 108 228 132
5 276 122 284 136
