36
1 2 158 31 232
1 82 177 118 264
1 122 164 153 242
1 188 188 231 294
1 209 174 241 254
1 275 209 321 321
1 382 189 425 294
1 401 160 436 249
1 341 176 375 259
1 472 177 510 273
1 556 164 590 247
1 288 157 315 225
1 318 152 340 206
1 139 153 159 204
1 441 111 458 152
1 465 94 479 130
3 15 82 47 110
3 68 89 88 108
3 106 88 126 116
3 188 91 197 106
3 202 96 209 107
3 213 94 224 110
3 229 89 237 107
3 240 90 253 107
3 254 87 264 108
3 264 89 278 108
3 283 92 299 114
3 310 92 327 113
3 327 88 340 112
3 345 103 354 114
3 364 102 373 112
3 373 99 380 111
5 3 101 144 160
5 143 110 292 163
5 291 112 448 165
5 474 111 598 167
