40
1 424 98 463 194
1 418 95 456 188
1 377 104 395 149
1 365 112 369 123
1 362 112 366 123
1 337 111 343 129
1 312 102 341 172
1 270 73 345 257
1 252 97 286 179
1 223 94 260 184
1 207 104 223 143
1 197 108 212 144
1 202 108 216 142
1 189 110 202 141
1 160 110 174 147
1 172 111 186 146
1 181 112 192 138
1 154 110 165 140
1 135 103 157 159
1 145 112 158 143
1 128 111 143 151
1 102 109 121 156
1 118 113 129 141
1 74 94 111 185
1 49 107 72 164
1 25 102 56 181
1 5 101 37 179
1 0 109 14 153
3 418 127 430 153
3 368 113 382 145
3 135 105 141 114
3 48 110 54 118
5 170 111 178 117
5 159 109 166 115
5 124 111 133 116
5 114 109 121 116
5 102 108 110 116
5 68 111 78 121
5 22 109 36 118
5 7 111 12 119
