78
1 26 291 72 407
1 57 288 105 405
1 98 289 145 406
1 60 293 104 403
1 123 286 167 393
1 142 289 181 386
1 173 278 220 394
1 204 288 250 403
1 234 274 284 396
1 285 277 330 387
1 324 292 368 403
1 352 289 398 403
1 370 267 413 372
1 407 280 457 402
1 453 267 508 402
1 504 263 544 362
1 523 260 562 358
1 474 263 518 374
1 125 247 136 276
1 119 247 130 276
1 181 249 191 277
1 323 233 339 274
3 12 325 24 395
3 13 289 34 322
3 76 276 88 293
3 17 230 41 283
3 87 289 114 345
3 266 272 284 316
3 282 327 290 375
3 319 278 335 319
3 343 260 372 290
3 283 271 295 292
3 311 273 322 289
3 382 299 393 315
3 410 272 424 311
3 437 279 454 313
3 450 280 463 299
3 458 256 473 277
3 369 268 382 285
3 449 299 512 393
3 496 259 510 284
3 552 267 573 307
3 568 267 587 304
3 574 291 586 388
3 557 254 567 262
3 562 258 573 270
3 167 246 174 261
3 452 221 470 246
3 515 217 526 243
3 515 195 524 216
3 292 237 310 262
5 44 278 75 292
5 34 284 43 298
5 89 278 99 294
5 100 273 120 286
5 122 274 140 287
5 140 271 162 282
5 164 272 181 286
5 183 274 192 285
5 167 287 179 297
5 204 273 236 287
5 192 273 204 277
5 234 269 248 278
5 236 278 246 297
5 256 268 266 278
5 249 267 256 273
5 297 269 311 280
5 314 267 321 274
5 322 269 342 277
5 394 268 410 286
5 413 264 434 275
5 435 265 452 274
5 451 262 458 275
5 573 258 586 268
5 523 262 535 274
5 544 261 557 270
5 206 261 232 272
5 233 258 247 269
