34
1 42 269 110 435
1 111 286 156 399
1 177 285 222 395
1 208 270 273 428
1 246 286 293 400
1 294 252 325 331
1 322 287 367 396
1 369 266 437 434
1 414 262 439 326
1 452 288 496 398
1 472 264 497 324
1 443 262 467 323
1 489 269 512 327
1 509 268 572 423
1 614 294 655 394
1 640 273 700 423
1 688 290 729 391
1 737 273 797 419
1 534 213 545 240
1 495 213 507 246
1 164 267 184 316
1 151 274 165 312
1 155 215 165 240
1 146 186 156 213
1 106 210 122 251
1 268 263 287 313
1 181 267 199 313
1 202 265 219 309
1 219 266 233 302
1 563 274 584 328
1 539 265 565 330
1 593 271 614 324
4 303 179 437 288
4 210 183 310 286
