49
1 368 213 465 451
1 265 216 360 450
1 173 182 238 341
1 243 200 295 330
1 314 178 372 321
1 431 189 499 356
1 131 183 184 315
1 201 181 260 324
1 65 161 109 268
1 16 134 83 298
1 96 158 146 282
1 9 115 39 191
1 403 106 417 141
1 411 108 424 140
1 421 112 432 140
1 621 101 636 137
1 608 96 624 135
1 594 104 606 135
1 586 103 600 139
1 571 103 584 138
1 563 102 575 135
1 544 100 559 137
1 536 100 551 136
1 524 104 539 141
1 508 102 523 138
1 517 103 531 140
1 484 107 494 134
1 498 108 510 139
1 291 108 305 142
1 451 106 464 138
3 223 162 243 192
3 254 149 276 175
3 269 159 288 179
3 303 156 324 178
3 339 125 397 184
3 394 172 426 203
3 368 184 385 209
3 379 192 406 216
3 306 183 341 217
3 283 172 317 205
3 157 153 182 179
3 126 152 160 174
3 116 136 138 156
3 227 144 257 166
3 193 140 219 153
3 145 110 184 150
5 39 111 220 142
5 317 99 440 148
5 228 106 335 145
