30
1 10 133 58 251
1 55 174 90 262
1 77 156 109 236
1 87 124 142 262
1 120 126 176 265
1 179 160 210 238
1 217 122 246 194
1 29 87 48 135
1 0 90 14 140
1 369 120 405 208
1 352 126 382 199
1 109 96 127 140
3 14 98 33 122
3 54 102 63 132
3 65 101 84 131
3 75 96 95 133
3 129 101 141 117
3 135 86 152 101
3 147 91 161 115
3 315 95 339 126
3 328 109 350 130
3 247 180 300 214
3 213 183 248 227
3 184 216 219 268
3 214 221 261 266
3 246 194 292 258
3 281 209 345 267
3 307 205 370 264
3 314 165 357 213
3 279 140 330 196
