30
1 5 216 28 273
1 759 223 810 348
1 722 241 757 328
1 625 239 660 327
1 654 235 687 317
1 670 245 703 327
1 699 242 731 321
1 612 241 641 314
1 598 245 624 310
1 585 246 615 320
1 561 236 590 309
1 536 242 560 303
1 810 237 853 349
1 778 242 825 359
1 638 238 671 320
1 32 222 51 269
1 4 228 25 280
1 517 235 544 303
3 594 229 610 250
3 618 228 625 246
3 629 231 641 244
3 744 231 761 256
3 756 224 768 246
3 762 228 783 250
3 713 233 723 255
3 696 229 718 245
3 689 230 705 249
3 658 235 676 253
3 577 227 592 249
3 561 233 572 254
