54
1 165 157 189 217
1 175 169 198 227
1 203 168 231 237
1 252 174 277 237
1 239 113 259 164
1 204 92 221 135
1 53 42 67 80
1 384 223 414 299
1 279 176 301 233
1 311 172 335 231
1 306 132 325 180
1 334 113 355 164
1 394 334 432 430
1 430 313 470 410
1 379 387 430 511
1 439 227 477 321
1 400 203 429 275
1 503 163 526 222
1 498 212 523 276
1 548 165 573 229
1 579 157 604 221
1 636 130 654 176
1 744 137 762 184
1 729 104 744 141
1 624 63 640 102
1 634 67 648 104
1 538 68 551 99
1 494 74 509 113
1 471 77 484 111
1 403 93 419 134
1 374 142 399 203
1 366 192 393 258
1 427 172 451 234
1 305 105 321 145
1 239 52 252 83
1 251 38 263 71
1 284 72 300 111
1 574 341 613 438
1 688 330 725 421
1 558 258 594 349
1 666 231 695 301
1 802 139 819 186
1 402 51 415 86
1 549 59 561 92
1 371 52 384 86
1 73 87 94 141
1 135 80 146 106
1 719 302 767 422
1 791 256 819 351
1 451 63 464 98
3 607 386 665 471
5 380 11 534 89
5 272 0 368 61
5 39 6 150 92
