42
1 44 315 93 435
1 0 323 28 435
1 12 325 54 428
1 24 291 57 373
1 21 237 41 287
1 0 234 19 289
1 147 307 175 378
1 169 280 200 356
1 283 137 290 156
1 335 129 342 148
1 345 129 353 148
1 372 112 376 124
1 397 132 403 150
1 408 134 414 152
1 411 146 420 167
1 424 145 432 165
1 445 153 453 176
1 461 174 474 207
1 481 205 494 239
1 506 152 513 170
1 490 143 497 163
1 325 222 345 270
1 373 322 430 461
1 419 322 481 477
1 432 306 501 476
1 493 308 526 392
1 538 313 566 385
1 802 286 832 359
1 865 312 898 392
1 896 281 921 342
1 725 219 739 255
1 627 146 631 158
1 642 142 652 166
1 575 126 579 139
1 455 255 482 322
1 417 266 441 326
1 416 239 437 292
1 412 201 429 244
2 582 173 589 193
2 545 153 549 166
3 202 289 255 360
3 382 241 411 282
