32
1 0 328 83 551
1 74 326 168 556
1 142 324 242 567
1 226 324 328 576
1 309 326 415 588
1 386 302 473 516
1 466 328 581 611
1 559 330 681 627
1 655 314 748 541
1 686 325 814 640
1 747 304 846 548
1 809 328 947 665
1 971 305 1071 552
1 1021 328 1168 686
1 989 258 1018 330
1 1021 252 1049 324
1 1079 247 1109 322
1 471 284 496 346
1 251 291 275 353
1 57 304 92 389
1 925 265 951 329
3 82 298 104 321
3 105 308 119 326
3 179 296 201 314
3 211 290 237 319
3 574 291 605 319
3 604 260 638 294
3 403 293 430 317
3 18 281 27 303
3 152 310 182 340
3 131 281 158 308
3 434 298 446 314
