39
1 15 440 54 537
1 21 423 68 539
1 60 436 114 571
1 140 457 184 567
1 249 476 279 551
1 264 465 298 548
1 290 468 314 530
1 311 453 345 537
1 331 443 368 536
1 356 443 390 528
1 624 437 678 571
1 562 452 590 524
1 528 443 558 516
1 510 444 540 520
1 486 462 509 520
1 444 452 476 533
1 218 443 257 539
1 199 465 223 527
1 100 447 139 544
1 576 438 608 518
1 593 440 625 519
1 614 454 639 514
1 660 445 688 517
1 858 424 900 595
1 748 459 803 597
1 692 455 748 593
1 817 438 842 502
1 791 436 819 508
1 769 442 809 543
1 716 433 749 514
1 843 442 872 514
1 206 465 233 530
1 112 454 146 538
1 408 484 454 596
1 390 474 438 594
3 249 445 278 477
3 186 402 209 430
3 159 442 190 469
3 385 452 435 513
