43
1 0 129 16 204
1 20 142 38 189
1 7 143 26 191
1 76 141 98 194
1 48 148 63 188
1 68 147 84 187
1 167 153 189 207
1 214 158 238 218
1 361 154 391 227
1 423 143 449 206
1 458 158 488 233
1 375 143 397 197
1 399 144 420 198
1 311 161 324 193
1 316 150 334 193
1 283 161 294 190
1 293 150 312 196
1 269 146 288 193
1 257 149 276 195
1 101 158 114 190
1 88 157 100 188
1 64 164 72 185
1 139 158 152 193
1 148 156 162 194
1 189 158 202 191
1 116 157 128 187
3 106 169 120 191
3 107 144 115 153
3 122 145 131 153
3 139 145 149 158
3 153 146 168 156
3 164 143 175 159
3 187 141 200 158
3 203 143 217 160
3 246 147 263 161
3 234 145 245 160
3 215 143 237 160
3 354 148 375 169
3 334 151 353 165
3 319 165 367 217
3 219 158 276 221
3 386 172 445 229
3 459 144 480 165
