53
1 51 267 162 537
1 28 266 128 513
1 19 277 101 480
1 15 273 89 453
1 4 261 73 430
1 0 260 55 396
1 0 256 50 394
1 172 251 199 320
1 222 264 260 358
1 241 268 274 351
1 261 265 300 363
1 300 266 341 367
1 328 268 371 373
1 351 265 391 366
1 404 271 461 411
1 412 281 478 442
1 466 287 533 451
1 453 271 506 404
1 530 275 588 420
1 545 275 623 467
1 580 274 643 431
1 625 277 692 440
3 143 311 189 406
3 188 306 238 403
3 243 307 274 404
3 295 300 347 395
3 347 298 391 392
3 393 305 426 389
3 153 222 191 260
3 193 231 228 258
3 229 238 269 261
3 272 218 306 235
3 271 239 308 270
3 309 241 334 263
3 338 238 374 269
3 375 233 419 270
3 419 237 459 271
3 459 238 493 264
3 489 218 512 243
3 494 243 509 264
3 519 255 547 295
3 625 276 640 303
3 570 271 592 306
3 646 221 670 244
3 689 216 713 244
3 683 285 703 320
3 701 272 715 300
3 520 91 549 117
3 551 90 601 113
3 604 85 633 105
3 634 71 672 96
3 674 51 719 93
3 530 159 713 176
