30
1 0 333 96 625
1 147 337 264 623
1 637 305 768 624
1 443 302 575 625
1 400 301 531 622
1 765 78 839 261
1 243 199 371 511
1 164 193 307 542
1 332 133 427 364
1 744 307 875 626
1 868 300 940 624
1 286 93 376 312
1 208 70 276 237
1 264 78 330 238
1 425 146 506 345
1 620 48 670 172
1 641 99 710 269
3 243 37 277 77
3 365 40 391 74
3 349 77 389 121
3 408 85 440 119
3 448 71 508 139
3 596 113 694 236
3 718 191 814 291
3 747 265 831 370
3 608 206 691 301
3 617 256 693 358
3 472 182 539 303
3 222 175 279 249
3 394 100 432 164
