30
1 611 1450 665 1584
1 688 1421 734 1535
1 863 1334 933 1505
1 836 1322 880 1429
1 439 1503 500 1651
1 409 1524 465 1661
1 513 1506 548 1593
1 551 1492 586 1579
1 352 1541 408 1680
1 310 1561 380 1731
1 270 1573 332 1726
1 247 1602 299 1729
1 130 1657 154 1719
1 112 1670 136 1729
1 91 1676 112 1730
1 210 1623 247 1713
1 486 1517 518 1596
1 944 1333 973 1404
1 997 1351 1013 1393
1 1041 1266 1155 1544
1 1103 1287 1128 1349
1 1127 1261 1155 1332
1 663 1416 700 1510
1 634 1432 669 1517
1 496 1509 531 1594
1 760 1406 783 1464
1 743 1416 766 1474
1 777 1406 804 1472
1 921 1350 940 1400
5 652 1266 1154 1488
