66
1 0 276 29 364
1 9 278 46 371
1 53 282 89 371
1 91 280 130 377
1 75 290 108 372
1 132 283 165 367
1 116 289 147 366
1 154 282 187 362
1 172 282 208 370
1 204 285 235 361
1 218 285 254 374
1 240 284 275 369
1 251 286 284 367
1 265 284 304 380
1 289 286 325 373
1 306 291 338 371
1 318 290 354 377
1 347 266 398 391
1 341 290 375 374
1 373 290 408 379
1 386 291 421 379
1 411 287 447 378
1 444 294 478 376
1 465 289 501 378
1 480 287 518 383
1 499 287 538 383
1 520 291 556 381
1 537 297 569 378
1 550 291 588 385
1 570 288 607 379
1 588 290 624 377
1 610 292 647 384
3 0 17 20 46
3 17 16 31 45
3 37 16 52 48
3 57 15 82 49
3 85 17 98 46
3 96 18 127 48
3 127 18 181 50
3 181 16 234 49
3 235 25 305 80
3 306 32 356 78
3 181 0 334 23
3 353 31 428 72
3 426 31 428 45
3 428 31 535 81
3 538 31 642 69
3 566 2 738 18
3 644 26 744 64
3 0 47 55 134
3 55 48 104 121
3 103 50 169 123
3 172 51 230 113
3 236 74 362 120
3 363 75 595 122
3 596 67 743 122
3 1 133 65 242
3 67 128 144 242
3 144 128 205 239
3 205 122 271 239
3 271 122 355 245
3 355 125 453 245
3 453 125 571 250
3 571 130 650 250
3 651 128 717 248
3 717 124 746 248
