33
1 22 85 34 116
1 34 82 48 120
1 52 81 65 114
1 63 82 85 135
1 79 81 90 108
1 87 84 104 126
1 93 89 115 142
1 31 108 65 191
1 117 94 142 155
1 114 81 131 122
1 106 73 120 107
1 134 74 144 99
1 143 87 162 136
1 159 98 190 177
1 191 90 218 156
1 206 86 226 134
1 157 69 167 97
1 177 72 187 97
1 188 83 200 116
1 224 105 260 193
1 250 94 280 171
1 242 86 264 142
1 226 72 241 110
1 269 85 287 129
1 278 85 294 125
1 274 112 300 212
3 195 69 211 80
3 215 73 224 89
3 245 70 257 83
3 262 69 270 88
3 293 71 298 90
3 185 80 197 99
3 155 75 180 91
