29
1 38 134 67 205
1 46 122 73 190
1 84 123 108 183
1 80 130 110 206
1 74 150 97 209
1 104 124 141 216
1 120 133 148 204
1 161 136 191 213
1 169 137 203 223
1 185 135 218 217
1 195 137 231 227
1 223 123 253 196
1 227 124 259 204
1 253 135 270 180
1 253 139 280 207
1 281 140 295 177
1 298 141 315 185
1 293 129 312 175
1 309 135 326 179
1 323 133 342 181
1 337 134 352 170
1 345 137 360 173
1 358 137 369 167
1 368 137 380 170
1 375 135 388 170
1 380 133 393 167
1 385 131 400 175
3 259 124 275 137
3 312 118 332 139
