35
1 0 478 64 635
1 31 466 86 600
1 54 509 99 620
1 72 504 126 638
1 120 495 175 633
1 158 506 213 643
1 181 488 224 596
1 224 525 272 643
1 244 484 307 640
1 268 473 325 615
1 323 504 380 643
1 335 474 398 630
1 358 481 423 643
1 412 508 466 642
1 426 476 491 634
1 483 510 534 636
1 509 483 568 630
1 549 514 600 639
1 578 511 631 641
1 544 432 595 558
1 600 449 663 602
1 646 481 709 635
1 660 425 726 585
1 687 522 737 643
1 687 413 757 583
1 776 487 837 635
1 749 423 826 614
1 830 421 897 587
1 846 439 915 611
1 897 393 965 558
1 932 460 989 602
3 43 368 97 431
3 868 351 903 392
3 928 365 974 402
3 992 391 1019 418
