34
1 209 24 304 255
1 379 12 400 91
1 375 17 390 56
1 347 15 382 102
1 341 18 368 84
1 324 15 353 85
1 317 19 339 76
1 302 18 329 87
1 287 14 317 88
1 276 21 297 76
1 265 20 285 68
1 221 14 247 80
1 205 18 228 77
1 197 25 221 84
1 186 24 208 79
1 167 23 193 89
1 157 23 184 91
1 137 23 166 93
1 146 21 170 83
1 115 23 137 78
1 98 10 127 84
1 89 25 113 84
1 59 21 86 86
1 52 19 80 87
1 34 16 63 87
1 18 23 43 84
1 8 20 36 89
1 0 18 17 90
3 77 21 90 31
3 148 4 154 20
3 166 12 186 19
3 220 16 228 26
3 245 13 254 27
3 261 16 269 30
