65
1 77 146 109 227
1 92 148 125 229
1 550 40 649 282
3 38 196 63 227
3 29 266 43 302
3 46 257 77 303
3 107 244 127 310
3 125 241 149 295
3 27 358 54 407
3 52 340 88 404
3 112 343 136 399
3 144 347 173 397
3 176 241 204 294
3 205 256 223 301
3 227 259 252 297
3 223 240 244 255
3 132 125 154 212
3 159 123 186 207
3 207 119 240 165
3 187 124 203 191
3 266 97 289 138
3 292 91 311 136
3 314 85 339 130
3 263 180 275 219
3 276 175 296 220
3 298 175 320 217
3 320 173 335 215
3 261 231 277 276
3 275 230 297 272
3 296 228 326 270
3 326 226 343 266
3 197 359 225 411
3 227 358 251 400
3 256 382 277 403
3 276 317 305 354
3 369 209 396 246
3 393 214 415 241
3 353 81 380 105
3 383 79 405 114
3 405 71 434 99
3 338 330 351 347
3 352 327 363 346
3 369 331 377 351
3 383 329 402 345
3 403 328 414 347
3 413 329 426 349
3 430 333 441 346
3 464 330 493 339
3 485 353 521 364
3 493 326 533 346
3 531 354 567 378
3 567 358 595 391
3 586 355 599 370
3 606 362 624 376
3 622 360 642 373
3 645 359 661 371
3 651 334 674 355
3 632 331 649 350
3 611 334 629 347
3 534 328 607 348
3 472 183 497 220
3 491 183 524 216
3 458 67 493 107
3 509 58 550 91
3 637 63 658 87
