66
1 174 75 185 101
1 152 66 162 90
1 163 66 171 88
1 170 67 178 88
1 187 67 196 88
1 192 66 201 88
1 194 63 203 88
1 204 56 213 77
1 209 58 219 83
1 226 43 235 66
1 239 40 246 59
1 232 8 241 30
1 241 13 250 35
1 258 10 266 32
1 266 3 273 23
1 290 34 298 56
1 2 131 14 164
1 9 125 22 156
1 24 134 36 166
1 36 133 48 164
1 51 137 61 162
1 42 68 51 92
1 26 65 33 84
1 55 66 64 91
1 69 63 78 84
1 81 72 88 90
1 114 68 122 90
1 123 70 130 90
1 130 70 138 90
1 136 72 144 91
1 142 65 150 88
1 107 70 113 87
1 6 69 13 89
1 20 59 28 82
1 14 164 27 197
1 43 168 54 196
1 61 166 72 196
1 72 141 82 169
1 83 170 94 197
1 98 166 109 195
1 115 166 127 196
1 126 166 138 195
1 142 170 151 195
1 155 176 163 197
1 170 148 182 177
1 182 143 192 169
1 185 171 195 197
1 199 168 210 194
1 214 166 225 195
1 224 165 236 195
1 236 166 249 197
1 252 166 263 196
1 260 167 271 195
1 277 172 285 194
1 282 167 291 192
1 87 137 96 160
1 95 133 105 159
1 103 134 114 161
3 10 15 113 45
3 113 41 207 67
3 85 61 118 84
3 117 8 206 41
3 5 124 131 161
3 133 124 271 157
3 171 114 184 122
3 273 127 295 168
