32
1 355 198 386 276
1 465 186 482 229
1 493 193 506 228
1 498 185 515 226
1 509 183 526 226
1 526 184 543 225
1 553 186 569 227
1 571 185 586 225
1 582 180 600 226
1 439 184 453 222
1 419 191 431 221
1 411 194 423 223
1 399 191 411 224
1 391 195 405 229
1 384 193 397 228
1 375 190 390 228
1 338 195 352 230
1 325 199 337 228
1 287 201 297 227
1 278 200 289 226
1 270 199 282 228
1 263 196 276 227
1 256 197 267 225
1 191 200 202 229
1 198 197 210 228
1 29 205 38 228
1 117 202 126 227
1 210 208 219 231
1 217 201 227 229
1 231 203 242 230
1 224 203 233 228
5 1 207 192 230
