81
1 180 235 197 278
1 164 240 177 273
1 252 238 268 277
1 274 235 288 269
1 286 236 300 271
1 297 240 310 272
1 306 235 325 281
1 348 230 361 264
1 362 235 385 291
1 397 238 409 268
1 409 239 422 270
1 422 232 445 288
1 466 235 480 272
1 523 229 543 279
1 573 228 593 277
1 620 227 634 263
1 675 229 688 263
1 658 227 670 260
1 490 222 505 260
1 147 233 158 263
1 49 240 60 267
3 2 390 37 407
3 136 387 170 411
3 218 384 242 404
3 300 378 325 393
3 406 355 428 369
3 423 372 448 384
3 483 347 508 366
3 524 356 550 380
3 585 358 612 376
3 673 347 690 370
3 22 305 41 319
3 59 309 81 327
3 98 309 121 324
3 125 307 135 319
3 154 312 165 325
3 185 312 201 320
3 206 301 216 316
3 232 310 247 322
3 275 312 300 323
3 314 308 338 323
3 359 307 371 321
3 375 310 387 320
3 410 304 426 319
3 466 302 486 319
3 520 305 545 325
3 575 309 600 325
3 642 299 658 315
3 34 268 47 283
3 49 269 60 279
3 62 271 72 285
3 71 269 82 278
3 132 262 145 279
3 150 261 165 274
3 173 268 185 284
3 203 268 211 281
3 211 261 224 269
3 220 268 237 279
3 235 260 245 270
3 248 269 259 282
3 270 267 280 278
3 279 264 292 279
3 282 277 292 285
3 295 278 302 289
3 300 271 312 282
3 337 266 351 282
3 357 266 368 276
3 392 267 403 280
3 414 268 429 278
3 441 272 455 284
3 452 262 465 275
3 510 267 522 277
3 495 255 509 268
3 536 259 546 269
3 543 254 555 268
3 561 253 577 267
3 585 253 601 265
3 612 263 621 276
3 630 266 643 278
3 651 260 664 270
3 672 260 686 272
