36
1 29 0 66 93
1 51 1 86 90
1 62 0 99 90
1 96 1 123 70
1 0 46 48 174
1 65 180 124 323
1 84 140 151 303
1 227 171 289 326
1 346 125 405 269
1 332 107 393 256
1 91 74 114 131
1 125 82 149 140
1 173 55 203 132
3 84 24 109 45
3 276 66 309 82
3 224 27 257 39
3 225 11 237 22
3 200 2 221 11
3 208 45 226 64
3 67 119 86 135
3 63 137 87 152
3 73 159 99 183
3 235 157 266 177
3 241 140 268 159
3 107 72 128 82
3 130 65 142 75
3 137 53 152 69
3 145 45 157 58
3 187 46 204 67
3 170 38 183 51
3 251 2 268 13
3 275 3 292 14
3 249 81 262 92
3 220 83 235 97
3 233 85 244 99
3 394 2 411 22
