31
1 328 369 386 513
1 466 360 526 509
1 509 363 554 476
1 609 367 649 466
1 625 366 670 478
1 648 361 693 472
1 745 371 775 448
1 786 408 825 505
1 814 366 877 519
1 927 354 979 482
1 992 364 1029 455
1 1028 366 1078 489
1 373 378 401 447
1 95 374 130 462
1 0 368 36 463
1 1243 378 1280 506
1 1225 368 1255 442
1 1174 378 1196 432
1 1182 398 1203 450
3 1114 399 1136 422
3 1108 423 1144 454
3 1131 411 1170 448
3 978 401 1005 449
3 905 416 934 449
3 143 399 167 441
3 161 394 192 436
3 263 397 282 438
3 284 402 305 440
3 308 398 333 443
3 562 389 588 447
3 596 391 623 446
