30
1 451 173 492 273
1 400 178 437 271
1 480 171 520 271
1 498 169 538 267
1 522 173 550 267
1 147 189 187 286
1 114 190 152 283
1 82 195 116 280
3 20 217 43 234
3 49 217 73 236
3 41 184 62 203
3 40 167 55 183
3 150 168 168 182
3 174 170 188 187
3 177 151 191 165
3 167 137 176 153
3 195 179 206 195
3 213 183 230 204
3 231 178 250 204
3 213 158 226 170
3 259 174 277 197
3 280 179 294 195
3 302 166 318 183
3 330 179 346 192
3 337 166 355 177
3 351 180 365 193
3 377 175 393 192
3 378 160 394 171
3 431 163 445 184
5 50 131 498 162
