32
1 38 163 131 389
1 97 177 184 389
1 157 186 240 388
1 213 183 295 385
1 250 188 331 387
1 299 179 387 393
1 351 178 438 390
1 398 172 489 393
1 461 188 544 391
1 518 161 612 392
3 91 128 115 151
3 130 141 152 162
3 110 154 140 175
3 60 155 81 175
3 168 137 191 153
3 162 155 194 182
3 202 133 236 154
3 221 160 250 183
3 252 144 270 162
3 271 154 293 181
3 298 137 319 156
3 313 155 337 174
3 345 135 367 153
3 362 154 385 180
3 392 134 419 155
3 409 161 429 182
3 444 141 467 164
3 477 135 512 158
3 516 149 543 170
3 467 167 494 183
3 552 141 584 161
3 605 222 627 246
