30
1 0 150 19 216
1 31 154 63 233
1 84 149 124 250
1 71 150 96 212
1 112 150 141 222
1 130 152 150 202
1 176 150 209 232
1 169 150 194 210
1 212 156 225 187
1 222 154 244 207
1 236 152 264 222
1 261 154 275 192
1 269 156 286 201
1 277 141 322 250
1 330 156 351 208
1 341 158 354 190
1 350 155 368 201
1 362 156 389 221
1 379 158 394 194
1 391 156 402 186
1 409 160 422 192
1 423 160 441 205
1 421 160 430 181
1 445 160 455 185
1 452 160 461 184
1 458 161 472 196
1 477 162 487 190
3 8 149 21 176
3 54 150 64 172
3 163 154 170 175
