34
1 5 92 59 223
1 73 173 140 340
1 122 111 181 257
1 142 111 194 240
1 178 98 232 233
1 379 146 449 320
1 369 144 424 282
1 356 81 413 221
1 454 187 517 341
1 517 129 580 284
1 491 119 542 246
1 541 120 594 251
1 71 75 94 133
1 92 75 112 125
1 112 71 129 114
1 102 77 119 119
3 0 66 25 88
3 47 76 71 98
3 123 70 145 94
3 149 69 164 84
3 164 79 174 95
3 150 84 166 97
3 172 79 190 94
3 171 64 183 79
3 190 65 212 85
3 192 85 208 97
3 267 71 293 107
3 297 79 317 105
3 315 79 337 106
3 238 66 252 85
3 252 66 270 81
3 445 73 458 92
3 468 77 483 99
5 332 62 417 90
