141
1 148 60 163 98
1 159 62 174 101
1 169 67 183 104
1 180 68 196 107
1 192 68 208 109
1 209 71 225 112
1 224 73 240 114
1 237 75 253 116
1 254 77 270 119
1 269 81 286 123
1 285 83 302 126
1 298 86 315 127
1 308 87 325 130
1 318 90 336 133
1 331 89 350 135
1 344 94 361 137
1 361 97 377 139
1 378 102 394 143
1 390 104 407 149
1 403 105 418 144
1 404 119 420 159
1 414 112 432 155
1 424 109 438 146
1 380 118 398 162
1 361 120 379 167
1 344 122 363 169
1 324 126 341 171
1 312 128 331 177
1 297 131 316 180
1 282 134 302 184
1 265 135 285 183
1 250 136 271 189
1 232 142 252 191
1 219 143 240 197
1 206 148 227 202
1 189 147 214 209
1 173 154 192 203
1 155 155 177 212
1 140 161 161 214
1 124 163 146 218
1 243 49 257 84
1 254 47 267 80
1 263 44 278 81
1 274 43 287 78
1 285 43 297 75
1 298 39 311 74
1 314 38 327 71
1 332 38 344 68
1 344 36 356 66
1 350 33 364 67
1 357 29 372 66
1 366 35 377 65
1 256 17 270 53
1 244 15 258 53
1 235 17 247 47
1 225 13 238 47
1 217 12 230 46
1 210 11 222 42
1 198 10 211 43
1 188 11 200 40
1 178 5 192 39
1 167 6 180 37
1 161 4 173 36
3 27 197 50 225
3 55 198 76 219
3 87 195 110 219
3 112 196 133 218
3 135 198 163 217
3 169 195 195 218
3 201 196 224 219
3 232 198 250 220
3 255 196 284 218
3 300 204 319 228
3 322 198 349 218
3 359 195 378 223
3 387 203 402 224
3 405 198 430 226
3 435 195 462 219
3 467 200 497 221
3 504 203 527 224
3 534 203 549 222
3 7 219 36 249
3 46 220 71 248
3 75 221 96 243
3 108 221 129 245
3 136 215 163 243
3 172 222 194 242
3 200 222 222 237
3 232 224 256 238
3 271 223 290 243
3 303 229 320 239
3 331 223 350 244
3 359 224 377 245
3 388 225 413 240
3 440 220 472 243
3 490 223 512 249
3 527 224 547 248
3 513 252 539 268
3 481 252 506 277
3 444 245 463 267
3 412 247 434 273
3 374 250 395 271
3 342 247 361 269
3 301 243 327 266
3 271 244 294 266
3 235 243 255 266
3 206 244 225 266
3 173 244 196 268
3 139 244 161 263
3 110 246 126 264
3 74 242 93 268
3 36 244 58 266
3 14 248 30 267
3 31 269 58 311
3 65 273 90 307
3 100 270 125 307
3 139 267 163 312
3 173 269 198 308
3 208 272 230 307
3 237 272 263 311
3 273 272 297 311
3 308 270 335 309
3 349 271 379 307
3 384 275 407 311
3 420 273 444 310
3 453 274 482 309
3 484 277 509 313
3 520 279 546 309
3 168 50 180 64
3 182 56 192 66
3 191 54 203 64
3 201 53 210 64
3 213 51 223 59
3 266 16 278 32
3 277 17 287 33
3 287 19 298 30
3 300 23 311 33
3 310 24 322 36
3 325 24 334 35
3 335 24 345 35
3 346 25 354 33
