42
1 333 189 383 312
1 300 171 340 270
1 268 185 305 277
1 232 176 279 290
1 192 177 229 270
1 143 187 185 291
1 175 180 203 252
1 319 168 354 253
1 420 181 457 275
1 457 187 500 296
1 350 182 390 282
1 89 180 126 272
1 163 152 179 192
1 173 152 189 191
1 200 153 214 191
1 212 179 237 241
1 81 200 114 282
3 72 265 100 315
3 0 232 26 293
3 24 197 49 223
3 83 173 100 186
3 126 172 135 197
3 113 169 125 181
3 145 159 160 184
3 34 135 46 156
3 47 137 56 161
3 55 137 76 171
3 370 159 385 169
3 353 163 364 184
3 377 168 391 188
3 299 170 314 184
3 282 171 294 183
3 262 165 275 184
3 255 167 262 180
3 230 170 244 194
3 71 177 86 195
3 94 153 106 170
3 83 156 93 170
3 272 151 282 167
5 106 143 267 158
5 294 150 392 168
5 1 143 78 216
