37
1 52 177 114 329
1 0 179 58 329
1 393 165 488 398
1 479 169 553 352
1 509 166 598 383
1 543 168 600 333
1 456 169 524 337
1 296 172 378 374
1 190 153 289 395
1 241 163 335 393
1 19 186 78 332
1 96 183 151 320
1 73 190 128 325
1 157 179 211 314
1 339 182 388 303
1 364 224 396 304
1 374 180 420 295
3 3 173 15 205
3 126 161 144 181
3 134 184 142 211
3 143 187 151 204
3 172 155 183 173
3 193 157 201 172
3 200 160 210 176
3 198 187 217 210
3 241 178 255 209
3 257 171 277 205
3 345 183 351 206
3 379 176 388 194
3 370 184 380 199
3 457 183 469 204
3 471 181 482 196
3 479 173 494 199
3 581 176 596 199
3 102 176 116 192
3 159 179 166 195
3 27 191 40 213
