41
1 35 177 122 391
1 136 204 202 365
1 187 198 240 329
1 318 189 349 266
1 342 190 370 259
1 383 186 413 259
1 419 183 446 248
1 129 182 160 259
1 103 171 133 248
1 3 199 33 275
3 276 241 319 385
3 485 242 540 340
3 376 283 443 398
3 559 246 589 312
3 560 226 576 250
3 578 219 593 247
3 529 224 552 246
3 450 222 481 246
3 174 171 187 199
3 163 175 171 198
3 250 194 265 214
3 227 228 250 275
3 22 177 41 204
3 47 175 65 203
3 304 183 322 215
3 286 186 300 220
3 272 179 292 201
3 444 191 459 217
3 452 180 462 194
3 468 184 476 216
3 316 219 342 253
3 126 175 138 209
3 103 163 113 178
3 140 167 152 174
3 58 159 70 174
3 45 160 57 173
3 18 162 30 174
3 196 189 212 208
3 201 177 218 191
3 89 160 104 175
3 92 177 104 197
