34
1 237 125 299 278
1 403 141 450 259
1 346 161 407 310
1 67 120 130 277
1 90 88 139 209
1 141 104 189 223
1 178 71 218 170
1 213 80 250 170
1 353 79 392 174
1 473 93 513 191
1 439 88 471 168
1 521 112 550 214
1 279 74 313 160
1 234 74 271 166
1 414 67 447 149
1 374 106 416 211
1 357 87 391 173
3 295 108 333 220
3 83 72 107 102
3 107 64 125 89
3 126 73 150 104
3 171 63 191 103
3 203 71 220 96
3 249 61 262 78
3 235 50 243 64
3 278 57 292 72
3 290 63 308 83
3 271 73 287 97
3 238 77 257 111
3 128 185 194 311
3 496 79 510 99
3 470 85 485 113
3 512 88 525 118
3 534 90 547 110
