37
1 842 117 928 326
1 782 102 865 304
1 715 88 797 289
1 632 82 704 261
1 582 68 656 252
1 626 228 732 489
1 454 303 557 557
1 309 319 417 584
1 528 201 599 377
1 420 185 505 396
1 324 184 406 386
1 205 199 299 429
1 47 215 143 451
1 0 173 52 416
1 0 148 77 356
1 18 149 108 368
1 97 144 197 391
1 137 140 223 353
1 179 106 260 305
1 225 134 319 366
1 262 135 345 339
1 302 115 401 359
1 359 126 440 326
3 1 0 22 102
3 66 1 99 90
3 153 1 183 73
3 150 60 178 96
3 195 60 225 93
3 167 94 200 136
3 130 114 163 138
3 73 97 105 140
3 40 104 78 147
3 46 69 80 106
3 91 66 125 103
3 287 99 323 135
3 259 93 284 127
3 223 77 254 124
