30
1 266 86 300 194
1 0 64 16 113
1 10 301 49 398
1 60 306 97 398
1 121 291 165 398
1 162 299 202 396
1 195 303 233 397
1 217 299 244 365
1 242 301 259 346
1 261 306 278 349
1 235 304 248 336
3 116 120 150 191
3 145 116 166 180
3 156 112 176 144
3 167 106 190 138
3 187 106 204 132
3 203 112 225 171
3 208 90 227 108
3 218 104 237 143
3 243 116 283 194
3 286 83 298 117
3 83 288 112 327
3 187 295 212 320
3 216 300 228 312
3 42 420 101 485
3 101 421 141 485
3 147 420 171 486
3 168 425 197 487
3 215 431 250 477
3 249 450 287 506
