37
1 0 128 74 318
1 24 168 101 357
1 51 129 126 314
1 79 160 158 355
1 103 119 183 317
1 130 148 211 349
1 163 128 240 316
1 187 144 271 350
1 218 126 295 317
1 240 150 322 350
1 277 117 356 313
1 294 154 375 351
1 329 121 407 311
1 356 152 437 351
1 385 123 462 312
1 413 153 494 351
1 442 126 518 313
1 475 158 555 356
1 499 126 575 313
3 41 96 77 136
3 79 56 110 92
3 90 96 121 136
3 117 71 147 111
3 143 86 170 128
3 165 66 194 96
3 192 77 225 129
3 221 62 245 95
3 239 88 265 121
3 279 45 307 79
3 276 79 307 116
3 325 81 356 119
3 356 55 381 95
3 377 76 405 114
3 405 59 431 93
3 427 79 460 123
3 459 60 494 89
3 475 90 511 129
