28
1 32 146 59 214
1 55 144 80 207
1 109 146 130 198
1 166 146 186 196
1 223 145 247 206
1 217 143 238 198
1 253 140 279 203
1 276 147 298 201
1 290 152 306 192
1 315 143 337 198
1 349 142 368 191
1 366 144 387 197
1 378 154 399 205
1 406 144 433 212
1 432 142 453 197
3 86 193 120 227
3 140 195 174 226
3 180 202 217 232
3 280 191 311 229
3 327 196 355 224
3 361 198 388 219
3 428 190 457 219
3 381 215 417 239
3 452 215 478 241
3 478 226 527 304
3 509 200 542 231
3 435 264 482 296
3 193 270 232 295
