114
1 215 125 290 310
1 0 147 46 270
1 26 144 77 271
1 50 140 103 270
1 80 140 129 261
1 108 144 156 262
1 146 138 192 251
1 168 135 215 253
1 186 130 235 252
1 208 137 254 249
1 272 142 312 242
1 292 141 331 239
1 315 150 353 242
1 340 148 378 241
1 372 149 407 237
1 386 145 423 235
1 403 145 439 235
3 434 166 463 245
3 469 177 492 241
3 469 140 485 172
3 434 147 449 167
3 92 73 110 132
3 52 107 75 138
3 23 113 48 138
3 2 106 27 136
3 1 56 21 88
3 22 32 38 56
3 9 7 26 27
3 0 15 11 37
3 29 4 44 29
3 46 44 57 63
3 51 35 64 45
3 62 40 73 60
3 92 49 100 60
3 109 34 119 50
3 127 45 143 92
3 149 45 164 93
3 167 47 185 85
3 176 85 189 96
3 203 87 227 128
3 139 109 151 136
3 193 51 204 63
3 192 65 204 85
3 204 71 216 86
3 216 71 224 82
3 211 55 223 71
3 224 56 238 73
3 243 54 261 63
3 263 22 276 64
3 285 19 299 60
3 226 10 241 49
3 176 3 194 41
3 146 7 164 27
3 123 6 138 25
3 139 26 148 42
3 152 28 170 42
3 100 8 108 40
3 83 5 95 38
3 69 0 83 19
3 77 125 88 149
3 106 127 127 154
3 116 81 131 115
3 245 68 260 125
3 265 114 281 139
3 288 111 307 141
3 311 126 339 142
3 339 115 353 149
3 353 115 362 131
3 364 117 375 137
3 376 114 393 134
3 396 115 412 134
3 421 114 429 133
3 452 113 460 133
3 470 116 478 133
3 481 117 494 133
3 265 86 276 100
3 277 84 288 103
3 287 92 303 107
3 298 77 308 91
3 281 61 299 74
3 305 65 321 76
3 312 79 328 91
3 331 76 345 87
3 330 63 341 75
3 346 61 358 71
3 351 76 362 91
3 360 80 373 92
3 336 90 357 106
3 324 89 338 106
3 376 80 390 89
3 367 97 379 108
3 387 95 397 108
3 396 95 411 113
3 303 25 316 57
3 317 28 332 44
3 334 18 344 30
3 346 23 354 36
3 361 53 379 74
3 378 52 391 77
3 404 81 423 95
3 390 73 403 89
3 423 76 432 92
3 437 82 448 96
3 424 95 436 110
3 436 100 448 113
3 464 81 476 102
3 482 87 491 113
3 456 32 473 56
3 466 20 483 38
3 443 16 451 35
3 431 15 441 30
3 421 12 433 30
3 488 40 499 68
5 355 23 495 88
