84
1 109 221 197 435
1 313 214 397 421
1 457 210 523 372
1 523 217 598 403
1 543 196 672 512
1 695 220 766 393
1 621 199 687 361
1 412 213 466 347
1 381 209 433 335
1 289 210 357 379
1 252 215 308 355
1 86 224 153 389
1 11 165 51 264
1 687 190 721 275
1 737 193 767 269
1 770 200 799 272
1 500 37 528 108
1 264 53 292 122
1 759 124 784 185
1 227 211 269 316
1 202 211 242 310
1 125 151 169 262
3 9 79 29 135
3 61 70 84 123
3 98 107 131 165
3 57 127 88 172
3 5 135 48 173
3 72 171 92 230
3 46 170 68 234
3 104 167 132 221
3 193 163 216 205
3 224 185 237 209
3 253 194 262 213
3 261 177 272 198
3 274 166 283 184
3 309 174 331 207
3 340 158 366 215
3 338 125 357 154
3 313 68 338 113
3 338 91 353 125
3 348 90 366 140
3 372 67 390 90
3 375 97 394 146
3 405 123 425 181
3 435 131 457 176
3 462 128 475 176
3 497 127 523 177
3 443 180 463 228
3 469 180 490 230
3 495 188 510 236
3 518 177 540 228
3 416 73 429 95
3 407 99 424 122
3 425 98 442 123
3 434 70 453 107
3 464 78 480 115
3 483 77 504 116
3 527 94 549 134
3 552 96 567 129
3 568 90 584 130
3 587 95 600 128
3 603 95 614 134
3 615 79 623 118
3 591 78 605 93
3 570 81 580 89
3 553 80 563 93
3 661 88 685 127
3 693 86 718 121
3 666 127 691 169
3 545 180 573 228
3 581 186 602 233
3 602 181 619 197
3 628 182 645 200
3 654 168 669 216
3 682 169 703 207
3 707 168 721 209
3 723 168 736 201
3 749 170 768 201
3 759 202 772 236
3 772 166 788 205
3 740 138 757 167
3 724 137 738 165
3 694 133 716 164
3 708 122 724 132
