29
1 113 124 198 331
1 302 108 389 323
1 367 113 410 220
1 386 106 429 212
1 206 114 255 237
1 287 112 337 233
1 190 118 230 219
1 158 131 206 248
1 105 125 159 256
1 33 117 91 259
1 0 106 36 255
1 81 106 127 220
1 65 108 98 189
1 12 118 46 201
1 229 102 260 179
1 303 93 309 110
3 36 108 48 135
3 86 105 96 124
3 119 107 128 129
3 161 97 170 112
3 170 104 182 121
3 185 103 200 132
3 246 96 262 122
3 278 95 283 115
3 283 97 296 131
3 377 101 394 119
3 442 93 452 120
5 0 90 246 109
5 258 87 437 105
