43
1 0 161 54 375
1 0 195 72 371
1 44 202 112 371
1 111 192 182 367
1 137 211 200 365
1 167 215 229 369
1 196 215 260 373
1 234 229 293 374
1 255 231 312 371
1 278 222 339 371
1 309 229 366 370
1 330 236 385 373
1 342 230 402 380
1 369 258 420 386
1 380 256 432 383
1 407 253 461 385
1 427 261 478 385
1 455 256 506 381
1 467 256 516 376
1 477 257 524 373
1 491 259 540 378
1 517 260 563 374
1 531 263 576 374
1 546 265 589 372
1 564 271 605 373
1 580 258 624 366
1 601 251 648 366
1 616 260 656 361
1 638 260 680 364
1 663 264 701 367
1 670 250 701 366
3 37 209 65 246
3 94 206 119 250
3 174 211 195 249
3 237 220 258 255
3 312 228 332 259
3 374 231 389 257
3 460 242 471 263
3 503 241 527 258
3 537 243 556 265
3 577 247 596 269
3 657 252 677 268
3 191 9 586 164
