33
1 164 321 213 444
1 332 310 452 606
1 442 318 529 533
1 745 339 867 640
1 872 326 920 444
1 958 330 1011 463
1 992 339 1024 440
1 682 331 710 403
1 614 335 639 399
1 556 336 579 392
1 518 328 552 411
1 0 314 28 420
1 45 331 71 397
1 17 325 45 393
1 81 324 108 393
1 137 329 152 366
1 36 324 62 389
1 128 331 143 369
1 153 330 163 355
1 284 332 293 354
1 307 332 317 358
1 318 333 328 360
1 345 333 355 360
1 353 333 366 368
1 361 336 371 364
1 421 334 452 409
1 452 333 471 382
1 442 338 457 377
1 507 334 530 390
3 697 375 722 421
3 854 390 879 442
5 47 313 175 359
5 191 329 250 350
