40
1 187 150 239 280
1 265 147 297 227
1 319 143 345 209
1 359 139 382 195
1 127 139 163 228
1 172 135 197 197
1 74 138 104 213
1 55 134 81 199
1 36 126 62 189
1 11 124 33 179
1 1 124 21 173
1 117 126 132 166
1 103 130 123 178
1 308 130 330 187
1 376 127 387 155
1 301 122 311 149
1 293 127 304 156
1 254 126 269 162
1 244 130 256 162
1 394 126 400 146
1 159 123 177 169
1 327 123 335 142
1 333 125 339 142
1 340 128 352 159
1 350 139 365 179
1 355 128 368 162
3 283 121 296 132
3 227 134 239 149
3 238 123 247 138
3 191 127 203 142
3 202 121 212 135
3 32 120 42 128
3 40 118 50 128
3 62 122 70 128
3 75 121 82 129
3 83 119 92 130
3 109 120 116 128
3 142 124 147 131
3 182 123 189 131
5 7 114 238 129
