56
1 46 219 132 432
1 164 225 235 402
1 270 219 336 383
1 330 215 393 371
1 408 222 461 351
1 462 215 511 336
1 497 213 547 334
1 570 223 606 312
1 585 221 621 309
1 608 232 636 300
1 618 226 647 297
1 638 226 666 296
1 651 231 675 289
1 665 229 691 293
1 678 227 699 278
1 691 229 713 284
1 703 229 721 273
1 713 231 731 278
1 719 227 737 274
1 725 230 744 277
1 736 230 753 271
1 744 226 762 270
1 783 221 800 274
1 26 202 109 408
1 2 200 84 401
1 106 257 158 387
1 135 253 193 398
1 224 249 275 373
1 198 234 253 371
1 304 249 348 359
1 368 235 410 341
1 392 238 427 327
1 452 235 484 316
1 433 249 469 339
1 542 238 571 308
1 526 239 551 300
3 10 201 35 251
3 101 221 110 252
3 118 207 137 232
3 140 218 152 233
3 151 233 166 254
3 120 237 141 258
3 163 226 173 242
3 204 215 221 235
3 212 242 229 265
3 262 220 277 244
3 244 218 253 235
3 232 209 245 231
3 318 209 337 230
3 317 235 326 247
3 463 214 472 237
3 451 230 462 252
3 439 213 448 232
3 407 219 420 239
5 528 214 720 242
5 762 221 788 250
