31
1 0 123 16 184
1 0 114 22 170
1 11 120 35 182
1 29 121 58 194
1 37 115 62 176
1 56 119 84 188
1 77 117 102 177
1 101 110 115 147
1 110 114 126 156
1 123 110 141 153
1 137 109 151 146
1 136 117 160 175
1 156 115 178 170
1 172 121 197 181
1 187 119 209 173
1 201 116 221 166
1 216 122 238 179
1 226 121 246 172
1 234 117 253 167
1 249 127 271 183
1 259 122 281 175
1 290 125 315 185
1 301 122 322 177
1 309 135 343 220
1 360 122 379 168
1 376 142 408 223
1 369 131 396 197
1 396 127 415 175
1 425 137 448 200
5 5 93 181 120
5 187 95 443 134
