30
1 28 82 110 283
1 47 123 118 297
1 68 104 136 269
1 98 125 159 276
1 139 121 204 283
1 181 129 245 287
1 198 120 261 277
1 225 141 286 291
1 272 137 333 288
1 320 134 387 299
1 364 135 431 300
1 426 134 491 296
1 467 134 534 300
3 141 89 174 110
3 145 109 166 136
3 181 104 211 140
3 205 90 224 115
3 254 107 290 147
3 284 97 315 136
3 331 93 362 125
3 315 113 349 154
3 373 111 393 140
3 391 91 427 127
3 110 224 170 302
3 172 227 212 309
3 238 233 285 319
3 288 226 340 319
3 358 209 404 336
3 409 220 467 338
3 457 226 515 325
