78
1 647 246 690 353
1 604 237 644 337
1 554 252 604 376
1 473 250 519 363
1 443 243 486 350
1 389 259 437 376
1 337 242 381 351
1 311 230 353 335
1 279 221 319 321
1 243 212 283 310
1 220 202 261 302
1 195 194 234 291
1 170 188 207 279
1 153 182 190 276
1 132 171 170 264
1 109 169 144 254
1 82 161 117 249
1 66 156 100 242
1 37 152 74 242
1 20 143 54 228
1 40 92 66 159
1 248 100 271 157
1 300 100 326 167
1 452 135 480 207
1 493 134 521 205
1 513 222 552 320
1 526 247 566 345
1 563 225 605 327
1 585 202 629 311
1 408 228 450 334
1 358 216 398 316
1 381 201 415 287
1 401 210 438 301
1 302 202 335 284
1 684 187 713 261
1 713 194 743 269
1 728 196 750 277
1 659 183 689 256
1 615 183 650 272
1 589 169 618 243
1 539 180 564 243
1 504 169 529 232
1 482 169 507 231
1 466 163 494 231
1 544 157 579 244
1 517 159 542 219
3 336 206 367 236
3 345 192 367 216
3 360 184 384 202
3 385 183 413 207
3 424 194 450 221
3 282 189 304 214
3 254 187 278 209
3 227 180 259 201
3 208 170 228 195
3 178 166 207 183
3 157 157 179 181
3 140 156 161 167
3 120 149 138 173
3 94 137 116 165
3 155 142 175 158
3 183 145 209 169
3 209 149 231 176
3 214 138 237 162
3 252 148 273 168
3 235 158 253 182
3 248 165 270 186
3 275 171 293 193
3 286 160 301 178
3 305 156 318 185
3 321 165 335 188
3 340 166 358 194
3 324 185 343 207
3 485 208 510 242
5 1 37 66 81
5 94 46 361 81
5 363 49 723 90
5 601 145 743 196
