38
1 27 369 62 456
1 103 371 144 473
1 118 376 180 527
1 179 370 205 433
1 200 367 223 425
1 222 365 245 421
1 234 364 255 417
1 254 365 276 421
1 278 368 295 413
1 262 370 278 412
1 290 361 309 408
1 301 365 319 409
1 565 363 583 407
1 584 364 602 409
1 607 366 623 407
1 597 367 618 420
1 653 359 673 410
1 669 368 687 411
1 672 368 733 519
1 584 383 676 609
1 470 310 578 574
1 405 379 520 661
1 913 370 948 458
1 942 366 977 452
1 415 368 419 381
3 972 405 1001 466
3 864 403 909 445
3 327 383 342 405
3 326 363 349 380
3 725 364 735 392
3 743 361 749 387
3 757 369 767 395
3 816 379 832 425
3 838 378 857 431
3 860 376 869 397
3 872 380 894 407
3 781 380 794 414
3 792 375 806 397
