32
1 57 198 119 352
1 135 186 190 323
1 193 177 260 340
1 296 191 356 341
1 414 202 479 361
1 493 187 557 344
1 233 136 267 222
1 161 126 196 212
1 198 138 229 214
1 268 150 299 229
1 305 143 341 232
1 361 141 400 236
1 393 131 433 230
1 409 117 449 216
1 59 121 82 178
1 39 138 81 243
1 24 207 81 348
1 83 117 105 170
1 105 114 126 168
1 116 106 137 161
1 143 121 175 202
1 519 102 537 148
1 547 103 568 154
1 508 100 525 143
1 496 98 513 141
1 476 96 493 141
1 459 97 475 139
1 567 102 587 151
3 575 151 592 198
5 158 95 290 122
5 293 91 399 118
5 406 95 453 136
