55
1 0 209 34 357
1 0 209 56 350
1 82 214 134 343
1 49 288 137 506
1 543 244 627 451
1 790 275 890 520
1 114 208 162 326
1 130 207 184 339
1 150 227 194 336
1 165 210 212 327
1 186 211 231 323
1 206 218 248 323
1 228 201 277 324
1 253 217 296 325
1 278 215 320 319
1 294 205 337 312
1 321 220 361 319
1 352 217 390 311
1 384 202 427 306
1 447 211 485 304
1 504 201 547 309
1 654 195 697 302
1 588 198 628 297
1 697 207 737 306
1 758 198 799 298
1 881 191 923 296
1 924 198 961 292
1 953 194 993 291
1 855 194 892 288
1 832 203 868 290
1 795 198 832 289
1 777 198 818 298
1 719 202 759 300
1 731 204 770 302
1 985 184 1024 283
1 361 280 422 430
3 408 397 579 575
3 672 366 828 552
3 36 206 57 245
3 59 211 87 246
3 69 199 87 224
3 101 209 118 236
3 918 184 938 206
3 947 172 975 205
3 858 185 878 206
3 847 183 867 202
3 879 180 899 201
3 432 294 564 468
3 223 347 377 588
3 271 210 295 234
3 628 199 656 236
3 614 202 641 223
3 691 199 710 218
3 673 199 694 219
3 708 195 731 224
