73
1 335 152 355 204
1 369 151 388 200
1 396 150 416 198
1 414 142 432 187
1 465 153 488 209
1 516 132 533 177
1 433 142 450 185
1 314 154 334 202
1 299 146 317 189
1 441 199 480 297
1 350 205 385 291
1 300 200 342 304
1 264 150 280 189
1 267 114 277 142
1 242 146 261 196
1 154 150 174 200
1 111 149 130 196
1 142 141 163 192
1 27 140 41 177
1 57 144 76 194
1 3 139 17 173
1 12 124 25 158
1 43 121 60 164
1 475 128 496 183
1 519 111 530 139
1 530 110 540 138
1 404 193 439 282
1 385 199 424 296
3 1 244 24 285
3 44 211 73 239
3 17 181 47 207
3 192 226 220 261
3 249 233 290 258
3 69 275 128 302
3 117 216 149 241
3 66 190 87 206
3 83 181 103 202
3 92 169 113 191
3 392 108 408 120
3 417 107 431 121
3 368 123 383 138
3 342 126 360 138
3 324 128 339 140
3 307 130 321 141
3 196 123 209 136
3 210 123 221 141
3 223 127 236 139
3 243 128 253 138
3 164 110 183 124
3 164 140 175 154
3 201 156 212 170
3 221 155 237 169
3 280 165 305 194
3 370 252 440 303
3 521 212 548 249
3 510 253 546 289
3 156 209 182 239
3 179 201 207 226
3 161 186 179 204
3 184 187 209 209
3 206 183 228 209
3 230 199 251 218
3 254 184 286 208
5 3 88 65 149
5 70 85 107 155
5 104 84 154 153
5 159 87 228 103
5 230 81 303 97
5 302 78 375 96
5 377 80 445 108
5 446 80 536 132
5 169 149 254 183
5 260 138 342 166
