51
1 542 245 631 465
1 608 209 699 431
1 392 206 478 418
1 499 204 584 413
1 458 208 524 370
1 378 181 448 352
1 352 188 410 331
1 309 162 372 317
1 273 154 332 299
1 253 168 301 288
1 227 162 277 283
1 196 150 240 257
1 183 157 221 252
1 163 152 201 248
1 152 145 188 233
1 85 129 107 185
1 713 162 744 239
1 735 146 770 233
1 83 236 172 453
1 36 189 99 344
1 494 154 542 274
1 452 148 495 254
1 599 167 652 299
1 4 287 68 446
1 592 143 621 216
1 738 195 800 358
3 170 345 252 442
3 201 291 286 408
3 135 257 192 310
3 303 369 380 459
3 393 432 493 505
3 48 167 87 202
3 24 149 55 182
3 13 181 45 204
3 0 141 18 168
3 433 153 453 178
3 390 139 405 167
3 367 134 388 155
3 315 134 349 170
3 262 129 286 164
3 492 117 511 155
3 540 122 554 161
3 562 120 571 153
3 578 121 591 161
3 709 151 729 182
3 710 121 737 150
3 658 137 686 171
5 4 107 142 135
5 141 99 319 122
5 324 112 459 145
5 602 116 795 183
