40
1 187 146 224 239
1 209 146 246 237
1 241 139 281 238
1 269 145 307 239
1 324 138 362 234
1 223 147 259 234
1 283 148 320 238
1 298 146 331 229
1 13 117 33 165
1 29 111 50 162
1 61 111 82 163
1 80 109 102 162
1 98 113 118 163
1 117 110 137 162
1 132 112 151 160
1 147 110 168 162
1 158 116 176 162
1 172 112 191 161
1 195 111 213 155
1 210 112 229 159
1 231 111 249 158
1 249 112 265 154
1 266 111 285 158
1 281 111 299 154
1 297 112 317 161
1 312 107 334 160
1 335 111 355 159
1 352 110 371 157
1 50 120 67 162
3 5 178 25 219
3 74 193 112 231
3 119 197 151 239
3 142 175 188 240
3 106 178 134 197
3 55 186 75 215
3 40 179 57 197
3 5 151 45 178
3 50 152 78 175
3 129 138 160 169
3 383 140 406 178
