44
1 183 180 224 282
1 261 169 296 255
1 297 166 323 231
1 347 155 371 213
1 389 154 406 198
1 400 151 415 190
1 415 145 430 182
1 378 141 389 168
1 340 145 353 180
1 334 137 344 165
1 319 148 333 185
1 289 149 308 197
1 231 155 253 210
1 101 165 132 242
1 128 145 151 201
1 62 153 87 215
1 40 145 61 198
1 97 143 118 196
1 150 142 167 183
1 140 138 158 181
1 213 134 225 167
1 164 134 178 172
1 171 136 186 172
1 178 148 197 196
1 248 135 259 164
1 255 137 268 168
1 222 136 234 169
1 225 142 240 182
1 269 142 282 174
3 292 135 307 147
3 356 140 377 155
3 309 131 324 144
3 76 122 89 134
3 34 138 42 152
3 26 135 37 147
3 72 134 81 146
3 82 135 91 146
3 96 136 102 147
3 193 135 200 144
3 201 136 213 147
5 2 122 109 154
5 104 117 217 145
5 219 118 336 149
5 338 124 427 152
