30
1 286 76 326 177
1 258 75 295 166
1 230 72 270 173
1 196 85 232 176
1 161 78 202 181
1 114 75 161 189
1 67 67 122 202
1 15 54 76 205
1 427 82 473 194
1 492 111 533 213
1 523 114 566 220
1 463 80 512 203
1 388 77 430 182
1 363 70 407 178
1 336 78 372 166
3 28 99 75 128
3 104 98 140 124
3 163 101 194 123
3 200 100 232 125
3 243 101 286 122
3 342 115 375 183
3 4 159 119 312
3 0 38 24 90
3 358 63 380 86
3 438 60 461 82
3 518 71 546 102
3 550 60 572 85
3 566 79 592 106
3 569 145 598 179
4 300 197 375 256
