32
1 43 251 94 375
1 107 237 152 347
1 169 227 208 324
1 215 213 253 306
1 258 202 295 294
1 294 198 326 278
1 323 190 352 264
1 354 177 384 252
1 382 172 410 242
1 402 171 426 233
1 419 169 443 230
1 605 124 620 160
1 615 125 628 160
1 623 126 635 157
1 635 126 646 155
1 645 126 655 151
1 654 126 664 154
1 661 126 672 152
1 667 124 679 153
1 675 123 686 150
1 685 125 695 150
3 557 380 608 474
3 596 350 650 400
3 608 306 657 357
3 632 267 672 320
3 658 259 691 298
3 651 239 691 271
3 686 203 735 244
5 437 152 558 188
5 546 132 607 169
5 698 152 753 212
5 710 111 793 169
