32
1 21 191 61 289
1 79 195 110 271
1 106 191 136 265
1 134 194 158 256
1 202 187 242 287
1 326 185 376 308
1 489 190 535 304
1 477 193 516 288
1 452 191 485 274
1 439 191 465 257
1 431 193 455 252
1 232 191 261 262
1 242 191 266 253
1 212 186 246 269
1 320 190 351 269
1 547 188 558 214
1 269 196 279 223
1 61 199 73 228
1 43 194 56 227
3 153 212 167 230
3 179 214 194 232
3 266 214 285 229
3 400 206 419 223
3 345 166 358 179
3 356 162 372 180
3 492 166 506 175
3 507 165 514 176
5 0 168 51 186
5 74 172 188 202
5 207 180 299 201
5 306 181 397 199
5 406 178 539 198
