39
1 51 157 106 292
1 207 163 252 274
1 305 166 363 310
1 401 163 444 270
1 429 157 466 248
1 0 151 25 256
1 24 161 60 250
1 93 135 130 227
1 126 153 162 243
1 174 153 208 239
1 348 137 385 229
1 469 147 500 224
1 444 143 476 224
1 196 135 233 228
1 149 150 181 229
1 164 151 199 239
3 22 140 43 153
3 39 153 51 168
3 53 144 67 162
3 66 147 79 165
3 96 141 104 152
3 123 139 136 150
3 165 149 181 163
3 397 149 417 169
3 461 137 479 155
3 218 137 239 176
3 265 148 280 163
3 295 135 310 155
3 337 142 349 155
3 421 141 434 156
3 438 149 450 164
3 317 138 331 153
3 252 145 258 158
5 1 138 26 169
5 333 133 429 163
5 226 133 333 162
5 121 130 214 160
5 481 132 499 170
5 68 140 126 173
