35
1 290 53 408 341
1 487 77 531 187
1 215 57 263 174
1 648 23 690 146
1 618 0 674 136
1 469 26 515 140
1 427 27 470 134
1 395 17 443 137
1 372 13 418 125
1 363 16 397 101
1 125 42 158 124
1 144 8 190 122
1 261 23 304 131
1 238 45 271 129
1 296 14 343 129
1 48 68 87 163
1 196 53 224 124
3 4 0 38 35
3 56 2 84 46
3 89 8 116 45
3 118 13 143 39
3 180 11 201 37
3 172 36 206 51
3 207 0 233 27
3 226 5 247 36
3 250 7 264 35
3 296 4 317 33
3 327 8 353 40
3 353 30 372 49
3 423 5 450 34
3 473 0 514 31
3 539 30 578 152
3 586 34 640 153
3 86 45 111 63
3 53 44 81 71
