30
1 25 138 50 200
1 80 144 112 222
1 199 162 234 249
1 273 142 303 217
1 419 158 458 253
1 449 144 472 201
1 320 133 345 194
1 339 126 358 173
1 353 120 371 164
1 366 118 380 152
1 378 112 390 144
1 260 120 277 163
1 6 120 20 158
1 68 121 88 171
1 31 123 46 162
1 223 124 245 180
1 201 112 214 145
1 162 128 189 196
1 291 118 302 148
1 108 127 131 184
1 116 118 135 165
1 59 115 72 150
3 442 131 455 161
3 431 124 447 153
5 3 98 61 128
5 62 98 147 120
5 150 101 184 128
5 173 91 288 124
5 291 95 382 113
5 382 101 493 146
