41
1 448 193 455 211
1 399 195 406 212
1 307 187 313 203
1 314 189 317 199
1 343 239 363 291
1 313 245 335 298
1 285 249 306 302
1 267 248 291 306
1 248 258 269 312
1 205 247 226 301
1 182 245 202 293
1 150 237 167 280
1 118 250 141 306
1 66 226 83 267
1 92 224 107 261
1 105 226 119 264
1 387 243 405 289
1 425 229 442 271
1 416 234 431 274
1 444 240 462 285
1 459 243 473 280
1 481 245 500 296
1 402 227 419 269
1 335 223 348 257
1 126 190 131 206
1 137 186 146 211
1 177 204 186 225
1 36 210 49 243
1 45 210 58 241
1 54 212 67 243
1 60 214 72 247
1 85 222 98 255
3 197 217 213 231
3 220 220 245 236
3 109 206 117 213
3 164 217 174 226
3 144 233 155 244
3 128 225 142 239
5 0 175 139 218
5 127 164 494 194
5 280 203 492 247
