139
1 22 422 67 533
1 68 427 110 530
1 140 405 191 533
1 184 405 233 528
1 230 411 277 525
1 267 409 317 531
1 344 439 380 526
1 404 432 444 529
1 475 404 526 528
1 512 410 561 530
1 561 407 613 533
1 594 420 638 528
1 624 412 670 525
1 213 140 249 231
1 293 138 319 204
3 177 193 284 299
3 537 196 644 296
3 7 333 22 349
3 29 333 49 352
3 60 336 80 356
3 89 334 103 352
3 116 327 133 349
3 126 308 141 323
3 92 310 112 323
3 62 314 80 326
3 36 307 57 323
3 15 283 35 303
3 38 280 56 300
3 66 285 86 306
3 90 286 114 308
3 121 290 140 306
3 142 254 165 276
3 120 260 143 277
3 91 260 113 281
3 58 261 83 282
3 33 256 56 278
3 5 263 25 276
3 13 236 36 258
3 70 236 86 255
3 92 234 111 255
3 118 238 140 258
3 151 237 165 259
3 177 242 210 259
3 127 212 147 236
3 97 206 121 226
3 100 186 119 204
3 123 190 140 205
3 154 185 176 204
3 51 214 74 231
3 50 191 74 211
3 30 188 50 205
3 3 185 18 203
3 4 215 25 228
3 29 211 50 231
3 255 193 276 209
3 278 191 302 209
3 305 185 335 212
3 336 182 360 208
3 361 184 385 211
3 385 187 402 206
3 408 196 433 213
3 437 189 454 212
3 451 180 470 210
3 504 189 522 210
3 531 189 553 207
3 579 187 618 206
3 238 239 257 259
3 261 237 283 260
3 291 241 313 260
3 257 210 277 229
3 295 214 310 236
3 313 216 326 233
3 357 211 384 236
3 390 212 411 237
3 515 209 543 229
3 505 238 531 263
3 491 210 511 232
3 573 216 592 228
3 593 211 613 232
3 314 331 331 349
3 335 331 351 354
3 377 337 399 354
3 403 331 430 358
3 430 329 447 358
3 452 330 482 363
3 464 304 492 320
3 438 307 458 318
3 416 307 436 325
3 382 311 402 330
3 353 306 374 328
3 324 307 347 325
3 317 237 330 257
3 336 233 357 260
3 410 234 426 250
3 434 241 459 257
3 389 260 419 284
3 359 255 383 279
3 335 261 359 282
3 332 281 353 299
3 364 289 380 313
3 388 288 400 306
3 408 284 437 302
3 436 283 454 305
3 455 282 481 300
3 275 264 302 277
3 674 338 698 356
3 722 336 745 351
3 762 341 791 358
3 661 313 679 326
3 687 310 696 328
3 703 305 728 328
3 785 196 797 213
3 767 199 779 216
3 753 217 772 231
3 767 242 790 256
3 724 236 746 257
3 683 266 705 286
3 653 263 682 287
3 658 242 678 259
3 678 234 691 263
3 684 211 701 234
3 701 209 726 236
3 720 209 739 232
3 649 190 665 217
3 642 214 644 240
3 645 215 667 235
3 684 288 706 306
3 710 279 721 305
3 733 292 752 314
3 759 308 791 337
3 686 287 763 357
3 736 264 772 288
3 775 266 795 298
3 644 102 682 134
3 446 105 468 127
3 362 104 386 133
3 395 100 420 137
5 8 110 329 196
5 338 111 796 192
