31
1 20 220 36 259
1 52 216 63 244
1 125 216 150 279
1 228 216 254 280
1 241 219 269 288
1 254 218 283 289
1 262 218 291 290
1 292 229 318 295
1 303 227 329 292
1 314 227 340 294
1 332 226 362 299
1 357 191 505 553
1 614 211 679 372
1 594 211 655 362
1 582 225 637 360
1 545 218 598 348
1 505 218 554 339
1 470 215 517 333
1 747 223 800 401
1 758 221 800 400
1 722 205 800 397
1 692 205 764 382
1 671 206 741 377
1 639 200 709 373
1 526 219 577 343
1 656 249 708 376
3 108 206 257 287
3 255 203 364 299
3 366 203 418 228
3 459 206 522 335
5 5 193 102 244
