29
1 0 198 14 236
1 177 181 244 346
1 314 202 345 278
1 363 178 421 322
1 406 161 492 374
1 493 195 526 277
1 359 168 384 231
1 341 175 362 227
1 410 152 437 217
1 449 157 471 214
1 565 204 595 278
3 19 195 35 215
3 62 199 74 221
3 75 197 86 219
3 91 195 99 218
3 236 183 255 199
3 190 186 207 197
3 130 183 149 200
3 153 184 166 199
3 104 192 119 206
3 261 182 274 197
3 402 178 415 194
3 479 192 492 212
3 493 185 502 204
3 528 204 541 219
3 527 223 546 238
3 547 220 562 238
3 543 200 566 215
3 324 187 339 198
