37
1 0 327 51 525
1 28 301 120 527
1 5 328 78 509
1 91 315 181 534
1 72 319 149 506
1 139 305 230 528
1 143 297 243 543
1 202 321 277 507
1 174 313 255 512
1 241 314 312 491
1 233 320 289 458
1 274 318 362 535
1 342 320 392 442
1 363 312 425 467
1 406 290 508 541
1 427 328 507 526
1 460 329 539 525
1 520 328 593 507
1 539 314 612 493
1 558 319 627 489
1 580 307 657 494
1 597 312 693 549
1 694 300 790 536
1 741 315 828 529
1 802 310 889 522
1 851 329 903 455
1 865 327 914 446
1 897 328 995 568
1 927 273 1078 644
1 989 291 1130 636
3 289 502 383 641
3 355 451 435 553
3 477 458 560 532
3 539 479 624 578
3 629 469 702 559
3 682 503 767 590
3 805 479 868 574
