42
1 0 149 36 296
1 0 187 58 341
1 9 159 65 296
1 40 148 94 279
1 67 148 171 401
1 136 157 216 354
1 134 153 192 296
1 126 163 177 291
1 177 157 234 298
1 184 167 256 345
1 240 178 300 328
1 221 160 276 297
1 234 156 296 308
1 265 166 326 316
1 278 149 333 286
1 304 156 354 278
1 299 180 349 302
1 315 168 373 309
1 328 165 392 322
1 353 163 428 349
1 380 170 455 352
1 406 167 458 293
1 419 157 482 314
1 462 177 511 299
1 471 172 530 315
1 496 172 566 345
1 528 191 593 353
1 551 176 612 325
1 578 189 627 308
1 615 202 690 396
1 635 175 690 344
1 606 165 649 269
1 624 166 664 265
3 90 138 119 170
3 1 133 17 153
3 146 137 190 154
3 201 138 216 156
3 284 142 302 163
3 503 149 557 169
3 575 151 599 176
3 596 151 619 182
3 667 154 689 191
