34
1 0 224 56 367
1 6 202 68 355
1 20 197 79 340
1 29 220 78 342
1 38 205 90 335
1 55 206 101 319
1 51 225 91 324
1 69 194 115 310
1 136 203 156 255
1 159 201 179 252
1 167 197 198 272
1 186 197 213 264
1 196 197 221 259
1 211 186 248 279
1 228 193 260 271
1 247 198 272 260
1 265 200 284 247
1 275 195 308 276
1 296 193 326 269
1 306 167 365 312
1 323 181 370 297
1 343 194 373 268
1 361 191 388 260
1 373 191 411 285
1 404 197 421 240
1 421 175 463 278
1 442 190 466 248
1 464 201 488 261
1 477 192 504 258
1 528 198 561 281
1 559 184 588 256
1 573 191 602 262
1 596 180 627 258
1 615 177 640 260
