33
1 9 188 60 312
1 71 190 110 286
1 102 194 136 278
1 31 196 56 256
1 58 200 81 256
1 156 194 193 284
1 148 193 176 264
1 198 200 221 257
1 187 202 203 244
1 221 197 249 267
1 237 201 256 248
1 247 200 283 288
1 284 197 317 280
1 342 207 372 280
1 367 190 408 290
1 336 200 359 257
1 319 203 339 251
1 303 198 327 259
1 281 201 302 254
1 266 207 286 257
1 398 199 424 265
1 420 203 445 267
1 444 206 469 267
1 462 200 490 269
1 484 206 500 269
1 435 208 451 250
1 409 201 428 248
1 440 201 457 245
1 129 198 150 249
1 89 200 109 252
1 81 200 101 251
1 143 197 168 259
5 176 192 221 205
