50
1 11 236 30 286
1 0 198 20 261
1 34 235 63 309
1 62 227 87 289
1 59 206 79 254
1 80 214 99 262
1 75 194 95 242
1 94 230 123 304
1 108 218 136 289
1 128 211 153 273
1 142 200 166 258
1 151 194 173 249
1 159 181 183 241
1 169 185 187 230
1 182 197 213 274
1 198 215 233 302
1 208 209 238 285
1 306 209 336 283
1 322 218 353 295
1 348 193 379 269
1 333 184 363 257
1 366 188 385 238
1 378 194 396 239
1 389 203 408 249
1 404 215 420 257
1 425 211 450 273
1 449 229 472 287
1 435 186 459 247
1 465 197 487 251
1 487 209 510 268
1 504 200 526 255
1 481 185 502 240
1 466 182 488 235
1 518 208 550 288
1 535 203 560 266
1 518 182 541 241
1 546 188 572 255
1 560 174 580 224
1 563 214 591 285
1 580 198 608 266
1 595 183 612 224
1 610 201 641 279
1 623 197 648 263
3 5 180 68 218
3 90 177 154 218
3 200 184 224 210
3 249 181 288 198
3 294 178 326 202
3 542 174 562 197
3 579 168 646 192
