36
1 629 205 681 333
1 448 256 535 468
1 510 257 602 482
1 434 217 484 340
3 514 204 535 226
3 591 207 611 233
3 692 212 719 249
3 748 222 788 311
3 760 311 797 368
3 660 263 736 379
3 547 409 653 525
3 375 386 486 520
3 255 303 373 479
3 119 319 251 486
3 58 262 176 372
3 230 255 299 350
3 111 243 186 298
3 65 233 144 278
3 211 220 235 247
3 235 218 268 252
3 276 224 309 265
3 310 234 371 298
3 354 250 410 320
3 411 255 460 344
3 297 211 312 235
3 358 203 367 220
3 383 207 401 241
3 408 205 428 234
3 364 220 396 259
3 395 215 423 264
3 437 211 463 252
3 511 227 544 280
3 580 240 630 315
5 692 182 797 226
5 545 182 616 207
5 476 188 613 217
