40
1 494 165 586 391
1 338 196 418 392
1 222 193 304 394
1 93 220 164 394
1 4 230 69 388
1 46 195 117 372
1 150 183 221 358
1 270 163 346 349
1 428 153 512 359
1 410 107 474 265
1 551 87 607 280
1 64 80 100 168
1 93 54 137 161
1 30 159 60 235
1 0 155 42 275
1 304 32 343 128
1 305 113 364 257
1 355 109 400 221
1 484 105 533 225
1 193 135 251 277
1 151 139 199 258
1 120 76 153 159
1 146 69 180 155
1 178 62 214 151
1 221 47 260 143
1 261 40 302 140
1 364 23 407 127
1 400 4 448 122
1 436 8 482 122
1 486 7 526 106
1 526 0 572 112
1 21 85 55 167
3 117 146 146 185
3 106 175 155 239
3 370 163 402 201
5 2 54 174 71
5 99 38 176 57
5 2 75 95 90
5 171 23 403 54
5 213 1 409 22
