32
1 57 232 102 345
1 119 186 164 299
1 173 156 219 269
1 309 234 348 331
1 270 208 303 289
1 255 156 291 244
1 218 125 263 238
1 283 107 315 186
1 331 73 364 154
1 368 40 400 118
1 389 39 419 113
1 423 13 455 94
1 353 293 397 403
1 430 201 472 304
1 472 129 511 227
1 503 83 536 164
1 466 6 492 69
1 440 17 466 80
1 543 10 560 54
3 498 104 512 164
3 523 42 539 77
3 525 76 539 152
3 552 42 566 95
3 564 29 571 85
3 574 24 585 65
3 570 2 587 23
3 497 2 511 52
3 515 1 527 49
3 458 11 473 33
5 5 36 27 71
5 311 38 325 65
5 367 15 384 46
