30
1 0 206 29 315
1 14 204 59 316
1 46 200 93 315
1 89 202 133 312
1 494 205 544 329
1 448 199 494 312
1 519 203 572 333
1 550 204 604 335
1 586 208 640 341
1 228 172 319 393
1 333 176 418 385
1 383 184 461 375
1 124 182 190 344
1 136 185 205 353
1 157 190 227 362
1 175 170 257 373
1 209 178 278 350
1 263 177 346 381
1 311 184 386 369
3 10 203 22 228
3 17 201 37 229
3 40 199 51 225
3 47 203 58 229
3 72 199 88 222
3 83 202 107 247
3 115 198 134 237
3 326 193 341 219
3 386 199 407 223
3 587 203 602 231
3 618 203 634 235
