33
1 39 231 197 619
1 216 197 392 629
1 395 240 554 628
1 552 271 697 627
1 705 283 843 622
1 665 306 788 608
1 774 301 897 603
1 841 296 950 626
1 372 260 514 606
1 520 294 647 603
3 8 405 29 464
3 29 420 49 462
3 56 416 83 455
3 17 347 37 379
3 21 371 38 388
3 31 382 52 408
3 47 391 66 410
3 55 372 74 405
3 155 447 174 477
3 166 463 201 523
3 174 442 196 478
3 155 420 183 451
3 146 375 169 411
3 217 390 230 418
3 218 377 238 410
3 228 384 245 411
3 341 461 368 522
3 364 369 393 402
3 373 456 398 479
3 524 480 548 527
3 674 467 703 529
3 532 402 551 441
3 681 447 706 471
