53
1 34 219 55 270
1 58 220 78 271
1 88 230 112 291
1 130 236 154 298
1 155 238 184 310
1 190 247 219 319
1 234 253 263 327
1 293 259 323 334
1 351 260 385 344
1 415 271 451 358
1 476 261 507 336
1 523 239 554 314
1 571 232 598 300
1 597 225 622 287
1 638 221 662 280
1 667 215 688 267
1 689 213 707 259
1 701 206 719 252
1 719 199 738 245
1 733 198 750 241
1 745 196 761 235
1 764 187 781 228
1 115 225 137 281
1 179 231 203 290
1 254 242 279 306
1 306 243 333 309
1 344 248 372 320
1 367 232 393 296
1 492 223 514 276
3 491 359 548 452
3 744 282 788 326
3 123 215 138 230
3 147 215 164 232
3 176 218 187 235
3 206 219 227 242
3 197 209 210 225
3 255 213 280 235
3 285 225 299 238
3 324 217 350 242
3 298 207 318 228
3 370 213 400 235
3 370 222 397 245
3 415 235 446 268
3 416 222 434 242
3 465 225 495 258
5 1 217 32 270
5 301 193 439 218
5 405 182 445 196
5 446 184 726 211
5 523 209 555 230
5 569 209 601 231
5 650 150 698 176
5 743 149 795 170
