51
1 139 83 166 148
1 121 132 180 276
1 171 77 209 169
1 86 112 125 209
1 64 35 90 102
1 24 17 56 98
1 115 440 273 829
1 397 369 539 716
1 574 359 717 707
1 503 287 644 630
1 848 531 982 859
1 941 455 1100 842
1 800 379 944 730
1 755 378 878 678
1 687 306 813 613
1 625 224 722 461
1 585 205 659 388
1 267 158 336 327
1 308 150 382 332
1 363 143 423 293
1 390 159 447 298
1 330 71 357 137
1 1053 310 1191 646
3 713 259 777 350
3 678 219 709 278
3 830 277 899 376
3 938 297 997 345
3 1028 301 1079 391
3 969 346 1012 483
3 472 169 519 247
3 510 167 557 249
3 572 165 604 233
3 586 130 620 192
3 622 141 655 211
3 640 133 672 168
3 446 142 487 185
3 483 131 511 155
3 445 162 469 196
3 841 323 888 384
3 402 292 450 406
3 455 271 518 407
3 1106 248 1163 378
3 1113 176 1145 265
3 1148 182 1189 277
5 112 31 278 117
5 503 94 540 163
5 526 64 562 147
5 788 67 926 157
5 962 126 1067 252
5 560 48 653 99
5 581 94 634 139
