32
1 74 167 126 297
1 472 174 523 298
1 267 166 320 299
1 350 169 405 305
1 306 169 362 307
3 105 199 147 328
3 155 198 197 320
3 197 198 236 323
3 254 202 294 322
3 302 205 340 318
3 348 201 382 323
3 393 200 428 318
3 438 194 483 320
3 110 164 129 196
3 124 167 146 196
3 144 156 161 186
3 158 166 181 196
3 177 161 194 189
3 191 169 212 199
3 212 171 232 207
3 228 151 247 189
3 242 172 272 210
3 261 156 287 193
3 300 163 326 195
3 338 168 364 200
3 377 164 404 201
3 396 172 425 206
3 413 174 430 198
3 427 164 460 201
3 449 167 461 193
3 458 173 479 201
3 469 153 509 189
