79
1 0 452 70 664
1 97 461 190 689
1 37 481 89 609
1 83 489 129 605
1 146 475 208 627
1 182 472 231 593
1 214 471 264 593
1 236 479 303 644
1 253 441 364 712
1 373 461 441 629
1 351 486 390 582
1 427 465 487 613
1 454 467 577 770
1 577 461 663 672
1 646 501 735 718
1 709 474 776 639
1 749 482 894 835
1 860 492 968 756
1 948 483 1047 724
1 1009 503 1166 889
1 1149 495 1274 799
1 60 448 123 604
1 420 487 457 578
1 759 476 799 574
3 64 464 90 497
3 40 452 60 480
3 117 454 130 469
3 127 439 142 455
3 211 450 232 473
3 223 437 245 465
3 194 455 212 469
3 254 451 279 472
3 282 441 304 467
3 359 454 396 486
3 441 454 452 472
3 465 448 479 464
3 450 451 464 464
3 363 444 380 459
3 502 449 522 480
3 509 453 519 467
3 522 454 533 469
3 557 449 573 468
3 551 461 572 551
3 570 453 585 478
3 577 460 597 526
3 679 484 687 502
3 687 475 701 489
3 674 466 690 482
3 665 458 681 473
3 666 449 686 465
3 688 452 702 464
3 712 439 734 458
3 692 436 708 450
3 748 448 766 467
3 797 468 825 494
3 802 492 819 511
3 848 443 863 465
3 905 440 929 459
3 903 460 918 477
3 887 479 907 498
3 874 484 897 510
3 881 460 900 469
3 882 467 894 484
3 1051 473 1090 511
3 1080 469 1098 499
3 916 474 938 496
3 930 459 951 482
3 722 463 736 483
3 701 465 719 483
3 788 453 804 473
3 985 454 1005 466
3 988 470 1017 495
3 964 462 988 490
3 1047 459 1068 487
4 723 415 742 455
4 738 403 764 456
4 763 396 792 455
4 792 402 814 461
4 814 407 832 455
