64
1 0 227 12 262
1 8 228 25 272
1 15 227 33 270
1 34 229 46 262
1 38 224 60 277
1 62 229 81 278
1 75 227 90 266
1 85 227 102 269
1 92 227 111 273
1 105 229 124 278
1 112 229 127 269
1 120 228 134 265
1 132 232 149 273
1 128 227 143 265
1 146 236 164 281
1 160 228 175 267
1 168 231 185 274
1 179 228 196 271
1 193 230 207 266
1 201 229 223 282
1 213 227 233 275
1 225 230 242 271
1 232 234 252 283
1 246 230 263 275
1 256 230 272 271
1 263 229 278 268
1 269 229 283 266
1 275 227 296 282
1 287 231 305 276
1 294 231 310 273
1 299 227 316 269
1 305 227 321 269
1 310 229 324 265
1 315 230 337 284
1 325 232 343 279
1 332 230 348 271
1 372 221 397 281
1 411 226 435 284
1 452 228 474 283
1 494 233 516 287
1 486 235 504 280
1 336 228 351 268
1 341 227 355 264
1 448 231 468 279
1 444 227 464 276
1 522 229 542 277
1 506 230 524 273
1 545 235 565 283
1 561 228 581 278
1 584 228 607 284
1 576 229 591 269
1 610 229 628 272
1 623 228 639 269
1 517 226 532 264
1 349 228 362 259
1 356 225 368 254
1 364 225 374 250
1 437 228 452 268
1 432 227 447 264
1 429 226 443 262
5 466 225 490 242
5 490 227 501 233
5 139 221 160 231
5 393 225 417 267
