53
1 88 125 144 262
1 128 146 172 254
1 139 128 188 251
1 166 142 211 255
1 202 145 245 251
1 228 147 273 257
1 262 149 306 257
1 283 150 326 255
1 314 152 358 259
1 348 152 389 252
1 372 145 416 252
1 401 143 444 251
1 430 145 473 250
1 459 143 501 249
1 486 140 529 247
1 503 130 551 247
1 529 128 579 250
1 564 130 599 240
3 49 200 88 280
3 86 202 122 279
3 108 198 162 274
3 154 199 193 268
3 188 198 223 265
3 222 199 265 267
3 262 197 303 263
3 302 197 353 271
3 351 193 390 239
3 399 206 428 236
3 392 192 429 234
3 431 195 478 258
3 466 199 513 266
3 501 202 548 267
3 535 200 597 276
3 183 131 206 154
3 203 126 233 150
3 235 123 256 155
3 260 126 282 153
3 282 126 307 146
3 289 137 307 158
3 303 126 314 142
3 307 133 323 158
3 319 133 337 154
3 337 130 352 155
3 351 138 367 159
3 352 125 376 146
3 373 107 404 147
3 396 135 415 165
3 407 123 441 147
3 453 130 476 158
3 471 126 501 155
3 495 129 515 147
3 534 136 546 151
3 564 138 578 151
