50
1 96 473 179 676
1 119 489 241 788
1 236 485 324 702
1 288 485 357 656
1 352 482 487 814
1 415 508 504 725
1 446 498 516 670
1 491 495 549 639
1 667 527 802 860
1 610 506 710 753
1 596 504 672 691
1 661 509 710 629
1 747 511 827 707
1 811 514 921 782
1 781 490 827 604
1 962 516 1048 726
1 940 504 994 637
1 964 512 1022 657
1 1028 538 1173 893
1 1002 510 1091 730
1 1090 515 1209 808
1 1176 529 1269 756
1 1235 512 1319 720
1 1323 518 1398 700
1 1372 516 1440 682
1 1448 521 1506 664
1 1502 510 1560 654
1 598 479 622 539
1 641 459 663 516
1 926 499 947 554
1 947 494 970 553
1 879 485 901 541
1 1272 515 1326 647
1 1563 526 1600 621
1 1539 519 1575 609
1 1438 516 1471 599
3 18 480 92 765
3 1379 515 1403 550
3 1356 504 1385 525
3 1231 502 1264 559
3 1187 509 1203 534
3 1105 508 1126 533
3 1067 503 1099 537
3 517 477 542 502
3 694 484 727 523
3 693 453 707 484
3 770 482 799 514
3 749 499 778 538
3 1003 496 1019 516
3 1133 500 1154 518
