32
1 178 34 277 275
1 18 41 57 139
1 43 55 76 139
1 77 58 110 139
1 104 67 133 140
1 123 60 156 142
1 161 65 193 144
1 252 74 279 140
1 267 89 286 136
1 274 87 294 138
1 298 100 319 152
1 310 106 325 142
1 319 83 344 144
1 345 96 363 142
1 356 95 375 145
1 424 114 441 158
1 447 116 462 152
1 456 117 469 149
1 468 122 479 151
1 485 118 499 153
1 492 121 504 154
1 471 104 490 151
3 193 73 209 95
3 249 82 261 100
3 293 87 306 118
3 312 91 323 104
3 410 95 429 111
3 452 102 470 122
3 467 99 480 121
3 399 106 427 142
3 421 117 431 131
3 372 88 407 160
