47
1 61 408 174 683
1 284 459 458 887
1 229 392 385 773
1 172 380 251 574
1 132 355 203 531
1 17 384 107 603
1 27 310 78 436
1 524 453 701 887
1 666 431 836 845
1 718 400 823 656
1 835 426 966 748
1 928 378 1001 557
1 877 381 965 596
1 772 370 834 525
1 653 365 716 520
1 594 335 629 424
1 573 328 607 414
1 508 312 552 420
1 498 368 523 429
1 465 360 519 494
1 819 352 859 449
1 1098 395 1219 691
1 1191 413 1288 652
1 1362 384 1405 491
1 1269 381 1344 564
1 1403 375 1440 483
1 0 444 143 852
1 58 308 110 434
1 82 295 148 457
1 141 306 191 431
1 198 316 243 428
1 173 314 223 436
1 401 316 439 412
1 381 368 448 531
1 346 385 452 645
1 429 379 516 593
1 302 336 349 453
1 1008 396 1106 637
1 986 367 1055 536
1 1068 374 1150 575
3 0 583 101 884
3 276 320 314 376
3 314 366 354 437
3 459 326 505 367
3 762 359 790 401
3 706 365 742 434
5 883 336 1432 439
