30
1 0 139 35 238
1 16 140 54 234
1 44 144 78 227
1 65 137 109 246
1 82 137 121 232
1 108 143 150 248
1 98 140 134 231
1 125 140 167 242
1 150 143 196 256
1 166 141 210 248
1 192 139 242 263
1 216 140 263 256
1 241 143 283 247
1 269 148 304 235
1 279 131 338 274
1 299 137 351 266
1 366 133 428 284
1 339 144 380 247
1 402 146 443 246
1 413 146 452 243
1 322 145 358 235
1 454 149 476 202
3 37 149 51 159
3 105 147 115 157
3 157 143 171 160
3 225 147 238 160
3 362 145 376 175
3 376 143 390 167
5 433 150 463 197
5 468 152 493 188
