44
1 515 137 575 283
1 555 144 608 275
1 601 179 637 270
1 196 105 262 267
1 23 147 67 254
1 123 161 165 266
1 390 126 446 266
1 320 153 363 261
1 244 134 293 254
1 429 158 474 269
3 25 210 67 283
3 65 208 92 277
3 89 199 106 267
3 102 175 150 283
3 96 153 138 197
3 64 151 93 214
3 158 137 193 177
3 180 151 209 183
3 161 176 188 282
3 187 218 231 315
3 190 179 230 229
3 232 194 256 281
3 260 198 295 289
3 293 184 332 278
3 369 185 409 290
3 416 185 466 292
3 460 171 515 289
3 468 137 513 195
3 511 147 529 205
3 429 134 456 156
3 448 124 468 145
3 368 143 399 192
3 348 137 379 168
3 300 148 322 176
3 280 137 304 172
3 318 129 341 154
3 236 90 289 134
3 288 101 318 137
3 320 101 362 137
3 362 104 380 136
3 380 118 401 140
3 589 147 620 177
3 614 145 630 165
3 631 132 638 261
