48
1 80 532 248 945
1 178 529 376 1014
1 625 511 797 933
1 449 556 729 1241
1 763 523 1126 1410
1 1090 535 1244 911
1 1426 536 1607 980
1 1180 525 1436 1151
1 1590 536 1743 910
1 1949 532 2181 1097
1 2253 595 2374 890
1 1770 589 2067 1317
3 2200 579 2266 698
3 2306 568 2358 606
3 2267 591 2386 952
3 1906 509 2075 726
3 1960 558 2008 613
4 0 698 25 843
4 25 710 44 754
4 39 714 54 755
4 54 708 72 767
4 69 707 94 768
4 95 709 109 756
4 111 710 128 743
4 372 729 397 768
4 396 727 411 761
4 406 731 420 753
4 419 729 437 780
4 440 730 459 774
4 455 740 478 788
4 477 755 508 800
4 508 744 525 791
4 819 681 889 726
4 830 716 887 773
4 845 671 908 722
4 882 661 926 695
4 1053 674 1080 690
4 1050 690 1073 710
4 1062 719 1095 746
4 1083 686 1101 707
4 1104 694 1127 717
4 1399 700 1435 807
4 1436 711 1458 730
4 1450 691 1487 768
4 1581 724 1613 752
4 1730 722 1769 839
4 1750 724 1786 788
4 1797 725 1833 776
