59
1 0 79 93 313
1 55 293 137 496
1 234 30 325 252
1 316 59 411 290
1 377 170 467 390
1 510 2 593 206
1 651 8 736 219
1 837 2 915 193
1 756 350 853 586
1 828 397 921 627
1 902 444 990 661
1 952 495 1046 727
1 1029 404 1100 650
1 700 426 785 635
1 624 450 724 694
1 546 527 625 723
1 313 481 413 727
1 269 409 349 606
1 170 258 263 484
1 107 360 197 583
1 235 333 330 564
1 333 359 420 571
1 767 152 857 372
3 134 563 248 725
3 138 489 254 583
3 33 687 97 730
3 287 611 401 731
3 402 546 486 724
3 457 527 550 720
3 492 502 565 565
3 62 3 125 126
3 97 0 196 153
3 296 2 363 148
3 559 1 606 119
3 607 5 665 116
3 867 303 917 397
3 893 315 976 443
3 952 274 1026 460
3 797 257 846 312
3 857 243 918 310
3 769 295 808 417
3 804 308 853 405
3 617 347 706 475
3 510 375 602 510
3 363 7 422 164
3 0 1 29 240
3 924 3 980 125
3 985 3 1045 110
3 1052 0 1089 98
3 1017 127 1088 393
4 523 217 597 369
4 593 112 657 304
4 665 228 724 394
4 739 55 819 193
4 925 129 976 314
4 975 130 1040 278
4 468 53 532 239
4 676 667 856 726
4 50 208 180 267
