63
1 502 199 520 242
1 509 233 532 289
1 479 257 504 319
1 281 309 300 359
1 122 253 148 318
1 138 255 161 312
1 30 251 59 321
1 2 263 27 323
1 94 181 105 209
1 179 241 202 300
1 214 237 241 304
1 235 227 258 283
1 289 228 313 287
1 123 203 141 246
1 53 166 60 185
1 49 166 56 185
1 134 176 143 200
1 9 174 18 195
1 18 168 24 185
1 23 167 31 186
1 172 165 180 187
1 225 174 235 198
1 139 205 155 247
1 132 204 148 245
1 152 204 169 247
1 149 231 169 283
1 185 219 203 264
1 302 226 325 283
1 318 225 339 276
1 328 225 346 271
1 332 223 351 269
1 339 220 359 270
1 354 219 371 260
1 340 195 356 236
1 357 195 371 231
1 365 214 383 257
1 378 208 396 253
1 371 195 385 231
1 391 205 408 249
1 397 204 414 247
1 402 199 419 243
1 419 198 434 238
1 416 198 430 233
1 278 163 285 183
1 295 177 308 208
1 308 172 319 198
1 320 173 330 198
1 331 173 341 198
1 337 172 345 194
3 153 163 170 188
3 146 200 160 244
3 154 198 163 218
3 162 196 173 224
3 168 197 177 216
3 174 202 179 214
3 177 191 186 214
3 181 191 188 213
3 191 187 211 211
3 393 193 406 212
3 310 168 320 184
5 0 151 34 214
5 62 154 96 177
5 132 200 262 270
