30
1 484 104 505 158
1 462 129 482 181
1 510 109 532 162
1 8 206 73 366
1 90 205 154 363
1 162 228 217 366
3 512 153 544 186
3 441 144 478 178
3 374 139 393 169
3 391 147 419 169
3 349 146 373 159
3 319 140 333 159
3 244 219 280 298
3 242 233 346 358
3 296 203 347 319
3 387 211 480 354
3 449 185 486 308
3 498 214 547 337
3 502 177 545 229
3 476 186 497 311
3 137 173 171 245
3 71 198 129 353
3 2 175 50 256
3 184 182 232 361
3 212 170 294 266
3 286 160 345 254
3 266 169 306 234
3 397 166 438 256
3 372 165 418 250
5 0 124 482 278
