39
1 51 280 111 429
1 88 272 121 353
1 230 271 274 382
1 176 284 214 376
1 170 281 203 362
1 320 278 388 446
1 482 274 526 385
1 591 290 614 349
1 580 295 604 357
1 271 281 294 340
1 277 295 297 344
1 287 284 311 346
1 298 283 323 345
1 306 282 332 347
2 118 272 155 366
2 620 286 671 412
2 633 285 683 406
3 0 300 75 447
3 39 269 56 311
3 53 274 84 314
3 196 292 214 330
3 104 276 133 322
3 366 294 411 359
3 388 281 417 350
3 419 287 480 368
3 429 278 474 347
3 279 339 328 391
3 255 329 276 361
3 257 289 276 332
3 526 305 563 360
3 676 289 698 364
4 226 38 279 127
4 336 53 359 81
4 359 52 375 88
4 377 54 395 84
4 398 56 417 91
4 167 172 183 195
4 255 185 269 202
5 215 287 248 350
