50
1 0 174 28 266
1 6 173 40 255
1 27 176 63 265
1 63 176 97 262
1 88 181 121 262
1 80 176 111 255
1 103 178 136 260
1 120 177 153 261
1 134 176 166 257
1 146 175 176 251
1 169 175 199 252
1 206 174 240 258
1 201 180 230 251
1 237 181 268 256
1 222 180 253 255
1 196 191 203 211
1 175 175 206 251
1 287 189 311 248
1 363 187 384 241
1 348 190 368 240
1 419 135 424 151
1 415 135 420 147
1 48 165 52 174
1 379 188 400 240
1 389 184 411 239
1 401 187 422 242
1 416 187 438 244
1 434 180 477 285
1 468 166 523 302
1 476 166 526 291
1 498 167 552 300
1 447 170 491 279
1 27 163 30 171
3 149 195 179 222
3 175 198 197 227
3 266 214 288 242
3 263 147 348 222
3 455 127 469 147
3 502 276 573 345
3 540 275 594 341
3 533 247 591 312
3 544 200 598 326
3 461 251 522 320
3 426 226 508 318
3 538 160 568 245
3 555 155 595 233
3 579 160 599 195
3 308 201 326 236
3 323 212 345 236
3 434 188 457 235
