30
1 320 172 425 429
1 115 149 161 264
1 125 64 172 180
1 213 75 257 185
1 250 94 288 189
3 6 112 75 230
3 172 80 212 134
3 78 107 160 210
3 112 105 147 147
3 165 109 217 197
3 198 114 271 227
3 231 133 283 213
3 261 118 342 221
3 292 119 356 215
3 329 117 366 159
3 370 134 416 206
3 407 130 443 214
3 430 124 494 205
3 463 129 501 199
3 486 126 519 188
3 499 130 543 193
3 523 128 560 191
3 546 122 571 192
3 558 119 589 188
3 577 121 614 186
3 611 125 654 184
3 628 122 667 182
3 638 123 675 180
3 654 121 685 178
5 354 111 578 135
