50
1 315 178 381 341
1 429 153 487 298
1 243 172 296 305
1 185 173 230 286
1 126 169 158 249
1 85 175 122 269
1 9 163 50 264
1 29 157 71 259
1 65 163 96 242
1 144 155 177 238
1 168 163 200 244
1 206 162 237 239
1 223 162 254 239
1 294 168 327 248
1 381 165 426 277
1 415 171 460 283
1 286 166 317 243
1 162 156 194 237
1 134 165 166 243
1 98 161 133 248
1 90 166 124 250
1 0 154 23 224
1 376 187 406 263
1 371 176 404 260
3 470 143 496 331
3 461 174 476 327
3 426 170 434 184
3 415 167 424 187
3 386 166 398 179
3 398 174 407 183
3 370 166 380 179
3 364 168 376 182
3 325 171 346 208
3 88 165 104 179
3 84 154 96 166
3 56 155 67 166
3 56 162 72 179
3 1 152 13 164
3 1 152 18 270
3 135 164 146 178
3 144 155 158 171
3 188 155 200 175
3 200 158 217 195
3 218 152 230 167
3 243 158 253 177
3 264 163 273 183
3 271 166 283 187
3 281 167 292 175
3 282 170 292 193
5 286 166 374 187
