35
1 84 137 155 312
1 176 138 267 361
1 140 145 217 332
1 309 137 398 357
1 286 148 340 282
1 269 150 304 238
1 252 161 281 232
3 32 152 55 196
3 18 149 32 165
3 120 153 134 162
3 127 145 151 188
3 82 154 105 186
3 147 147 164 174
3 158 152 183 174
3 195 151 215 177
3 252 157 269 175
3 248 151 257 164
3 239 150 256 176
3 292 152 306 173
3 286 153 300 168
3 319 150 335 168
3 394 152 408 172
3 402 148 414 170
3 415 155 424 175
3 419 158 430 172
3 427 157 457 187
3 447 157 455 169
3 456 155 467 169
3 453 150 483 184
3 478 142 511 181
3 498 146 520 178
3 511 145 554 192
3 572 133 598 190
3 562 176 599 395
3 0 137 55 397
