47
1 620 1760 914 2478
1 1111 1768 1358 2371
1 1379 1754 1681 2492
1 1504 1773 1716 2293
1 1734 1748 1936 2243
1 1796 1754 2056 2388
1 1911 1736 2429 3002
1 2230 1752 2542 2512
1 2503 1755 2760 2384
1 2701 1773 2914 2295
1 2805 1769 2999 2246
1 2912 1762 3091 2201
1 2445 1747 2630 2202
1 3293 1778 3601 2530
1 3381 1761 3642 2401
1 3471 1769 3694 2316
1 3516 1764 3717 2254
1 4408 1756 4723 2527
1 4281 1750 4551 2410
1 4195 1768 4415 2307
1 4128 1771 4323 2249
1 4078 1758 4263 2211
1 4731 1778 4948 2307
1 4662 1756 4864 2249
1 4597 1758 4781 2206
1 4947 1760 5213 2410
1 5205 1760 5520 2529
4 475 778 641 1177
4 612 733 778 1167
4 773 746 929 1191
4 637 2475 872 3022
4 5203 2511 5878 2868
4 4087 2533 4886 2836
4 4726 2277 4950 2402
4 4079 2373 4505 2561
4 3834 2188 4317 2406
4 2768 2540 3526 2766
4 2893 2416 3532 2541
4 1823 2986 2874 3989
4 1118 2499 1585 2788
4 875 2347 1332 2495
4 1724 2363 2027 2522
4 1700 2225 1911 2318
4 2197 2476 2728 2773
4 2547 2382 2902 2539
4 2746 2269 3099 2396
4 3016 2162 3250 2259
