46
1 77 186 93 228
1 41 185 58 229
1 61 154 73 187
1 45 155 60 193
1 72 132 87 169
1 122 118 133 146
1 134 138 147 169
1 150 166 166 207
1 136 191 152 231
1 54 228 76 282
1 17 229 37 278
1 220 203 237 247
1 184 192 203 240
1 176 178 192 218
1 175 155 188 189
1 160 149 172 182
1 143 144 158 180
1 225 165 242 206
1 239 168 254 206
1 256 174 273 217
1 202 144 214 176
1 165 130 177 160
1 154 124 165 151
1 185 99 194 122
1 269 152 282 186
1 245 151 257 184
1 233 140 245 170
1 223 138 233 166
1 214 136 224 164
1 214 115 222 137
1 206 113 215 136
1 199 112 207 133
1 305 132 317 164
1 286 122 295 146
1 278 113 288 138
1 267 110 275 132
1 258 107 266 130
1 195 104 203 126
1 228 116 238 141
1 241 118 253 148
1 260 131 270 157
1 259 147 273 182
1 383 139 395 171
5 137 108 157 134
5 235 28 374 153
5 376 28 402 101
