36
1 1490 946 1698 1456
3 110 1058 248 1402
3 267 1057 395 1410
3 407 1060 539 1409
3 624 1084 675 1361
3 662 1060 749 1407
3 756 1083 831 1410
3 813 1065 901 1392
3 931 1106 1003 1363
3 1026 1079 1116 1366
3 1114 1095 1150 1220
3 1214 1080 1310 1392
3 1317 1073 1398 1354
3 1304 1017 1352 1090
3 1369 991 1442 1159
3 1465 1014 1506 1102
3 1488 1007 1531 1053
3 1459 1122 1527 1361
3 1675 1066 1737 1225
3 1695 1000 1751 1101
3 1812 1068 1892 1396
3 1762 1065 1812 1148
3 1905 1060 1958 1119
3 1891 1115 1946 1349
3 1981 1003 2043 1105
3 2019 1108 2078 1370
3 2043 1070 2104 1146
3 2114 998 2185 1145
3 2110 1100 2204 1387
3 2206 1085 2272 1345
3 2313 1090 2376 1337
3 2388 1071 2539 1414
3 2513 1082 2610 1401
3 2826 1061 2918 1428
3 2734 1077 2819 1423
3 3001 1071 3142 1441
