29
1 22 274 52 351
1 59 263 94 349
1 216 262 252 353
1 301 254 353 380
1 349 293 385 380
1 387 261 434 376
1 426 264 472 377
1 149 268 173 330
1 192 268 215 326
1 178 265 198 313
1 121 275 140 325
1 91 273 113 327
1 107 280 120 315
1 488 263 503 302
1 253 264 278 325
1 279 265 303 323
1 481 279 489 298
1 476 269 485 292
1 506 277 514 298
1 145 266 162 307
1 6 277 19 310
1 44 272 56 305
1 205 272 218 304
1 168 272 179 298
5 338 262 403 286
5 419 266 443 282
5 456 264 480 286
5 502 265 526 286
5 50 266 70 277
