34
1 30 255 64 340
1 88 265 117 336
1 72 246 95 305
1 57 248 79 305
1 109 246 131 301
1 129 252 148 298
1 153 271 163 298
1 181 249 201 298
1 196 255 232 346
1 313 252 321 275
1 319 252 328 274
1 364 249 373 270
1 358 250 366 270
1 387 247 397 272
1 393 250 403 278
1 402 250 414 280
1 457 250 468 277
1 449 248 455 266
1 471 250 480 274
1 483 250 492 274
1 502 247 509 264
1 507 251 514 271
1 512 245 521 266
1 539 245 549 273
1 549 246 559 272
1 565 245 575 273
1 615 249 625 276
1 255 250 261 264
1 263 250 270 268
1 270 252 275 266
1 163 244 172 269
1 219 253 227 273
1 226 251 235 274
3 591 242 610 264
