51
1 16 201 57 304
1 44 209 83 305
1 70 207 105 296
1 90 206 125 294
1 115 207 148 288
1 132 207 163 284
1 150 208 179 279
1 169 209 196 277
1 182 208 209 273
1 195 208 223 276
1 211 208 239 278
1 231 210 259 279
1 242 206 271 277
1 255 205 285 279
1 268 204 300 282
1 287 207 315 279
1 298 210 326 281
1 306 207 336 282
1 319 205 349 282
1 339 210 368 283
1 361 206 393 284
1 345 203 378 284
1 379 211 409 287
1 400 208 432 289
1 410 205 446 293
1 420 211 454 296
1 428 210 465 301
1 447 201 488 303
3 43 196 54 213
3 57 200 71 208
3 143 200 157 215
3 172 190 187 203
3 160 197 172 209
3 201 197 216 208
3 194 198 202 208
3 214 194 225 205
3 225 192 232 205
3 231 196 242 207
3 241 193 252 208
3 257 192 269 201
3 269 193 284 206
3 288 193 301 204
3 285 201 300 215
3 300 196 310 206
3 313 196 321 208
3 325 197 334 213
3 335 194 351 212
3 350 193 361 206
3 361 196 373 206
3 378 202 392 220
3 390 199 404 216
