32
1 24 78 77 210
1 24 28 46 85
1 41 26 64 83
1 84 40 105 94
1 125 39 146 92
1 190 52 204 88
1 207 59 219 89
1 216 63 227 91
1 60 78 108 197
1 125 84 166 184
1 145 82 185 181
1 154 87 204 210
1 202 98 244 202
1 180 92 213 173
1 190 92 223 172
1 232 89 262 165
1 247 97 284 190
1 270 106 302 185
1 274 76 338 233
1 392 99 423 175
1 419 100 448 172
1 403 100 432 171
1 433 99 461 167
1 446 98 474 168
1 464 103 492 174
1 481 109 500 174
2 333 72 405 249
2 81 75 141 225
3 249 84 264 103
3 333 100 354 120
3 321 91 340 114
3 129 91 160 127
