29
1 40 160 106 321
1 32 191 79 308
1 115 219 176 369
1 157 165 235 356
1 93 173 159 336
1 387 133 476 353
1 437 122 498 270
1 495 127 552 268
1 530 120 577 235
1 575 131 599 193
1 549 122 583 207
1 217 158 238 209
1 133 179 170 270
1 243 159 264 211
1 255 155 276 206
1 202 141 226 203
1 470 129 513 235
1 476 156 514 251
1 577 112 600 180
3 29 147 46 167
3 44 145 66 161
3 58 140 76 159
3 122 139 149 161
3 155 138 179 165
3 188 146 205 167
3 224 139 241 159
3 212 141 234 161
3 500 125 519 142
3 325 145 356 168
