40
1 19 186 66 300
1 0 185 34 274
1 51 178 112 327
1 86 189 120 272
1 130 178 179 301
1 121 176 149 248
1 169 188 205 275
1 201 185 261 333
1 241 175 292 302
1 256 179 295 275
1 193 179 227 264
1 271 172 304 256
1 300 163 331 239
1 288 171 307 221
1 317 166 339 223
1 361 162 447 371
1 344 181 406 333
1 439 165 480 266
1 472 168 522 291
1 514 168 572 313
1 562 161 600 260
1 552 162 585 244
1 330 165 348 209
1 330 146 340 170
1 506 160 526 212
3 10 162 28 184
3 31 160 51 184
3 49 160 69 185
3 87 159 111 185
3 119 159 136 179
3 136 156 152 181
3 149 156 165 181
3 183 172 209 188
3 231 168 243 184
3 241 166 252 184
3 298 165 309 178
3 310 151 326 169
3 343 167 358 188
3 354 166 371 192
5 340 133 596 180
