33
1 79 550 93 588
1 90 554 102 587
1 115 645 162 763
1 173 648 216 755
1 216 661 253 751
1 245 633 291 746
1 280 522 295 561
1 266 521 279 556
1 221 521 229 543
1 227 521 234 540
1 500 557 583 760
1 543 557 633 776
1 469 523 492 579
1 751 440 777 506
1 759 534 821 688
1 802 535 839 627
1 818 529 859 631
1 906 517 935 589
1 931 539 1003 714
1 977 533 1056 727
1 1046 547 1129 750
1 603 462 621 508
1 593 464 610 508
1 522 466 539 508
1 475 476 488 508
1 534 473 548 508
1 542 474 556 510
1 553 466 570 509
1 570 463 583 497
1 584 462 597 496
3 700 482 731 521
3 33 552 52 575
5 312 517 362 530
