69
1 577 316 607 392
1 537 313 566 384
1 500 319 529 389
1 435 306 466 381
1 391 293 418 358
1 354 323 385 402
1 295 326 325 402
1 287 310 317 383
1 221 311 255 395
1 189 308 221 388
1 171 324 198 392
1 138 317 169 394
1 105 322 132 391
1 50 324 82 403
1 0 273 19 323
1 11 277 28 321
1 38 277 54 319
1 56 277 74 321
1 80 273 98 317
1 109 274 125 316
1 90 274 109 321
1 119 273 135 315
1 128 273 146 317
1 139 272 154 310
1 147 272 164 314
1 158 273 174 313
1 168 272 185 317
1 186 273 204 316
1 207 271 226 317
1 233 273 252 319
1 377 266 397 314
1 403 266 423 314
1 436 270 454 317
1 463 268 482 314
1 492 267 510 314
1 513 267 533 315
1 551 263 571 311
1 544 264 564 313
1 576 265 596 314
1 595 266 614 312
1 614 263 633 313
3 96 361 126 415
3 139 363 168 413
3 174 360 203 410
3 224 354 242 406
3 464 354 490 414
3 498 350 524 412
3 536 354 560 403
5 271 232 302 251
5 333 223 369 267
5 380 248 636 279
5 389 235 408 254
5 423 238 434 250
5 449 237 469 253
5 482 239 498 256
5 514 236 528 263
5 539 235 554 250
5 572 235 586 253
5 595 234 611 252
5 0 262 277 273
5 23 239 39 261
5 54 244 68 261
5 85 242 95 261
5 117 243 134 264
5 148 242 158 261
5 173 242 191 258
5 209 242 221 257
5 237 241 253 259
5 170 250 290 268
