44
1 18 140 61 248
1 56 139 91 226
1 80 132 120 233
1 101 132 143 236
1 134 125 174 222
1 163 121 207 231
1 197 126 240 233
1 229 121 273 231
1 270 118 315 231
1 304 127 345 229
1 342 120 385 228
1 372 127 413 230
1 407 119 452 231
1 430 123 473 227
3 11 186 48 259
3 49 186 88 257
3 93 205 124 270
3 96 177 143 229
3 126 204 160 262
3 137 186 172 225
3 155 200 191 265
3 172 191 196 228
3 188 195 216 262
3 210 193 255 268
3 214 183 256 236
3 248 190 280 253
3 270 187 317 251
3 316 184 353 251
3 350 185 388 252
3 383 170 439 251
3 412 118 424 135
3 403 122 418 141
3 368 121 400 153
3 332 118 349 147
3 297 123 322 155
3 269 118 291 149
3 255 120 271 143
3 223 119 246 148
3 192 115 223 150
3 159 121 186 144
3 130 133 151 158
3 82 121 104 144
3 64 121 88 152
3 51 123 73 152
