33
1 438 185 504 345
1 85 195 146 347
1 122 136 184 289
1 304 145 378 328
1 396 167 460 324
3 360 219 436 349
3 213 226 293 344
3 140 231 217 347
3 38 275 139 345
3 173 158 225 218
3 221 156 283 260
3 211 113 256 163
3 205 140 236 175
3 281 124 327 180
3 362 149 394 192
3 411 143 433 173
3 429 130 456 180
3 474 149 509 198
3 468 132 491 170
3 468 121 499 149
3 450 110 473 131
3 427 116 453 142
3 412 104 440 132
3 342 126 365 155
3 317 108 343 141
3 331 93 355 123
3 346 89 364 109
3 379 132 405 157
3 387 117 408 134
3 365 107 388 146
5 474 70 509 88
5 424 74 510 120
5 380 88 434 111
