32
1 276 934 437 1329
1 368 930 532 1332
1 464 925 629 1331
1 568 936 729 1330
1 654 919 824 1334
1 744 954 897 1331
1 826 922 990 1322
1 920 938 1081 1332
1 1005 919 1173 1330
1 1108 931 1272 1331
1 1212 929 1376 1331
1 1288 929 1451 1328
1 1385 928 1549 1331
1 1481 934 1642 1330
1 1563 942 1723 1333
3 341 864 401 925
3 418 870 470 936
3 562 871 615 952
3 613 872 671 938
3 680 863 737 932
3 777 882 830 941
3 796 851 845 920
3 880 874 933 937
3 936 855 993 936
3 993 861 1063 969
3 1071 843 1153 936
3 1129 877 1189 941
3 1244 880 1304 936
3 1346 855 1400 927
3 1384 889 1448 976
3 1470 880 1541 986
3 1548 896 1614 986
