39
1 67 244 154 457
1 203 231 282 424
1 298 237 354 373
1 322 243 379 385
1 362 240 415 372
1 398 245 448 366
1 422 243 475 376
1 451 241 502 367
1 479 247 525 359
1 507 256 544 350
1 519 253 548 327
1 544 249 569 312
1 572 251 598 314
1 562 255 582 303
1 587 253 608 307
1 594 254 616 307
1 601 256 617 304
1 5 260 39 345
1 28 260 58 336
1 41 256 72 334
1 49 253 82 335
1 61 251 95 336
1 128 256 158 329
1 139 249 172 330
1 175 246 206 325
1 166 252 189 310
1 197 246 226 320
1 256 256 280 318
1 267 251 293 318
1 280 247 308 317
3 85 246 106 269
3 217 243 230 261
3 281 252 294 267
3 308 251 324 267
3 399 245 423 262
3 429 246 443 262
3 452 244 469 258
3 480 249 496 262
3 505 248 519 262
