79
1 12 334 33 385
1 26 317 44 364
1 36 304 51 342
1 37 288 49 319
1 41 273 54 306
1 41 259 54 291
1 53 256 65 287
1 65 239 80 278
1 71 225 84 259
1 109 336 128 383
1 107 318 123 358
1 120 303 136 345
1 192 333 212 383
1 287 333 307 384
1 387 334 408 389
1 381 320 400 368
1 479 336 502 395
1 568 345 588 395
1 671 345 690 393
1 665 328 684 374
1 659 311 679 359
1 650 296 670 344
1 637 284 654 327
1 632 269 650 314
1 618 257 632 291
1 606 242 625 290
1 599 229 616 274
1 590 225 609 271
1 516 218 536 267
1 527 239 544 283
1 536 251 553 296
1 544 270 563 318
1 548 295 568 344
1 556 312 573 355
1 563 330 580 373
3 198 315 221 339
3 201 301 227 319
3 207 290 229 300
3 204 272 227 282
3 206 263 233 274
3 212 250 229 262
3 213 237 238 249
3 212 225 241 234
3 221 213 244 225
3 287 208 328 227
3 291 228 318 248
3 290 246 321 269
3 282 258 311 277
3 284 281 326 303
3 293 299 320 316
3 292 307 314 337
3 370 212 403 226
3 368 222 405 243
3 369 241 397 259
3 373 254 401 273
3 375 273 409 282
3 378 285 410 301
3 380 306 411 322
3 451 211 478 228
3 447 230 479 246
3 446 244 482 263
3 450 265 483 278
3 452 278 485 303
3 454 299 487 314
3 461 314 508 346
5 0 1 698 48
5 6 76 49 156
5 59 77 99 157
5 115 78 152 159
5 175 78 203 161
5 237 80 264 152
5 295 82 323 153
5 351 77 384 153
5 415 88 446 162
5 462 83 497 155
5 502 76 563 159
5 560 86 621 166
5 606 86 670 151
5 667 85 696 146
