50
1 65 212 121 352
1 102 201 163 351
1 140 211 198 352
1 179 211 235 350
1 214 210 273 357
1 251 200 313 355
1 293 203 356 356
1 343 201 404 351
1 386 201 450 357
1 430 207 491 356
1 480 209 536 348
1 503 182 557 315
3 97 190 124 213
3 135 186 158 204
3 132 166 150 180
3 113 156 139 177
3 135 121 184 163
3 151 158 182 183
3 161 165 189 192
3 160 189 200 221
3 200 175 226 198
3 190 156 229 185
3 198 123 233 155
3 243 119 280 152
3 294 128 333 151
3 335 131 360 144
3 378 123 415 158
3 413 115 440 155
3 445 116 479 147
3 491 163 515 186
3 480 173 501 202
3 464 152 495 173
3 458 162 483 195
3 443 175 477 206
3 429 152 459 172
3 412 184 442 208
3 416 168 450 195
3 391 166 413 181
3 377 184 405 211
3 346 183 372 205
3 355 161 393 188
3 351 147 376 158
3 331 161 371 200
3 307 153 343 179
3 310 180 346 208
3 277 157 312 177
3 269 172 304 199
3 234 178 270 202
3 232 160 264 181
3 249 148 298 182
