36
1 0 129 34 236
1 16 148 52 235
1 32 137 74 241
1 74 133 122 251
1 103 126 149 239
1 137 138 180 246
1 156 132 207 256
1 173 125 229 262
1 197 127 242 240
1 218 126 264 241
1 238 127 293 261
1 259 132 308 254
1 293 135 334 237
1 305 124 355 245
1 323 123 375 250
1 345 137 388 241
1 377 133 426 253
1 390 128 442 254
1 407 130 454 244
1 433 135 475 238
1 450 135 497 249
1 473 144 512 241
1 493 139 533 239
3 64 132 84 151
3 29 126 49 140
3 134 126 153 147
3 160 127 179 142
3 241 130 255 145
3 292 128 300 146
3 299 129 309 146
3 314 129 325 146
3 369 131 389 148
3 430 133 444 146
3 455 134 465 145
3 477 134 493 151
3 221 127 235 141
