43
1 0 313 23 377
1 43 316 65 370
1 68 313 101 395
1 142 321 175 401
1 161 344 184 400
1 173 309 201 381
1 199 313 234 399
1 221 309 249 377
1 251 307 284 389
1 285 305 336 429
1 324 316 354 389
1 349 310 385 400
1 372 302 406 387
1 432 302 457 364
1 398 306 421 362
1 457 305 503 417
1 487 295 532 406
1 512 309 539 375
1 548 304 572 364
1 568 321 585 364
1 485 253 498 286
1 474 268 487 303
1 453 272 466 307
1 414 286 428 324
1 436 252 450 290
1 432 261 440 283
1 346 252 359 283
1 303 256 316 290
1 200 267 209 291
1 127 282 139 313
1 116 280 130 316
1 136 265 145 288
1 142 267 150 287
1 148 269 158 297
1 159 259 169 287
1 158 280 173 316
1 243 280 256 312
3 610 311 634 402
3 500 242 525 267
3 503 263 522 292
3 521 263 542 287
3 461 251 481 274
3 447 248 464 270
