46
1 0 135 12 186
1 22 146 46 204
1 61 154 83 208
1 101 160 124 216
1 126 150 148 204
1 153 161 178 224
1 231 177 253 232
1 265 163 289 224
1 224 158 249 218
1 177 146 198 201
1 183 135 203 183
1 190 125 203 158
1 137 127 156 173
1 143 122 160 165
1 147 113 163 154
1 71 142 88 187
1 83 135 103 187
1 100 125 115 165
1 44 126 66 180
1 34 138 54 188
1 7 121 24 166
1 13 113 30 154
1 22 106 37 142
1 203 167 229 231
1 282 185 306 243
3 67 182 97 216
3 222 211 261 249
3 321 173 332 190
3 322 157 333 170
3 270 154 286 161
3 273 139 288 154
3 368 155 388 168
3 374 168 393 178
3 373 180 388 191
3 372 193 394 217
5 1 15 394 67
5 5 67 27 106
5 42 69 63 103
5 76 70 94 104
5 110 72 128 108
5 150 71 174 114
5 185 72 212 116
5 216 70 253 123
5 258 70 301 144
5 308 70 347 158
5 357 69 398 153
