38
1 1059 475 1355 1199
1 1220 519 1442 1062
1 1389 519 1580 988
1 1367 480 1441 661
1 970 497 1216 1100
1 816 487 1031 1012
1 657 570 909 1188
1 899 493 1084 944
1 524 540 750 1094
1 450 524 628 960
1 398 519 554 900
1 358 512 491 840
1 334 504 457 806
1 304 503 417 778
1 276 499 385 766
1 228 483 273 595
1 169 474 214 586
1 194 480 232 572
1 145 476 189 585
1 100 474 147 592
3 442 473 482 520
3 486 482 524 528
3 511 454 539 489
3 545 463 585 515
3 587 477 638 530
3 657 475 708 554
3 772 475 840 591
3 867 488 911 556
3 1019 498 1060 565
3 1117 478 1186 581
3 1276 508 1324 565
3 1353 479 1388 532
3 1307 475 1341 519
3 1452 487 1473 540
3 1478 482 1502 524
3 1509 483 1560 587
3 1571 476 1593 552
5 13 450 455 515
