95
1 515 291 549 377
1 562 313 589 382
1 590 317 629 413
1 656 108 680 168
1 691 103 717 166
1 719 110 742 168
1 738 103 762 165
1 750 98 779 169
1 761 96 790 168
1 811 98 838 165
1 854 101 884 175
1 641 107 667 170
1 632 110 656 169
1 615 108 639 166
1 508 114 529 166
1 81 76 114 158
1 246 74 276 150
1 868 300 898 375
1 841 370 889 487
1 814 376 871 515
3 16 376 106 567
3 196 384 348 592
3 388 384 439 446
3 443 454 486 509
3 504 472 536 520
3 25 132 58 185
3 80 137 103 179
3 106 141 137 181
3 153 155 172 172
3 150 128 168 156
3 103 91 131 133
3 180 132 210 180
3 206 128 220 144
3 220 126 233 144
3 234 126 257 166
3 273 76 292 113
3 264 126 292 166
3 293 122 315 163
3 313 118 333 158
3 333 78 355 105
3 365 93 381 114
3 377 91 383 99
3 387 83 399 105
3 356 122 372 153
3 386 116 396 147
3 400 125 418 151
3 410 112 422 125
3 425 110 438 126
3 439 114 449 147
3 449 87 459 120
3 458 91 472 116
3 470 91 485 122
3 534 138 547 165
3 545 144 557 176
3 560 146 574 176
3 577 143 590 175
3 589 147 606 178
3 603 141 625 182
3 533 110 546 136
3 551 110 567 138
3 568 105 585 136
3 593 109 605 139
3 609 116 620 136
3 22 333 57 373
3 22 304 40 326
3 62 307 80 327
3 80 292 103 314
3 45 294 65 316
3 89 334 108 375
3 107 329 130 363
3 211 256 231 288
3 231 255 250 273
3 250 257 275 280
3 497 236 517 257
3 426 238 444 261
3 523 237 541 263
3 537 232 553 248
3 550 234 568 248
3 568 238 577 261
3 584 238 599 259
3 599 241 616 271
3 622 240 639 267
3 639 240 651 260
3 647 253 663 282
3 665 253 681 282
3 679 253 699 279
3 767 269 789 285
3 775 284 792 300
5 487 86 548 126
5 95 283 255 415
5 260 259 527 356
5 301 232 413 258
5 523 261 842 356
5 343 454 638 565
5 614 353 827 528
