32
1 34 21 95 171
1 88 1 147 144
1 266 69 325 214
1 245 60 303 201
1 370 85 394 146
1 400 24 423 80
1 423 18 445 72
1 447 17 466 67
1 587 4 606 50
1 603 14 618 53
1 616 9 634 54
1 635 9 653 55
1 651 12 669 55
1 559 17 569 45
1 541 15 555 50
1 530 10 544 48
1 510 7 528 52
1 491 6 508 48
1 475 12 493 57
3 10 365 63 514
3 135 368 191 486
3 128 290 192 396
3 228 347 274 441
3 149 124 208 231
3 66 141 124 239
3 264 37 279 64
3 317 60 344 124
3 347 44 366 89
3 407 58 426 89
3 445 35 461 68
3 469 16 480 50
3 485 25 496 63
