80
1 315 148 383 315
1 382 69 448 232
1 488 109 556 275
1 462 69 528 231
1 337 54 403 215
1 295 105 366 278
1 240 74 308 240
1 182 113 234 243
1 128 99 194 263
1 76 93 141 253
1 6 76 74 242
1 200 70 262 221
1 157 74 220 227
1 447 41 505 185
1 413 59 476 216
1 537 70 600 229
1 519 58 580 209
1 357 46 419 197
1 92 75 152 223
1 37 48 100 205
3 3 68 35 107
3 3 31 28 60
3 32 43 54 70
3 82 22 108 67
3 88 71 112 94
3 108 43 128 72
3 131 58 150 84
3 141 49 157 68
3 132 6 148 28
3 159 44 179 70
3 183 25 201 54
3 203 21 225 46
3 226 31 241 56
3 247 42 258 67
3 279 51 305 71
3 274 65 286 88
3 290 34 305 55
3 314 45 338 67
3 325 70 348 112
3 335 41 353 69
3 346 17 365 43
3 287 13 308 29
3 321 2 345 39
3 396 26 418 52
3 441 21 462 48
3 468 25 493 52
3 538 21 555 40
3 525 52 545 77
3 500 36 518 66
3 521 0 542 17
3 572 55 592 81
3 547 40 566 56
3 2 119 24 147
3 6 264 29 304
3 5 313 37 346
3 29 353 61 389
3 43 296 110 394
3 117 267 163 328
3 170 290 212 356
3 126 345 167 382
3 210 334 263 389
3 241 292 283 332
3 208 269 238 291
3 177 265 204 292
3 239 216 292 307
3 322 360 359 389
3 285 365 320 394
3 292 309 321 351
3 330 299 367 340
3 368 334 399 386
3 367 299 388 329
3 404 342 445 389
3 414 317 451 341
3 445 303 476 338
3 485 354 525 383
3 510 334 538 363
3 505 295 536 330
3 451 360 485 393
3 548 364 573 396
3 556 280 594 348
