48
1 225 219 311 430
1 248 233 337 451
1 321 237 419 478
1 393 274 499 535
1 474 280 578 534
1 571 286 666 519
1 660 266 760 509
1 747 266 844 503
1 820 256 900 492
1 699 248 789 468
1 632 258 722 479
1 6 122 64 265
1 75 119 134 262
1 144 125 200 265
1 120 113 178 254
1 208 123 268 272
1 184 121 239 257
1 273 126 331 269
1 328 125 374 240
1 350 122 404 257
3 330 215 349 250
3 351 209 383 250
3 421 259 467 296
3 457 213 488 261
3 488 204 506 238
3 508 206 542 236
3 526 239 556 273
3 554 204 585 235
3 591 258 626 287
3 665 246 700 260
3 732 197 767 231
3 797 248 831 284
3 400 124 421 146
3 431 128 453 152
3 473 127 499 154
3 500 131 526 159
3 531 126 558 155
3 565 130 590 158
3 592 129 622 148
3 631 130 657 165
3 659 129 693 155
3 693 124 721 148
3 725 130 748 162
3 752 129 785 151
3 794 126 813 158
3 815 125 828 145
3 830 130 852 149
5 0 84 893 126
