30
1 18 355 112 584
1 73 359 163 579
1 124 364 212 581
1 182 364 268 575
1 244 367 329 574
1 283 367 368 576
1 334 372 417 575
1 372 371 455 575
1 428 356 518 577
1 486 357 576 577
1 548 369 633 579
1 594 371 680 580
1 637 364 724 579
1 678 369 766 583
1 729 370 817 584
1 776 363 866 586
1 825 361 918 589
1 888 360 983 591
3 207 340 244 374
3 268 345 309 378
3 319 341 352 391
3 377 349 403 385
3 434 342 468 389
3 489 351 525 397
3 543 338 587 397
3 597 343 622 390
3 653 341 693 377
3 704 347 745 376
3 761 343 803 383
3 835 337 876 390
