95
1 230 153 287 295
1 285 117 327 223
1 322 111 360 204
1 370 103 404 187
1 419 119 463 229
1 450 115 489 210
1 483 98 520 189
1 510 94 533 179
1 410 94 441 173
1 437 86 464 155
1 491 75 518 141
1 169 120 208 216
1 214 113 249 201
1 258 103 294 191
1 301 92 333 171
1 357 85 384 153
1 121 110 156 196
1 70 116 107 210
1 28 101 64 190
1 5 108 32 174
1 57 95 85 163
1 90 89 119 159
1 102 75 124 128
1 156 80 182 143
1 199 84 226 150
1 0 84 23 165
1 14 74 38 134
1 380 80 406 144
1 337 77 363 140
1 163 36 170 54
1 193 35 199 53
1 235 34 242 53
1 281 35 287 51
1 385 29 392 46
1 394 30 398 43
1 430 33 436 50
1 449 32 455 49
1 454 29 463 50
1 475 24 483 47
1 512 29 521 50
1 504 28 512 47
1 523 28 529 45
1 244 66 268 125
3 454 80 472 99
3 472 73 487 92
3 508 68 525 84
3 510 46 524 65
3 491 45 504 60
3 480 56 495 71
3 477 37 492 50
3 467 43 482 55
3 522 38 529 46
3 523 48 531 59
3 458 57 470 72
3 445 63 459 77
3 422 70 436 84
3 407 71 419 84
3 31 86 49 103
3 34 75 50 89
3 37 65 50 76
3 44 57 57 67
3 72 78 85 92
3 93 72 105 85
3 131 62 141 70
3 127 81 140 100
3 169 58 179 68
3 151 67 160 79
3 161 72 173 83
3 170 88 183 101
3 186 97 205 128
3 232 91 244 111
3 221 71 232 84
3 229 80 243 91
3 242 63 252 72
3 242 50 257 63
3 262 72 279 88
3 268 60 275 69
3 275 61 284 73
3 288 56 295 70
3 299 58 312 71
3 286 83 305 98
3 292 72 306 85
3 318 73 331 92
3 330 87 352 105
3 399 59 408 70
3 365 46 377 60
3 358 70 374 80
3 331 64 345 75
3 314 48 325 59
3 346 48 358 60
3 412 50 422 63
3 49 44 63 57
3 87 39 107 59
5 3 55 239 80
5 263 49 403 78
