54
1 137 260 179 362
1 192 274 225 358
1 165 222 196 301
1 115 228 148 311
1 92 228 120 297
1 37 223 66 296
1 257 222 288 298
1 330 219 360 293
1 382 206 411 276
1 440 213 467 282
1 470 199 496 265
1 429 75 434 89
1 434 74 440 89
1 435 93 446 121
1 446 86 454 107
1 428 96 438 121
1 422 102 434 132
1 418 104 427 129
1 410 102 418 123
1 79 208 105 275
1 54 199 81 265
1 353 141 372 187
1 358 134 375 178
1 375 136 392 181
1 388 125 403 162
1 377 116 390 149
1 369 107 381 139
1 336 131 353 172
1 325 129 339 167
1 312 133 329 177
1 293 131 310 175
1 210 167 223 201
1 197 168 209 201
1 184 172 198 208
1 164 172 183 218
1 251 152 262 181
1 260 152 269 175
1 364 100 375 127
1 106 170 132 233
1 133 169 152 219
1 274 142 284 170
1 163 111 173 137
1 172 112 182 137
3 110 39 119 54
3 120 47 126 58
3 126 51 133 61
3 338 105 355 127
3 378 86 386 103
3 489 173 502 185
3 480 169 491 177
3 477 159 488 167
3 453 128 463 139
5 200 103 310 175
5 378 61 479 116
