32
1 135 162 182 280
1 231 173 263 253
1 306 171 345 268
1 301 171 327 237
1 425 166 460 253
1 459 163 490 242
1 476 174 498 231
1 492 175 513 228
1 504 174 524 224
1 518 176 536 219
1 527 174 550 232
1 348 167 373 227
1 136 137 157 191
3 163 155 173 164
3 176 156 183 164
3 184 155 193 165
3 191 154 199 163
3 220 157 227 164
3 214 154 220 163
3 204 154 213 164
3 229 157 238 167
3 238 153 244 166
3 246 156 254 166
3 252 157 258 165
3 258 155 268 164
3 270 155 278 164
3 280 159 285 166
3 287 157 294 163
3 293 155 300 168
3 306 156 315 165
5 460 163 540 193
5 369 169 454 198
