36
1 31 194 82 320
1 71 196 122 320
1 100 202 149 323
1 160 203 211 329
1 136 193 184 311
1 187 198 235 316
1 222 212 272 335
1 246 190 296 311
1 285 200 337 327
1 324 212 375 339
1 366 199 414 317
1 392 206 442 328
1 438 189 488 311
1 457 196 507 320
1 489 189 537 307
1 503 178 551 295
1 8 162 29 215
1 21 160 43 214
1 500 106 521 158
1 539 104 558 155
1 258 138 275 183
1 186 145 205 192
3 163 179 184 203
3 213 188 229 218
3 221 183 244 201
3 243 197 261 220
3 274 184 295 207
3 314 190 334 209
3 386 179 408 200
3 365 187 391 209
3 461 174 486 195
3 482 119 497 142
4 172 143 193 169
4 242 136 260 161
5 3 1 335 86
5 330 0 555 76
