82
1 649 177 682 257
1 601 177 633 257
1 537 177 569 258
1 509 186 523 223
1 434 179 550 463
1 348 163 433 374
1 322 178 360 273
1 246 152 355 421
1 78 183 164 394
1 0 179 55 355
1 275 171 351 360
1 232 176 314 376
1 172 165 254 365
1 25 177 105 375
1 119 170 191 349
1 433 177 467 262
1 418 181 436 226
1 426 183 442 224
1 407 184 423 223
1 353 181 370 226
3 676 244 699 365
3 596 242 645 349
3 552 251 589 342
3 518 241 553 330
3 428 242 466 329
3 339 236 386 317
3 167 174 183 208
3 67 175 97 221
3 33 162 60 206
3 24 178 37 205
3 126 172 147 212
3 186 171 204 210
3 98 171 117 195
3 403 180 413 193
3 372 181 388 200
3 618 150 629 172
3 633 148 645 170
3 653 145 670 176
3 620 122 636 143
3 599 124 616 138
3 47 92 57 102
3 27 93 35 104
3 4 93 11 104
3 156 150 167 160
3 111 137 119 147
3 117 140 124 147
3 123 139 131 148
3 131 141 138 149
3 139 143 144 150
3 145 144 150 155
3 104 147 112 156
3 97 144 105 153
3 96 137 109 144
3 121 153 129 163
3 113 155 121 166
3 131 156 140 168
3 92 149 100 161
3 404 121 415 135
3 416 122 426 134
3 429 114 435 129
3 436 116 446 132
3 447 122 457 138
3 445 137 456 150
3 434 133 444 143
3 416 149 426 160
3 430 142 443 155
3 444 154 457 165
3 458 155 465 166
3 458 139 472 150
3 416 134 424 147
3 425 134 436 144
3 151 104 167 115
3 228 114 243 133
3 184 112 193 127
3 193 113 199 128
3 170 110 181 123
3 159 114 168 122
3 129 105 138 116
3 191 144 204 154
5 0 97 121 154
5 124 103 246 161
5 288 123 434 164
