62
1 60 585 147 801
1 86 413 168 616
1 0 391 82 614
1 126 599 207 799
1 445 426 542 663
1 842 560 936 792
1 962 475 1065 730
1 925 524 1018 751
1 807 432 902 667
1 546 488 641 721
1 620 517 710 737
1 906 348 983 536
1 869 314 951 517
1 175 484 277 733
1 574 328 648 512
1 610 283 688 476
1 1043 386 1135 611
1 749 352 839 575
1 686 361 772 573
1 962 157 1041 351
1 1054 76 1131 267
1 647 97 705 238
1 762 62 845 265
1 699 192 771 368
1 549 136 633 344
1 103 105 187 311
1 168 256 250 459
1 42 222 124 424
1 0 65 61 269
1 251 129 333 331
1 223 109 299 295
1 294 36 369 221
1 431 288 503 463
1 506 11 584 202
1 488 15 551 172
1 212 45 278 206
1 635 21 713 215
3 238 679 306 744
3 302 660 348 712
3 399 624 451 702
3 415 578 456 617
3 558 718 614 767
3 780 637 857 733
3 698 545 772 659
3 296 547 362 634
3 468 247 533 305
3 236 370 278 443
3 262 417 309 500
3 84 88 129 152
3 924 44 984 106
3 819 1 875 55
3 897 22 944 76
3 404 59 439 101
3 316 313 371 372
3 286 351 344 411
3 380 240 428 305
3 346 212 381 266
3 337 161 392 207
3 748 18 802 70
3 903 121 953 178
3 766 217 807 285
3 333 432 420 530
