45
1 48 90 98 212
1 112 120 143 198
1 145 127 172 193
1 180 132 210 208
1 201 127 224 185
1 217 130 242 192
1 239 127 262 184
1 265 126 286 180
1 289 124 310 175
1 277 121 294 166
1 299 121 317 165
1 309 121 327 165
1 323 100 352 174
1 312 101 331 148
1 214 124 236 180
1 232 102 245 136
1 249 98 262 133
1 373 111 385 140
1 385 117 398 149
1 226 99 239 130
1 207 102 221 136
1 135 95 153 139
1 162 97 177 137
1 119 98 134 137
1 101 93 120 139
1 82 99 99 142
1 356 112 364 133
3 0 116 15 132
3 1 92 12 108
3 10 88 18 108
3 34 92 48 106
3 50 99 56 111
3 35 111 47 128
3 25 115 38 126
3 6 109 16 121
3 88 111 101 128
3 149 111 162 126
3 181 111 194 125
3 196 111 207 124
3 204 110 214 123
3 258 111 269 122
3 364 102 376 115
3 381 101 388 111
3 342 101 351 111
5 267 102 348 123
