29
1 17 220 122 479
1 64 288 158 517
1 91 231 190 476
1 131 285 223 512
1 131 217 243 493
1 265 265 360 497
1 325 262 419 491
1 390 268 483 496
1 444 263 535 487
1 503 271 593 491
1 558 262 646 479
1 636 221 742 480
1 685 221 792 483
1 693 266 794 512
1 746 214 872 524
3 190 385 255 535
3 641 373 732 528
3 637 298 692 363
3 218 289 261 369
3 219 196 278 269
3 280 194 326 252
3 333 221 372 261
3 393 206 439 279
3 442 213 481 268
3 470 186 504 231
3 503 219 528 264
3 548 203 585 252
3 589 213 618 257
3 632 205 664 260
