28
1 0 119 73 368
1 0 104 98 385
1 102 128 197 361
1 202 135 303 382
1 251 136 341 359
1 304 130 400 366
1 377 163 424 280
1 365 159 412 277
1 415 133 512 370
1 439 160 521 361
1 482 152 573 376
1 543 151 656 427
1 571 132 712 479
1 646 117 777 439
1 712 125 839 435
1 699 164 836 501
1 748 162 893 515
1 810 169 925 523
1 822 131 925 571
3 365 455 594 889
3 163 265 218 381
3 321 275 378 388
3 405 271 456 393
3 462 278 529 396
3 687 297 724 450
3 558 232 593 354
3 573 112 626 178
3 681 142 706 188
