95
1 249 546 273 608
1 278 543 305 610
1 302 510 326 570
1 363 465 380 507
1 330 440 349 490
1 266 475 286 525
1 279 480 298 528
1 200 468 219 516
1 189 466 209 518
1 257 441 276 487
1 463 468 484 521
1 485 471 511 536
1 518 473 542 531
1 526 540 542 581
1 541 518 568 586
1 623 527 651 598
1 554 435 575 487
1 541 413 560 462
1 398 426 414 468
1 389 413 408 460
1 379 420 393 455
1 0 484 23 546
1 10 484 36 549
1 26 496 45 543
1 38 495 64 562
1 61 503 74 536
1 66 477 87 530
1 76 474 97 528
1 48 441 67 491
1 48 428 68 477
1 136 447 157 500
1 116 453 134 500
1 151 432 173 488
1 173 444 193 494
1 181 440 202 494
1 123 420 137 455
1 0 430 15 487
1 0 373 11 410
1 0 336 8 364
1 14 372 28 409
1 46 369 60 407
1 71 376 84 408
1 82 366 94 396
1 112 348 126 382
1 132 349 145 382
1 154 395 167 430
1 161 386 176 426
1 178 389 194 431
1 201 381 216 417
1 215 385 228 420
1 238 361 247 385
1 214 344 225 372
1 259 388 273 423
1 280 381 292 413
1 304 379 316 409
1 341 397 356 436
1 343 370 354 397
1 356 370 369 403
1 366 372 379 404
1 351 396 365 432
1 405 390 418 425
1 417 386 432 422
1 433 385 449 425
1 437 431 453 471
1 455 419 468 454
1 443 395 458 433
1 472 366 483 393
1 433 348 442 373
1 442 348 454 377
1 458 351 467 372
1 8 337 18 361
1 20 336 27 355
1 25 330 34 352
1 30 352 40 376
1 37 343 48 372
1 47 340 57 364
1 56 338 67 364
1 485 415 501 457
1 465 414 478 447
1 454 383 466 414
1 538 368 553 407
1 544 373 558 407
1 555 371 568 405
1 502 416 516 454
1 135 297 141 314
3 41 332 68 356
3 32 381 45 407
3 74 420 111 465
3 155 437 182 474
3 107 391 150 441
3 245 337 332 373
3 533 329 562 371
5 253 282 595 338
5 223 292 259 345
5 124 299 169 364
