47
1 0 153 15 199
1 22 146 42 195
1 33 153 54 206
1 59 136 75 177
1 66 138 82 177
1 73 145 87 183
1 82 179 107 242
1 101 183 127 250
1 126 189 153 258
1 142 174 165 233
1 163 180 188 244
1 193 182 221 252
1 202 167 228 232
1 223 171 249 236
1 250 163 274 224
1 263 182 294 259
1 284 166 310 230
1 306 173 334 242
1 314 162 339 223
1 344 170 367 228
1 384 172 408 234
1 366 150 388 203
1 357 152 376 199
1 340 153 361 204
1 329 154 348 204
1 316 144 338 200
1 268 137 285 180
1 244 138 262 182
1 220 144 235 180
1 201 132 213 165
1 209 128 223 162
1 177 137 193 176
1 189 141 201 174
1 162 139 178 181
1 150 142 165 178
1 138 141 152 177
1 122 135 137 172
1 94 132 110 174
1 110 142 129 188
1 86 143 104 186
1 396 123 407 152
3 5 214 30 268
3 150 236 172 267
3 238 226 267 268
3 336 239 360 266
5 0 122 403 142
5 289 96 407 119
