33
1 0 219 38 323
1 0 218 23 315
1 9 218 49 317
1 21 218 59 313
1 31 217 66 303
1 39 215 73 298
1 46 213 78 292
1 52 210 83 289
1 62 203 112 324
1 75 206 120 318
1 146 198 186 298
1 149 204 194 314
1 156 204 201 315
1 164 206 210 320
1 261 198 301 297
1 267 201 310 305
1 276 200 320 309
1 285 208 327 314
1 295 205 343 324
1 319 210 354 295
1 327 212 363 299
1 337 209 374 301
1 347 204 385 300
1 361 206 404 310
1 379 205 424 318
1 398 214 435 306
1 408 214 445 304
1 417 214 454 307
1 434 217 471 309
1 448 214 490 318
1 467 215 500 311
5 411 198 491 221
5 1 203 65 215
