63
1 1377 88 1529 460
1 1312 434 1485 855
1 1484 419 1660 849
1 1297 771 1472 1201
1 1374 752 1537 1151
1 1492 778 1669 1210
1 1792 979 1970 1417
1 1570 1156 1782 1674
3 462 1528 634 1930
3 718 1487 871 1945
3 950 1567 1186 1959
3 1222 1543 1375 1958
3 1076 1374 1258 1842
3 1311 1359 1461 1828
3 1541 1540 1676 1950
3 1840 1501 1974 1923
3 1677 1407 1825 1814
3 2064 1446 2206 1870
3 2283 1465 2482 1814
3 2539 1364 2717 1743
3 2726 1338 2896 1675
3 2844 1302 2954 1582
3 2862 1242 2980 1549
3 2906 1210 3009 1335
3 2945 1164 3036 1254
3 2790 1054 2884 1366
3 2615 1064 2756 1331
3 2563 1049 2631 1309
3 2450 1219 2571 1504
3 2359 1256 2487 1593
3 393 1484 516 1782
3 240 1143 406 1411
3 111 1248 242 1426
3 421 1179 520 1298
3 513 1297 582 1364
3 738 1129 864 1327
3 860 1139 997 1343
3 855 1426 955 1595
3 982 1468 1072 1578
3 903 1064 1055 1298
3 1004 1076 1122 1359
3 1098 1079 1222 1342
3 1229 1002 1328 1274
3 2015 1042 2115 1328
3 2150 1020 2270 1303
3 2276 1020 2365 1299
3 1683 1007 1800 1305
3 2470 1021 2544 1273
3 2386 995 2469 1250
5 2 387 771 477
5 764 360 1306 472
5 1306 337 1663 466
5 1674 327 2083 468
5 2074 291 2738 460
5 2744 285 3116 461
5 1574 292 1938 360
5 553 312 662 394
5 1062 310 1098 369
5 1054 272 1171 334
5 724 270 867 344
5 827 319 872 376
5 914 317 959 369
5 482 288 559 358
