38
1 421 187 465 297
1 310 211 350 310
1 350 166 386 257
1 227 203 260 285
1 256 179 290 264
1 466 149 492 212
1 188 189 216 261
1 159 208 187 277
1 236 168 261 231
1 213 169 242 242
1 64 192 88 251
1 107 197 136 271
1 143 185 168 248
1 152 158 178 222
1 165 167 192 236
1 184 164 213 237
1 32 185 59 253
1 5 181 29 243
1 128 167 153 227
1 98 181 119 232
1 75 161 99 220
1 73 176 96 232
1 217 89 227 116
1 233 90 245 120
1 246 92 256 118
1 260 87 270 115
1 272 87 283 114
5 6 81 167 123
5 8 66 120 78
5 122 58 296 95
5 303 63 367 93
5 340 42 422 66
5 443 33 496 46
5 431 49 491 120
5 1 23 29 62
5 33 23 102 56
5 105 19 150 50
5 151 10 237 46
