96
1 16 102 25 123
1 18 95 29 122
1 31 103 40 126
1 40 103 49 127
1 59 107 67 129
1 73 107 82 131
1 88 109 98 133
1 106 109 116 134
1 124 110 133 134
1 137 110 147 136
1 152 112 161 135
1 167 112 177 138
1 181 112 191 139
1 194 113 204 139
1 211 115 220 139
1 223 115 233 141
1 239 115 250 144
1 254 115 264 142
1 272 117 282 145
1 288 118 298 144
1 305 118 316 145
1 340 121 350 146
1 354 121 364 149
1 375 124 386 150
1 362 111 371 136
1 356 110 365 135
1 385 112 395 139
1 392 114 400 139
1 235 219 247 251
1 113 216 127 251
1 156 213 168 243
1 182 199 194 232
1 188 202 202 236
1 197 207 210 241
1 217 203 228 232
1 236 205 249 237
1 295 191 310 229
1 75 187 87 220
1 81 191 95 226
1 98 190 111 223
1 110 190 123 224
1 122 190 134 223
1 141 194 155 229
1 145 192 158 227
1 159 194 173 230
1 169 198 181 229
1 231 157 241 185
1 327 146 341 182
1 375 152 386 182
1 200 140 211 166
1 185 146 197 175
1 111 129 122 159
1 101 133 113 163
1 95 136 108 167
1 88 139 99 169
1 75 139 86 166
1 58 137 71 168
1 44 139 53 163
1 50 136 60 160
1 37 137 45 160
1 29 137 38 161
1 17 136 27 162
1 7 138 15 161
1 0 133 8 159
1 58 83 68 108
1 73 81 81 102
1 84 77 92 99
1 93 74 101 97
1 98 72 107 93
1 106 70 113 90
1 111 67 120 89
1 118 66 127 88
1 127 64 135 83
1 139 60 147 80
1 150 58 156 76
1 158 54 165 74
1 164 51 172 72
1 171 50 178 68
1 175 48 183 67
1 181 46 188 64
1 187 46 193 62
1 190 42 199 63
3 132 205 142 229
3 327 222 342 245
3 348 220 363 251
5 261 106 272 125
5 273 99 280 117
5 280 91 298 115
5 296 85 315 105
5 314 78 334 96
5 329 70 354 83
5 348 62 367 81
5 361 57 377 76
5 369 51 394 66
5 385 44 394 66
5 0 0 178 15
