77
1 43 79 108 240
1 16 115 55 212
1 109 69 183 250
1 145 80 209 239
1 208 64 284 249
1 322 75 386 234
1 382 76 444 229
1 451 77 500 223
1 379 88 432 217
1 299 83 358 227
1 251 89 305 224
1 0 42 22 124
1 9 43 43 126
1 40 40 76 129
1 56 41 90 125
1 81 50 113 129
1 101 51 131 124
1 117 51 147 127
1 19 1 41 57
1 35 0 61 62
1 55 1 77 58
1 75 8 96 62
1 89 0 114 61
1 104 6 126 62
1 125 6 147 62
1 137 7 158 58
1 151 6 174 65
1 167 14 187 66
1 176 20 194 65
1 187 20 206 70
1 195 20 215 68
1 203 17 224 72
1 429 72 454 132
1 418 73 440 129
1 454 75 476 130
1 284 67 309 127
1 301 68 324 126
1 375 28 394 77
1 366 42 384 87
1 233 14 257 73
1 279 64 303 126
1 248 22 268 70
1 264 27 281 70
1 286 27 305 77
1 277 33 296 81
1 326 30 345 76
1 382 35 399 77
1 406 44 420 78
1 415 45 431 85
1 432 44 447 80
1 471 48 486 84
1 482 50 494 82
1 489 51 500 79
1 483 73 500 125
1 110 4 134 64
1 214 20 234 70
1 226 26 244 72
1 299 31 317 78
1 306 35 323 79
1 315 39 331 80
1 459 50 472 81
1 443 80 463 128
1 444 50 456 80
1 452 52 462 80
1 177 58 205 126
1 193 63 219 126
3 246 61 263 99
3 264 64 277 94
3 191 1 209 28
3 206 2 216 24
3 215 2 224 26
3 224 4 231 28
3 324 9 339 36
3 383 12 399 40
3 395 11 407 39
3 57 33 73 49
3 215 64 228 108
