43
1 179 161 227 278
1 253 165 296 271
1 318 164 356 257
1 369 167 394 231
1 390 167 421 246
1 426 167 455 239
1 468 168 494 232
1 491 168 512 220
1 347 142 360 176
1 389 143 400 172
1 406 146 417 172
1 422 141 434 173
1 438 144 448 172
1 449 142 463 180
1 462 137 479 180
1 478 141 493 179
1 489 137 505 179
1 509 137 520 172
1 224 168 252 236
1 200 167 235 254
1 138 162 180 264
1 94 165 130 252
1 75 167 107 245
1 52 162 82 237
1 32 162 60 231
1 22 165 47 227
1 6 168 28 221
1 0 168 17 219
1 123 166 153 240
1 153 167 183 244
1 173 167 194 220
1 351 169 373 223
1 417 164 438 219
1 287 170 306 220
1 298 169 313 208
1 312 170 326 207
1 242 171 266 229
1 69 170 89 219
3 189 170 199 183
3 241 167 251 183
3 117 164 124 178
3 95 164 102 179
3 54 166 65 183
