43
1 620 257 731 531
1 459 277 561 526
1 354 266 438 470
1 709 161 800 393
1 661 181 744 387
1 626 174 714 388
1 415 175 504 392
1 377 186 458 386
1 85 199 163 393
1 171 207 245 391
1 213 199 291 390
1 0 202 73 383
1 556 168 646 389
1 46 204 121 386
3 11 286 48 463
3 60 283 102 462
3 103 278 166 465
3 180 279 243 466
3 240 280 296 408
3 295 291 359 399
3 419 257 485 401
3 484 240 547 328
3 540 247 629 407
3 601 252 656 307
3 740 257 798 392
3 690 152 750 214
3 612 179 652 239
3 527 188 589 245
3 542 218 596 257
3 469 175 521 258
3 502 190 528 220
3 430 180 462 213
3 380 181 410 215
3 365 197 405 258
3 339 197 371 233
3 299 213 359 276
3 282 212 316 258
3 284 183 324 225
3 322 194 351 227
3 219 193 247 229
3 181 204 206 230
3 141 196 195 264
3 44 196 94 241
