34
1 36 107 67 183
1 66 125 100 208
1 103 112 135 192
1 120 148 154 234
1 157 111 189 192
1 177 232 218 332
1 196 160 238 262
1 213 124 246 204
1 286 138 322 229
1 317 106 352 193
1 366 117 398 198
1 388 156 428 255
1 413 134 451 228
1 462 198 500 302
1 389 212 434 321
1 274 245 308 328
1 227 92 256 166
1 200 55 221 107
1 222 53 246 111
1 242 54 261 104
1 252 52 273 105
1 268 50 288 98
1 128 62 151 120
1 96 62 122 125
1 72 65 98 128
1 17 71 46 145
1 0 78 23 141
1 137 49 164 115
1 151 46 176 108
1 169 67 186 111
1 179 54 201 108
3 200 36 314 60
3 21 55 109 99
3 111 46 149 70
