58
1 404 149 442 243
1 0 164 17 206
1 11 163 28 206
1 21 164 37 206
1 29 163 47 208
1 37 154 58 207
1 48 162 65 207
1 54 164 69 204
1 69 154 89 206
1 74 168 87 203
1 81 167 98 210
1 90 160 110 208
1 102 151 125 208
1 112 160 130 206
1 124 167 140 206
1 139 154 160 209
1 147 154 169 209
1 156 149 180 209
1 164 150 189 210
1 168 163 186 206
1 180 156 200 207
1 201 166 220 214
1 214 161 234 211
1 195 151 219 209
1 223 167 241 211
1 233 170 248 210
1 241 169 258 210
1 252 167 270 214
1 260 150 284 211
1 266 154 290 212
1 275 149 302 214
1 285 151 311 216
1 301 150 327 213
1 308 144 338 217
1 324 165 345 219
1 323 148 350 214
1 337 170 355 216
1 349 166 371 219
1 360 165 382 219
1 372 168 392 217
1 370 148 399 221
1 384 168 404 217
1 394 165 415 218
1 420 153 445 217
1 435 152 460 216
1 452 162 473 217
1 469 169 489 220
1 475 160 497 217
3 105 176 123 211
3 119 179 134 211
3 132 181 149 214
3 369 159 376 170
3 396 158 405 172
3 450 149 461 166
3 466 147 484 167
5 303 50 497 117
5 224 82 299 117
5 248 69 266 90
