49
1 24 343 59 429
1 94 322 124 399
1 155 345 183 416
1 451 414 486 499
1 639 418 672 499
1 692 406 722 483
1 730 323 755 389
1 564 344 598 426
1 516 338 535 386
1 533 340 551 383
1 559 332 579 380
1 485 341 503 384
1 401 346 427 413
1 369 327 397 396
1 370 353 391 407
1 321 360 353 441
1 76 343 97 396
1 17 280 43 344
1 0 278 21 361
1 76 281 97 334
1 100 268 119 316
1 118 264 140 317
1 131 261 149 306
1 142 298 158 339
1 156 283 177 334
1 189 293 211 347
1 333 306 358 370
1 299 323 318 370
1 316 297 338 353
1 446 308 472 374
1 488 296 510 350
1 496 290 521 353
1 521 303 543 358
1 666 333 694 402
1 673 278 688 317
1 658 277 673 316
1 701 292 716 332
1 714 287 734 338
1 420 291 444 352
1 142 263 156 301
1 48 248 62 286
5 248 251 428 323
5 503 270 607 305
5 641 259 660 312
5 1 241 67 290
5 88 233 222 258
5 572 114 603 135
5 642 114 656 136
5 302 231 417 253
