28
1 65 211 100 299
1 118 212 153 299
1 168 209 202 294
1 222 210 255 293
1 265 206 300 295
1 301 202 342 303
1 356 209 391 295
1 332 205 369 298
1 382 212 417 298
1 407 207 445 302
1 433 208 465 288
1 198 215 230 296
1 152 215 184 293
1 144 218 174 294
1 95 219 126 298
1 31 216 68 310
1 45 221 77 301
1 242 216 272 292
1 250 207 286 295
1 281 213 314 293
1 296 213 330 296
1 142 220 172 294
1 390 211 426 298
1 186 221 214 292
1 369 212 402 296
1 183 211 216 294
3 410 212 424 225
4 476 193 515 267
