37
1 346 130 424 322
1 243 174 292 295
1 195 194 228 276
1 129 194 159 271
1 63 186 98 273
1 5 200 28 256
1 499 187 533 271
1 472 194 503 271
1 436 186 469 266
1 311 206 332 258
1 328 202 349 253
1 113 211 132 258
1 42 217 54 250
1 455 184 486 261
1 297 210 314 255
3 513 175 525 189
3 525 181 537 197
3 535 180 545 190
3 490 180 503 199
3 474 175 488 195
3 457 176 468 195
3 433 179 454 203
3 343 196 355 214
3 327 202 335 219
3 306 199 314 216
3 235 208 241 221
3 247 193 267 208
3 193 187 209 209
3 54 215 65 227
3 297 203 304 216
3 291 201 298 212
3 285 204 295 214
3 301 199 309 213
3 316 200 322 212
3 222 209 229 219
3 228 208 235 220
3 31 210 45 224
