47
1 108 336 143 424
1 88 348 119 423
1 66 341 100 425
1 52 343 85 424
1 22 341 51 411
1 0 332 23 422
1 137 337 169 416
1 169 340 198 414
1 266 319 291 380
1 257 309 276 356
1 330 325 344 362
1 422 320 444 373
1 533 331 572 426
1 548 329 587 424
1 279 285 295 325
1 243 287 260 330
1 327 297 341 335
1 312 288 328 327
1 301 299 312 325
1 442 318 464 373
1 159 306 175 347
1 148 305 163 345
3 393 283 407 297
3 371 283 387 294
3 355 278 370 296
3 420 292 434 308
3 438 297 458 314
3 415 305 429 323
3 408 304 419 317
3 466 314 480 332
3 507 319 518 332
3 509 333 527 354
3 581 296 635 354
3 468 294 524 368
3 372 307 383 322
3 357 301 369 315
3 379 301 421 358
3 330 328 392 378
3 201 314 280 381
3 209 303 224 316
3 196 290 210 318
3 186 300 204 319
3 117 303 135 321
3 118 317 140 332
3 172 324 188 341
3 70 300 89 323
3 334 302 350 327
