36
1 368 141 424 281
1 211 160 251 260
1 85 150 118 234
1 29 152 60 229
1 0 156 35 294
1 120 138 147 206
1 269 143 296 208
1 343 120 381 213
1 447 146 478 222
1 410 136 442 215
1 38 138 67 211
1 72 131 87 171
1 188 129 207 178
1 158 135 171 168
1 177 131 190 164
3 113 133 125 147
3 125 126 135 138
3 132 126 140 138
3 147 146 163 165
3 218 131 228 148
3 233 131 250 153
3 249 136 264 153
3 304 160 322 178
3 297 129 312 148
3 312 128 321 140
3 317 129 330 144
3 326 142 340 157
3 330 130 342 140
3 369 126 383 141
3 440 125 448 139
3 452 130 465 142
3 431 127 441 136
3 264 128 276 138
3 201 128 210 143
3 188 165 202 188
3 408 117 429 143
