52
1 364 98 410 222
1 322 107 369 224
1 286 103 336 225
1 55 26 83 96
1 39 24 66 89
1 0 17 23 85
1 9 24 33 84
1 28 25 52 84
1 15 24 39 83
1 386 26 410 88
1 371 24 396 88
1 352 34 376 94
1 360 22 387 90
1 333 22 359 87
1 313 23 338 86
1 298 24 322 86
1 274 20 300 84
1 282 18 310 86
1 258 24 284 87
1 212 20 238 85
1 202 25 226 86
1 190 20 216 87
1 165 17 192 85
1 140 19 168 87
1 103 21 129 86
1 71 19 96 82
3 2 4 9 16
3 17 4 27 18
3 51 3 61 18
3 131 18 145 34
3 87 8 98 23
3 88 19 101 31
3 204 3 216 16
3 220 2 232 10
3 231 5 243 15
3 233 22 243 33
3 113 0 123 14
3 330 1 344 19
3 302 0 317 12
3 279 1 292 10
3 239 179 268 201
3 259 143 291 175
3 11 93 34 117
3 32 99 47 120
3 4 101 23 117
3 10 152 30 182
3 114 179 132 204
3 92 171 109 196
3 135 103 159 140
3 150 146 173 177
3 154 1 168 17
3 134 6 149 20
