30
1 15 245 37 301
1 89 245 114 307
1 100 252 124 310
1 135 253 152 297
1 154 251 177 307
1 173 252 195 308
1 180 252 203 311
1 208 251 230 304
1 224 254 239 292
1 231 254 251 305
1 239 252 263 310
1 260 259 274 294
1 269 256 284 293
1 283 256 296 291
1 303 259 317 296
1 319 263 337 310
1 466 261 475 286
1 429 268 438 291
1 529 261 539 286
1 536 262 544 284
1 523 264 531 283
1 518 265 525 284
1 505 266 510 282
1 498 262 504 279
1 489 261 498 284
1 524 292 565 393
1 543 257 598 391
1 567 259 600 396
1 311 242 322 272
1 143 243 155 274
