67
1 103 406 165 558
1 53 369 98 480
1 35 372 71 459
1 346 393 412 554
1 401 417 457 555
1 455 388 525 558
1 495 414 555 560
1 534 370 585 497
1 601 386 669 551
1 576 363 654 553
1 654 376 721 541
1 718 397 761 505
1 796 368 874 559
1 866 408 926 557
1 894 413 950 556
1 200 371 228 442
1 228 406 259 483
1 217 463 255 558
1 152 407 196 514
1 0 341 22 426
1 3 334 32 408
1 30 340 59 414
1 178 348 208 422
1 284 378 313 451
1 146 329 173 394
1 170 320 195 381
1 784 388 847 543
1 62 335 89 401
1 96 346 125 417
1 509 329 540 404
3 45 324 64 339
3 28 322 46 337
3 10 313 25 334
3 69 315 83 327
3 60 308 74 321
3 86 311 98 334
3 94 305 108 330
3 110 307 120 327
3 120 327 135 342
3 131 314 146 336
3 144 307 155 322
3 157 318 168 331
3 179 311 193 324
3 193 320 206 339
3 195 308 210 322
3 219 317 232 327
3 212 328 229 364
3 226 329 240 352
3 248 327 268 354
3 243 312 264 327
3 278 313 298 330
3 280 333 297 357
3 273 363 295 377
3 246 358 265 378
3 299 330 324 348
3 333 314 351 339
3 344 302 361 327
3 363 299 373 314
3 101 327 123 346
3 509 306 528 323
3 513 285 528 302
3 611 296 621 312
3 548 306 559 325
3 560 305 569 320
3 567 311 581 323
3 668 324 686 351
5 2 250 829 336
