37
1 0 413 49 584
1 22 411 80 555
1 79 405 130 530
1 65 411 87 468
1 135 405 155 456
1 236 421 268 500
1 263 415 303 516
1 299 422 335 513
1 283 410 318 495
1 323 413 366 519
1 314 418 347 502
1 342 426 387 537
1 380 422 432 552
1 409 379 432 438
1 411 431 444 514
1 420 412 446 477
1 441 387 460 437
1 431 425 475 533
1 450 437 502 563
1 476 420 520 527
1 502 423 554 550
1 543 424 590 538
1 560 425 602 530
1 576 433 626 558
1 603 422 652 542
1 622 426 682 573
1 661 409 720 553
1 707 414 755 532
3 837 411 879 456
3 826 412 844 448
3 807 412 829 457
3 650 405 669 431
3 465 421 485 441
3 500 410 513 431
3 513 408 532 430
3 541 422 553 453
3 564 409 578 422
