30
1 35 288 64 360
1 28 254 64 344
1 6 247 42 336
1 57 264 92 351
1 91 247 130 344
1 100 254 141 354
1 128 264 169 367
1 165 262 207 364
1 193 257 234 360
1 223 267 262 363
1 242 261 283 362
1 265 264 306 365
1 300 283 335 368
1 329 298 358 368
1 340 264 383 369
1 378 284 411 367
1 404 267 444 367
1 429 281 464 367
1 455 265 496 367
1 479 261 517 357
1 524 274 562 367
1 548 270 588 369
1 536 264 573 355
1 369 268 409 367
1 0 257 23 352
3 78 238 103 284
3 8 210 26 245
3 21 202 39 233
3 320 260 346 290
5 45 179 589 260
