34
1 27 153 87 303
1 515 142 582 305
3 61 196 127 318
3 91 201 137 328
3 128 204 172 316
3 163 200 216 314
3 208 204 247 320
3 238 204 286 320
3 277 207 315 323
3 316 213 356 324
3 346 207 394 324
3 385 207 439 335
3 425 206 473 327
3 455 199 516 336
3 500 202 568 336
3 69 153 106 223
3 99 152 127 213
3 128 156 159 206
3 150 153 181 209
3 178 150 211 212
3 210 151 242 212
3 241 153 267 201
3 261 154 301 201
3 280 139 307 178
3 298 145 336 220
3 322 137 348 171
3 334 146 374 209
3 362 132 403 174
3 372 152 414 226
3 403 146 438 220
3 420 135 448 171
3 432 150 484 216
3 467 139 503 202
3 501 139 539 202
