80
1 0 110 16 152
1 8 87 23 125
1 21 96 35 131
1 27 112 46 159
1 57 115 76 161
1 72 91 90 138
1 93 97 108 133
1 85 117 103 164
1 67 130 94 197
1 107 138 132 199
1 128 123 157 194
1 117 98 129 129
1 144 138 170 201
1 141 100 154 134
1 158 101 171 133
1 182 139 207 202
1 175 123 196 175
1 179 102 193 136
1 235 146 263 214
1 224 142 248 203
1 221 123 240 170
1 194 145 219 207
1 254 123 269 159
1 264 123 278 160
1 226 190 265 288
1 264 160 306 264
1 290 150 318 220
1 303 101 313 128
1 311 118 326 156
1 316 120 331 156
1 313 179 371 322
1 307 173 358 300
1 358 155 384 221
1 383 161 407 221
1 380 185 426 300
1 410 164 445 250
1 408 202 459 328
1 448 191 494 303
1 449 165 480 242
1 485 126 493 149
1 482 120 488 138
1 468 119 481 150
1 464 119 470 136
1 454 123 464 147
1 441 122 450 146
1 425 118 436 144
1 406 116 416 141
1 390 120 398 140
1 375 114 384 135
1 361 113 370 134
1 358 114 364 132
1 353 110 359 128
1 340 106 345 122
1 332 105 338 122
1 325 106 330 120
1 284 101 289 117
1 281 100 287 116
1 268 100 273 116
1 259 99 265 115
1 250 98 256 115
1 216 106 228 135
1 196 105 207 133
1 203 89 208 105
1 193 88 199 105
1 231 109 243 138
1 232 97 238 114
1 293 94 302 118
1 298 101 303 116
3 125 122 137 146
3 331 145 353 173
3 348 154 361 176
3 292 144 308 160
3 417 156 435 183
4 78 206 196 235
4 136 209 227 245
4 91 267 221 331
4 6 190 107 216
4 39 166 124 187
5 0 71 190 103
5 356 99 497 119
