40
1 81 394 115 479
1 118 393 151 475
1 139 383 167 452
1 160 381 189 452
1 204 390 234 463
1 230 389 258 458
1 242 382 267 444
1 262 380 286 441
1 274 393 305 472
1 305 393 335 468
1 335 380 363 450
1 369 389 398 463
1 379 380 404 443
1 394 375 424 448
1 398 387 427 461
1 463 396 493 470
1 453 380 480 449
1 479 378 507 447
1 493 390 526 470
1 556 391 584 459
1 539 376 565 442
1 585 385 614 459
1 611 383 637 446
1 636 392 666 468
1 646 381 671 445
1 668 391 699 466
1 694 382 717 440
1 713 374 739 439
1 725 388 755 462
1 755 383 785 457
1 769 380 798 451
1 790 384 816 449
1 825 394 856 469
1 822 382 846 442
1 856 390 890 473
1 845 375 871 438
1 886 391 914 461
1 917 384 950 464
3 313 380 335 395
3 565 374 585 402
