80
1 295 167 327 248
1 433 159 462 230
1 466 138 480 189
1 284 156 302 202
1 291 154 307 194
1 273 152 289 191
1 264 154 281 197
1 258 152 274 191
1 251 158 269 205
1 245 153 261 193
1 232 156 251 204
1 219 161 238 208
1 204 159 221 204
1 185 165 205 215
1 167 160 186 210
1 141 164 162 218
1 130 164 149 214
1 117 164 135 207
1 104 161 121 204
1 93 159 110 202
1 82 156 99 197
1 77 155 92 195
1 69 154 84 190
1 62 153 77 190
1 56 153 70 188
1 50 154 61 184
1 39 151 51 181
1 30 150 41 177
1 23 148 33 176
1 19 148 28 173
1 12 145 24 174
1 150 160 166 202
1 157 155 171 193
1 198 153 210 184
1 182 156 196 194
1 233 133 237 144
1 222 134 225 144
1 214 133 218 143
1 254 133 258 144
1 249 133 252 143
1 5 145 15 169
1 2 144 11 169
1 0 144 7 167
1 167 136 170 146
1 163 136 166 147
1 157 137 160 148
3 240 150 248 160
3 236 153 242 166
3 224 150 233 162
3 213 151 222 167
3 218 155 225 171
3 203 148 212 157
3 191 149 202 161
3 178 150 190 163
3 169 149 177 160
3 160 147 166 153
3 154 152 164 161
3 141 150 152 161
3 142 157 151 167
3 128 156 139 165
3 119 158 127 167
3 111 156 121 169
3 102 153 111 164
3 132 149 142 157
3 126 150 136 156
3 142 146 153 152
3 114 146 123 154
3 123 145 129 152
3 107 148 114 156
3 94 145 103 153
3 93 151 101 156
3 88 151 94 156
3 79 149 87 157
3 80 145 87 150
3 88 146 96 150
3 314 158 335 203
5 50 139 80 153
5 25 141 50 150
5 83 137 159 147
5 262 128 376 142
