31
1 0 193 62 364
1 101 199 149 317
1 155 200 203 320
1 114 193 182 358
1 255 166 355 411
1 330 159 424 392
1 408 159 499 381
1 534 179 628 408
1 597 197 608 223
1 668 200 687 249
1 700 192 712 224
1 713 184 750 274
1 707 192 718 221
1 738 183 773 272
1 764 189 800 292
3 198 288 293 440
3 195 177 267 315
3 288 275 384 445
3 395 277 478 449
3 478 276 589 461
3 486 178 552 316
3 468 184 498 219
3 255 172 300 207
3 246 184 277 236
3 193 209 205 240
3 201 203 217 226
3 151 205 176 244
3 764 191 773 207
3 774 192 784 208
3 736 193 750 199
3 664 195 675 220
