85
1 282 145 325 249
1 293 128 333 227
1 247 105 284 196
1 221 71 253 151
1 415 43 446 122
1 468 49 500 133
1 450 113 483 194
1 381 117 421 215
1 361 148 403 250
1 359 129 399 227
1 266 5 301 94
1 238 8 272 90
1 210 25 238 94
1 164 24 196 104
1 118 27 150 108
1 106 52 138 132
1 95 32 124 105
1 65 7 94 79
1 81 2 114 82
1 35 38 68 119
1 30 117 68 209
1 14 98 51 190
1 174 113 219 223
1 142 137 179 230
1 138 116 178 216
1 154 109 188 194
1 219 170 267 287
1 198 196 241 303
1 236 162 280 272
1 165 211 210 320
1 352 181 394 283
1 91 228 140 351
3 144 23 170 61
3 115 20 131 49
3 1 25 15 80
3 2 77 22 138
3 1 178 22 232
3 13 170 47 222
3 1 232 28 302
3 0 301 37 352
3 31 273 77 347
3 62 254 104 350
3 103 199 146 235
3 123 175 168 231
3 111 145 148 188
3 88 115 109 178
3 67 147 100 186
3 54 160 86 212
3 49 75 89 108
3 204 15 226 58
3 140 78 190 112
3 205 132 240 192
3 167 167 197 207
3 129 329 152 354
3 75 213 105 267
3 47 215 84 261
3 31 224 66 281
3 203 300 242 351
3 189 320 217 353
3 197 279 221 322
3 227 277 261 327
3 267 301 311 351
3 311 313 371 350
3 379 306 411 355
3 293 253 348 330
3 330 280 364 343
3 335 235 376 298
3 418 251 450 306
3 391 217 430 272
3 425 177 451 241
3 435 221 467 250
3 448 237 485 284
3 460 281 497 350
3 456 195 483 253
3 294 38 315 80
3 312 52 333 121
3 268 57 298 91
3 300 92 326 139
3 332 99 365 185
3 365 88 392 139
3 364 72 396 117
3 339 64 360 120
3 345 44 372 80
3 377 59 398 102
3 377 30 403 74
