60
1 0 34 42 163
1 15 36 70 172
1 56 27 115 174
1 101 36 155 171
1 129 40 181 166
1 168 43 221 175
1 343 24 404 173
1 389 15 452 170
1 410 26 469 170
1 439 16 501 170
1 511 16 575 172
1 490 20 549 167
1 547 24 608 176
1 259 283 328 454
1 288 293 355 457
1 303 292 370 456
1 322 284 391 456
1 341 290 410 458
1 359 280 431 456
1 386 282 458 457
1 409 272 486 460
1 433 261 513 457
1 464 256 545 457
1 501 233 590 453
1 545 216 642 456
1 630 259 710 457
1 688 255 765 443
1 766 248 852 460
1 740 262 817 453
1 22 499 77 635
1 63 483 126 640
1 112 535 148 624
1 146 530 185 626
1 183 558 205 615
1 195 543 226 621
1 137 574 153 614
1 295 484 358 640
1 399 485 466 648
1 494 483 559 644
1 599 500 649 625
1 648 547 688 645
1 711 519 762 646
1 763 552 800 644
1 812 534 855 644
3 490 14 518 52
3 315 113 343 153
3 302 113 321 137
3 282 112 312 166
3 261 117 281 154
3 241 116 265 150
3 665 3 718 156
3 742 3 805 72
3 797 22 852 164
3 1 309 49 443
3 16 200 72 242
3 33 239 81 276
3 66 263 100 321
3 101 295 140 373
3 130 199 179 266
3 180 225 212 310
