189
1 8 117 25 159
1 0 121 14 163
1 22 114 39 155
1 19 110 32 144
1 33 114 48 152
1 39 123 53 161
1 50 114 66 154
1 66 117 79 152
1 78 116 92 154
1 85 116 100 154
1 95 117 109 151
1 110 128 122 159
1 113 117 129 158
1 128 119 144 160
1 139 120 154 158
1 147 122 161 158
1 157 119 171 154
1 164 118 178 156
1 172 119 184 152
1 191 121 205 159
1 206 121 221 159
1 213 127 227 162
1 225 120 241 159
1 234 120 250 161
1 237 120 255 163
1 246 121 261 161
1 258 123 273 160
1 268 127 280 156
1 280 121 295 157
1 291 122 306 159
1 298 122 312 159
1 314 123 329 161
1 322 121 338 160
1 331 125 346 163
1 342 122 357 160
1 357 125 371 159
1 336 117 353 158
1 370 122 386 163
1 385 120 402 164
1 398 125 411 160
1 376 122 391 159
1 422 125 437 161
1 441 125 455 162
1 461 118 479 162
1 480 125 497 168
1 474 119 491 163
1 492 125 508 166
1 503 121 520 164
1 514 121 529 160
1 522 127 535 160
1 530 107 542 139
1 537 103 549 135
1 543 107 555 138
1 510 55 520 80
1 498 54 508 80
1 463 55 474 81
1 451 54 461 78
1 439 56 449 81
1 412 56 422 83
1 407 56 416 79
1 397 67 409 96
1 382 67 393 95
1 144 86 156 116
1 397 101 409 133
1 408 111 420 141
3 457 86 469 99
3 469 84 478 95
3 477 84 486 96
3 491 77 495 88
3 495 85 507 97
3 516 91 528 104
3 508 101 518 108
3 1 103 9 115
3 10 105 21 117
3 25 106 36 115
3 40 103 49 111
3 48 105 54 119
3 54 107 64 114
3 64 106 76 115
3 95 106 104 115
3 114 82 123 95
3 125 82 138 94
3 109 112 116 122
3 126 112 132 121
3 161 109 169 117
3 171 106 184 116
3 218 84 231 94
3 302 81 316 93
3 203 112 212 122
3 218 108 229 119
3 229 107 238 119
3 262 111 273 120
3 255 111 264 120
3 289 118 298 130
3 298 117 306 127
3 330 112 343 118
3 347 110 359 120
3 386 99 397 111
3 43 214 57 246
3 61 215 79 250
3 75 210 86 222
3 85 219 97 248
3 89 208 101 219
3 106 206 116 219
3 99 220 110 252
3 113 215 123 244
3 125 216 142 244
3 142 212 154 246
3 157 212 168 240
3 168 212 178 240
3 180 215 191 238
3 191 216 203 236
3 189 205 200 216
3 208 210 219 219
3 220 206 234 222
3 229 203 241 213
3 255 204 266 213
3 84 267 108 303
3 111 261 125 276
3 126 270 139 302
3 125 253 139 266
3 145 266 153 293
3 155 263 170 288
3 143 248 157 261
3 158 244 170 258
3 170 242 182 253
3 173 253 191 279
3 184 248 209 280
3 201 243 213 268
3 209 232 227 258
3 223 231 239 263
3 234 230 254 263
3 254 228 268 259
3 268 228 279 261
3 280 228 295 259
3 297 231 309 253
3 236 211 247 229
3 248 216 262 231
3 269 217 285 229
3 280 204 291 217
3 297 206 311 222
3 312 209 327 223
3 266 266 283 303
3 292 265 304 301
3 308 262 328 297
3 335 254 359 280
3 326 241 341 257
3 310 224 323 250
3 325 225 334 240
3 328 215 345 232
3 337 214 350 227
3 352 221 362 235
3 341 228 354 244
3 353 240 367 258
3 362 233 372 249
3 374 231 397 248
3 377 210 389 230
3 361 214 370 228
3 349 205 360 220
3 390 208 399 224
3 396 203 409 215
3 399 216 413 240
3 410 209 428 239
3 425 205 435 219
3 433 204 442 216
3 444 212 449 237
3 455 205 466 234
3 465 204 478 235
3 479 203 488 211
3 487 210 497 237
3 502 203 517 218
3 501 215 513 237
3 263 174 279 205
3 275 167 283 176
3 280 178 289 203
3 287 174 292 183
3 298 172 307 186
3 306 180 313 202
3 310 174 318 185
3 321 173 338 185
3 325 184 339 205
3 340 172 352 179
3 344 180 354 199
3 353 180 364 201
3 354 173 366 182
3 366 170 377 180
3 371 179 383 203
3 385 179 399 202
5 418 99 533 132
