34
1 177 27 387 540
1 371 268 489 555
1 490 72 688 554
1 104 102 153 222
1 147 95 197 220
1 697 157 751 291
1 781 167 845 323
1 734 159 793 305
1 879 194 937 383
1 849 183 917 349
1 828 241 868 338
3 0 69 41 134
3 37 86 64 128
3 64 79 105 126
3 99 71 125 102
3 131 99 156 134
3 179 95 195 127
3 196 101 220 124
3 314 99 338 139
3 335 106 364 145
3 373 95 401 117
3 378 122 399 154
3 399 114 419 141
3 419 131 446 182
3 446 114 475 185
3 494 132 522 194
3 518 124 542 177
3 539 124 568 169
3 662 138 678 179
3 681 151 699 184
3 700 153 719 177
3 744 144 766 173
3 787 166 798 197
3 861 166 883 211
