33
1 38 123 73 212
1 84 130 125 232
1 69 107 101 188
1 62 94 88 159
1 33 97 53 147
1 17 101 38 156
1 12 102 25 136
1 107 127 133 193
1 144 121 175 198
1 202 190 257 326
1 248 156 293 267
1 304 212 348 320
1 374 154 435 303
1 193 130 233 231
1 185 116 211 183
1 215 123 236 174
1 245 127 267 181
1 119 85 141 139
1 137 78 156 126
1 128 78 150 132
1 148 77 165 118
1 87 72 99 103
1 95 69 105 93
1 153 56 161 75
1 127 62 134 80
3 102 100 116 112
3 108 115 123 132
3 74 93 89 104
3 46 93 59 102
3 60 92 70 101
3 44 82 58 91
3 58 82 72 91
3 25 88 38 101
