68
1 2 200 10 223
1 8 199 16 222
1 19 206 25 223
1 30 208 38 228
1 44 208 52 230
1 59 209 67 232
1 76 213 83 232
1 89 213 99 238
1 101 214 111 238
1 124 216 134 241
1 145 217 157 246
1 174 221 185 251
1 199 221 212 255
1 234 226 246 259
1 273 228 288 266
1 317 232 333 271
1 500 207 513 238
1 535 205 546 234
1 561 203 571 228
1 580 200 590 225
1 596 197 605 221
1 607 197 616 219
1 622 197 629 217
1 635 195 643 215
1 648 195 655 212
1 661 195 666 211
1 668 194 675 213
1 677 195 682 209
1 683 194 687 207
1 249 205 257 225
1 255 204 262 221
1 264 197 271 216
1 284 199 290 215
1 293 204 301 223
1 298 203 304 219
1 316 203 321 219
1 424 196 430 213
1 415 200 420 214
1 429 198 433 211
1 447 194 452 209
1 454 197 459 210
1 221 205 230 227
1 214 205 221 223
1 160 206 168 227
1 136 205 143 224
1 109 201 117 221
1 51 203 55 213
1 64 199 70 216
1 70 201 76 218
1 115 202 121 218
1 97 200 102 216
1 258 201 265 221
1 189 204 198 226
1 168 202 174 218
1 176 207 184 227
1 371 203 378 221
1 401 199 407 213
1 397 198 403 215
1 394 198 399 213
1 385 201 393 221
1 510 194 514 207
5 141 194 260 203
5 270 192 325 204
5 340 190 389 207
5 399 190 432 202
5 460 191 506 201
5 524 190 571 203
5 113 193 140 205
