32
1 427 238 577 605
1 661 227 779 515
1 48 195 235 653
1 207 235 224 279
1 227 232 247 282
1 242 233 264 286
1 292 227 311 277
1 320 226 335 265
1 347 228 367 277
1 372 226 395 282
1 390 231 413 287
1 403 234 421 277
1 408 225 428 274
1 430 227 449 273
1 446 225 466 277
1 519 229 539 281
1 541 231 564 290
1 551 218 575 276
1 593 215 613 265
1 273 233 287 271
1 303 229 317 265
1 332 227 345 262
1 338 226 353 266
1 361 224 376 260
1 367 226 380 261
3 36 238 48 261
3 222 235 237 250
3 828 208 874 596
3 692 219 716 257
3 354 224 367 240
4 177 226 188 263
4 185 227 202 264
