105
1 27 289 67 389
1 66 294 76 321
1 70 303 85 341
1 84 303 103 353
1 92 300 110 347
1 99 301 119 352
1 103 301 126 358
1 118 308 132 345
1 125 302 142 347
1 185 299 201 341
1 193 301 212 349
1 147 292 154 311
1 153 292 159 308
1 158 289 165 308
1 170 289 175 303
1 176 290 180 302
1 208 302 242 386
1 224 303 255 378
1 256 293 298 395
1 291 303 319 375
1 312 303 334 359
1 364 300 388 361
1 371 301 392 353
1 392 300 405 331
1 398 298 410 327
1 446 309 464 356
1 442 297 454 330
1 466 304 492 369
1 478 303 508 377
1 512 309 540 377
1 500 303 529 373
1 528 299 546 344
1 546 294 560 330
1 558 296 573 333
1 561 301 584 359
1 591 300 615 359
1 617 305 637 353
1 657 305 677 354
1 587 289 592 305
1 644 306 661 351
3 330 353 364 391
3 290 347 317 393
3 235 341 265 388
3 177 336 197 366
3 154 335 178 365
3 131 330 152 368
3 79 294 92 307
3 92 293 100 303
3 159 317 170 329
3 157 312 167 324
3 147 311 156 328
3 175 311 181 322
3 178 320 185 330
3 182 314 187 323
3 335 328 356 353
3 358 329 370 347
3 353 318 366 337
3 393 330 409 351
3 408 334 437 375
3 441 335 456 353
3 445 327 454 338
3 628 330 657 360
3 633 318 644 332
3 610 293 622 305
3 623 296 633 308
3 548 332 564 355
3 478 294 487 297
3 478 296 485 302
3 467 299 479 308
3 503 296 509 305
3 509 299 516 309
3 504 288 514 295
3 522 299 532 306
3 595 291 602 296
3 592 289 602 296
3 649 294 656 300
3 666 329 678 352
3 630 300 645 315
3 659 295 671 307
3 135 292 149 310
3 207 301 220 320
3 247 300 266 324
3 284 292 292 308
3 293 294 299 311
3 305 295 314 307
3 314 295 321 311
3 252 288 260 299
3 247 286 254 299
3 239 289 242 293
3 340 290 349 296
3 331 296 337 309
3 336 297 346 308
3 337 303 354 335
3 349 304 359 322
3 364 297 371 312
3 411 297 432 328
3 409 299 412 310
3 433 299 446 322
3 458 295 468 313
3 354 293 362 303
3 361 290 371 298
3 387 294 393 301
3 379 294 383 299
3 578 291 584 313
3 635 287 645 294
