46
1 28 314 55 382
1 39 306 65 371
1 60 316 82 371
1 86 320 110 379
1 99 311 127 380
1 113 313 142 383
1 138 310 168 387
1 173 325 201 393
1 208 312 243 399
1 249 313 285 402
1 288 304 330 407
1 337 313 372 398
1 319 320 345 386
1 361 316 391 392
1 412 314 444 394
1 427 313 459 391
1 457 322 501 433
1 389 309 426 401
1 373 302 420 416
1 488 322 523 410
1 464 307 499 396
1 544 296 604 444
1 603 312 635 390
1 643 312 678 398
1 661 314 708 430
1 701 315 735 401
1 728 319 764 406
1 768 313 814 425
1 786 314 839 443
1 842 312 884 417
1 859 314 893 399
1 901 311 942 414
1 933 317 964 393
1 940 319 985 431
1 966 316 1002 406
1 1001 317 1043 421
1 1037 317 1071 401
1 1063 310 1104 411
1 1091 318 1121 393
3 1088 309 1105 325
3 1044 309 1056 342
3 996 311 1018 358
3 538 304 567 345
3 501 309 514 326
3 284 314 295 383
3 272 321 286 387
