38
1 511 189 562 313
1 584 213 600 273
1 569 218 594 278
1 551 219 578 285
1 494 215 525 293
1 477 209 501 271
1 454 212 489 299
1 445 212 466 266
1 426 223 460 309
1 417 211 446 284
1 403 209 427 268
1 388 205 422 288
1 361 219 402 320
1 311 225 351 326
1 339 211 365 274
1 294 209 321 277
1 305 216 338 297
1 261 217 296 303
1 243 201 269 264
1 220 219 271 345
1 208 206 239 284
1 198 219 236 314
1 143 210 179 297
1 135 203 165 277
1 76 199 109 279
1 40 205 109 376
1 22 209 71 332
1 10 207 43 287
1 80 171 116 262
1 94 170 131 262
1 0 177 32 266
3 137 200 153 211
3 164 200 176 213
3 190 198 204 211
3 240 204 253 214
3 284 206 295 218
3 328 203 339 214
5 6 170 599 208
