114
1 380 78 388 99
1 439 200 474 286
1 406 206 431 266
1 374 210 390 252
1 270 231 290 282
1 44 251 76 329
1 0 208 33 309
1 0 195 24 294
1 103 192 122 239
1 67 204 85 247
1 56 194 75 240
1 202 191 216 229
1 162 185 176 223
3 39 303 56 314
3 120 268 134 282
3 143 266 161 284
3 168 280 176 302
3 144 301 159 319
3 186 292 203 313
3 212 246 223 260
3 176 224 194 240
3 185 215 197 228
3 171 208 183 223
3 245 232 255 244
3 241 237 251 249
3 240 199 249 216
3 230 183 242 193
3 250 178 262 188
3 275 197 287 210
3 284 203 294 214
3 304 206 316 220
3 316 199 327 215
3 305 254 317 274
3 318 245 329 261
3 335 236 348 255
3 328 255 346 272
3 366 298 377 326
3 240 302 261 318
3 389 308 406 317
3 402 304 417 327
3 432 286 459 311
3 473 239 493 252
3 484 209 495 225
3 439 211 450 226
3 426 212 437 224
3 403 194 413 203
3 388 195 398 209
3 351 169 361 184
3 336 160 343 170
3 325 161 331 169
3 330 157 335 165
3 403 161 408 174
3 414 168 419 177
3 420 179 428 189
3 430 181 438 193
3 439 167 448 173
3 449 171 456 179
3 464 182 472 193
3 449 194 460 201
3 484 174 495 180
3 488 168 495 172
3 489 149 498 159
3 33 166 43 175
3 51 162 59 175
3 60 170 67 180
3 79 176 86 186
3 86 165 94 176
3 65 146 74 155
3 80 149 94 156
3 83 140 91 147
3 98 150 106 164
3 108 140 115 149
3 115 148 122 157
3 124 160 132 171
3 135 169 144 178
3 125 176 135 185
3 134 179 142 191
3 130 192 139 202
3 157 153 168 162
3 173 149 180 156
3 180 152 187 159
3 190 144 195 153
3 197 145 202 152
3 203 149 210 157
3 228 160 235 169
3 263 156 268 165
3 15 142 22 148
3 30 142 38 150
3 206 169 215 178
3 201 180 210 186
3 170 172 179 182
3 345 190 353 200
3 303 160 314 165
3 299 150 307 159
3 308 147 314 158
3 316 139 323 149
3 322 138 328 148
3 343 147 350 155
3 350 141 358 151
3 363 144 370 153
3 369 145 376 155
3 376 149 383 161
3 389 150 396 156
3 399 145 405 154
3 409 142 421 150
3 413 151 425 160
3 435 147 445 156
3 442 146 457 153
3 470 152 478 160
3 475 153 487 159
3 431 90 439 95
3 370 88 382 94
5 2 66 492 144
5 129 38 493 76
