49
1 0 236 59 441
1 8 281 60 408
1 34 274 90 414
1 62 281 100 376
1 85 283 122 374
1 90 283 138 400
1 118 281 162 388
1 136 284 171 372
1 148 280 191 386
1 170 285 210 384
1 208 299 239 376
1 215 278 258 382
1 261 285 300 382
1 191 264 220 334
1 203 264 223 312
1 240 258 273 339
1 235 258 262 324
1 267 259 300 339
1 288 274 315 343
1 309 280 332 337
1 313 283 353 380
1 331 281 374 387
1 354 282 395 384
1 392 288 431 383
1 378 282 402 340
1 406 275 432 338
1 414 256 464 378
1 457 294 494 386
1 463 275 477 313
1 483 267 509 333
1 508 263 534 327
1 501 283 516 320
1 522 278 564 383
1 551 265 567 305
1 566 269 577 299
1 568 277 608 376
1 578 283 616 375
1 605 282 641 371
1 616 260 666 382
1 635 266 676 369
1 96 259 108 289
3 148 250 162 268
3 110 261 122 276
3 163 257 174 273
3 181 264 194 274
3 222 258 235 274
3 614 260 628 275
3 663 272 685 289
5 265 264 617 278
