83
1 626 199 659 281
1 648 223 666 269
1 676 229 690 272
1 548 196 580 276
1 548 229 562 264
1 571 220 588 263
1 510 201 527 244
1 488 202 512 261
1 481 225 497 266
1 467 226 481 262
1 449 196 476 261
1 406 194 433 261
1 410 204 454 314
1 385 197 408 253
1 390 205 421 283
1 349 195 381 273
1 341 200 403 351
1 286 204 311 265
1 325 198 350 261
1 232 218 256 277
1 181 221 200 271
1 105 208 141 296
1 96 185 124 257
1 60 198 79 246
1 35 200 60 263
1 588 220 602 258
1 220 228 237 269
1 250 218 268 263
1 522 206 534 236
3 0 206 7 223
3 11 218 22 236
3 30 228 39 238
3 53 227 65 238
3 56 218 63 230
3 74 222 89 231
3 135 219 144 231
3 142 198 153 209
3 155 202 166 211
3 152 214 159 226
3 159 225 167 231
3 167 231 173 238
3 179 229 185 239
3 176 206 184 216
3 182 200 189 212
3 190 202 199 212
3 196 194 203 207
3 204 199 213 210
3 199 224 208 233
3 210 220 219 231
3 222 220 230 229
3 222 202 231 212
3 214 190 222 199
3 231 194 241 201
3 246 197 257 209
3 269 198 285 209
3 266 223 279 230
3 266 237 276 244
3 273 234 285 244
3 319 208 332 218
3 306 202 318 215
3 318 225 326 236
3 325 223 335 232
3 335 224 348 235
3 345 224 352 234
3 342 206 354 217
3 439 224 448 236
3 448 217 458 228
3 484 200 496 212
3 532 207 539 217
3 540 203 549 213
3 575 201 587 213
3 595 203 604 212
3 613 210 621 220
3 604 227 613 240
3 610 221 623 236
3 626 199 639 211
3 629 208 641 219
3 663 226 672 234
3 673 234 684 245
3 653 201 665 211
3 666 198 678 209
3 672 222 681 232
3 529 224 546 238
