54
1 40 222 116 407
1 75 211 141 373
1 217 225 290 406
1 245 211 307 364
1 403 231 474 408
1 385 214 448 368
1 558 214 622 370
1 602 220 676 404
1 4 194 31 260
1 17 195 42 258
1 36 195 53 240
1 48 194 69 248
1 123 194 140 238
1 83 193 100 237
1 213 193 240 261
1 190 192 216 258
1 234 195 249 234
1 274 188 293 237
1 382 192 410 260
1 402 187 421 237
1 436 191 460 251
1 462 192 488 257
1 481 187 508 253
1 469 189 495 256
1 496 188 522 255
1 509 192 535 259
1 527 187 555 258
1 554 221 567 256
1 553 189 580 257
1 567 191 592 254
1 600 193 615 230
1 617 194 637 245
1 658 229 672 264
1 667 194 690 264
1 656 193 683 261
3 72 193 85 212
3 95 187 107 206
3 109 192 117 209
3 159 195 177 207
3 254 194 272 208
3 292 186 306 200
3 296 204 313 219
3 332 202 341 216
3 342 202 353 214
3 350 208 362 221
3 362 192 373 204
3 368 207 381 219
3 384 190 394 208
3 427 195 435 209
3 549 186 561 201
3 640 183 651 197
3 638 197 649 211
3 610 185 621 202
3 650 193 660 206
