37
1 566 125 595 197
1 582 108 611 180
1 650 119 680 196
1 669 115 690 181
1 321 128 348 195
1 356 129 377 184
1 336 129 365 203
1 227 129 244 173
1 204 129 220 168
1 191 123 210 173
1 161 127 179 171
1 19 124 38 174
1 0 120 15 173
1 529 126 555 192
3 38 148 51 159
3 44 131 53 144
3 51 129 63 146
3 77 133 89 150
3 127 140 141 153
3 142 144 152 162
3 124 164 137 174
3 90 167 103 182
3 168 165 187 178
3 221 161 228 175
3 228 148 238 160
3 238 143 258 161
3 373 143 386 165
3 387 150 396 168
3 396 153 411 173
3 415 155 435 178
3 439 156 457 184
3 465 162 485 188
3 490 166 522 195
3 539 178 571 211
3 592 161 611 183
3 611 160 627 193
3 547 28 561 50
