44
1 0 177 44 315
1 20 185 94 366
1 57 174 93 263
1 94 174 138 283
1 167 182 189 238
1 190 195 229 293
1 202 203 299 443
1 292 162 306 198
1 309 159 324 196
1 325 151 344 197
1 274 164 287 197
1 261 181 289 249
1 342 151 359 193
1 315 202 360 311
1 346 185 375 258
1 401 148 421 198
1 440 145 466 210
1 432 144 456 206
1 646 135 704 276
1 207 184 228 237
3 416 171 445 213
3 501 162 515 181
3 477 165 504 229
3 482 172 530 254
3 486 170 546 269
3 486 187 594 317
3 510 203 654 411
3 567 212 783 492
3 516 150 538 172
3 550 131 574 188
3 565 148 611 211
3 593 153 611 179
3 600 140 622 167
3 607 161 622 177
3 621 152 635 163
3 638 152 662 176
3 616 161 642 205
3 695 132 715 159
3 715 128 746 169
3 732 148 750 171
3 753 138 778 173
3 780 147 798 170
3 747 162 797 249
3 676 155 725 242
