30
1 7 245 25 290
1 21 248 39 295
1 37 246 56 292
1 15 272 40 332
1 23 274 47 336
1 163 265 185 319
1 266 264 288 321
1 358 265 376 309
1 379 261 398 309
1 400 264 419 311
1 421 263 440 310
1 445 248 461 290
1 475 248 492 291
1 489 249 504 296
1 382 206 401 256
3 72 277 104 312
3 480 239 491 260
3 493 241 501 255
3 358 215 388 251
3 343 216 363 257
3 312 219 335 254
3 296 216 313 253
3 277 218 299 256
3 264 217 277 256
3 250 219 264 252
3 228 215 247 253
3 208 216 231 253
3 189 218 206 251
3 165 216 188 253
3 142 215 161 254
