48
1 0 203 8 226
1 24 202 33 226
1 41 200 51 227
1 60 198 72 227
1 51 206 115 363
1 131 205 190 352
1 171 204 226 342
1 522 211 585 366
1 486 211 543 353
1 423 213 473 336
1 404 214 451 332
1 387 201 437 325
1 369 204 418 323
1 347 214 390 321
1 323 213 367 323
1 298 209 344 321
1 279 207 326 323
1 249 210 295 326
1 212 197 263 323
1 588 219 594 234
2 12 200 16 213
3 97 188 126 241
3 105 190 146 288
3 138 204 158 230
3 166 194 194 225
3 201 201 231 269
3 244 194 267 231
3 273 198 297 224
3 348 201 370 231
3 468 209 496 282
3 490 208 511 248
3 612 222 626 243
3 624 222 640 247
3 45 257 114 380
3 106 256 142 372
3 139 265 190 368
3 185 267 220 362
3 207 262 249 357
3 231 251 277 355
3 272 252 315 346
3 306 254 334 339
3 324 249 358 343
3 343 259 380 344
3 371 258 404 349
3 404 255 443 347
3 433 266 472 361
3 471 262 525 366
3 573 218 588 240
