183
1 8 143 67 287
1 35 134 95 282
1 76 163 127 288
1 101 140 157 277
1 118 153 171 284
1 135 147 190 281
1 159 131 222 285
1 202 136 258 273
1 230 149 284 282
1 267 149 318 276
1 300 155 350 277
1 333 149 386 279
1 362 148 416 279
1 394 146 447 277
1 431 160 479 279
1 468 145 522 276
1 443 143 498 277
1 500 149 539 277
1 8 146 25 187
1 337 116 352 153
1 525 126 539 163
1 495 125 509 159
1 357 5 366 26
1 348 3 358 31
1 343 8 350 28
1 396 55 407 83
1 417 58 426 81
1 435 58 445 85
1 428 52 437 76
1 235 53 244 78
3 1 141 10 164
3 1 158 12 193
3 15 134 32 155
3 27 130 46 141
3 15 120 29 141
3 1 111 14 135
3 8 116 21 130
3 16 110 33 125
3 28 110 34 129
3 35 108 48 131
3 48 108 64 131
3 62 106 77 125
3 77 106 86 131
3 90 114 103 130
3 107 107 125 128
3 133 111 147 128
3 147 108 162 128
3 109 131 119 144
3 105 137 124 160
3 95 146 118 184
3 68 147 99 170
3 162 105 177 133
3 174 113 183 130
3 171 131 186 146
3 187 114 201 134
3 192 111 204 128
3 198 107 211 125
3 212 107 224 128
3 224 114 236 130
3 239 109 257 128
3 257 108 266 128
3 274 110 286 128
3 265 108 279 128
3 277 134 290 150
3 299 146 320 173
3 318 134 334 146
3 319 144 337 164
3 336 133 352 150
3 354 138 367 153
3 360 149 380 168
3 263 140 285 167
3 239 137 256 162
3 198 142 210 155
3 201 137 217 149
3 217 140 232 156
3 286 108 298 129
3 312 108 323 132
3 322 111 333 128
3 357 132 364 149
3 364 112 379 128
3 374 121 385 140
3 373 135 381 148
3 388 134 398 146
3 387 120 402 134
3 380 108 393 124
3 394 102 405 122
3 402 108 415 126
3 415 109 424 126
3 424 109 432 125
3 432 107 440 125
3 440 108 444 125
3 404 134 410 144
3 410 134 416 148
3 412 131 423 148
3 422 128 431 138
3 427 138 437 164
3 437 137 446 166
3 443 132 452 146
3 445 126 451 138
3 432 126 437 134
3 444 120 451 131
3 446 106 459 125
3 455 104 467 125
3 473 108 483 128
3 480 107 489 126
3 489 106 497 123
3 504 108 518 124
3 499 108 508 123
3 525 106 537 128
3 513 125 527 144
3 466 135 481 144
3 452 134 462 149
3 496 125 511 149
3 484 128 496 138
3 528 149 538 163
3 144 136 154 151
3 152 131 171 146
3 130 129 140 144
3 137 61 158 82
3 121 63 138 84
3 104 58 122 81
3 79 61 89 78
3 65 61 77 81
3 59 64 68 83
3 43 60 56 83
3 30 63 44 77
3 24 68 35 78
3 14 69 27 79
3 0 62 9 78
3 9 59 21 68
3 21 58 30 63
3 20 47 25 58
3 30 47 40 58
3 45 44 53 56
3 53 40 62 50
3 67 37 77 57
3 77 30 83 34
3 96 17 109 41
3 103 13 112 34
3 137 27 150 46
3 114 15 121 31
3 210 10 222 20
3 203 15 213 30
3 193 14 204 31
3 225 17 233 28
3 210 28 220 43
3 218 27 229 42
3 225 29 238 42
3 238 22 253 40
3 245 17 262 32
3 268 22 286 40
3 289 27 298 43
3 298 27 313 42
3 308 22 321 39
3 332 22 341 40
3 344 31 357 45
3 322 31 328 39
3 363 27 377 42
3 381 27 390 40
3 387 17 398 28
3 404 4 417 26
3 425 13 434 22
3 472 40 482 49
3 457 40 465 47
3 452 36 463 52
3 463 33 473 46
3 450 22 459 36
3 441 26 455 40
3 442 10 457 25
3 431 17 441 30
3 416 28 430 36
3 407 28 418 40
3 499 33 511 51
3 489 36 497 48
3 470 61 484 81
3 460 61 475 81
3 453 57 462 76
3 512 52 524 64
3 517 55 530 74
3 511 40 524 52
3 532 40 537 60
3 523 2 534 17
3 506 4 514 21
