51
1 0 199 32 298
1 12 204 47 289
1 35 206 71 297
1 19 204 57 299
1 96 204 134 298
1 118 206 155 298
1 151 208 181 285
1 185 199 224 297
1 197 200 236 295
1 325 215 358 298
1 343 193 385 298
1 396 188 441 299
1 455 200 494 297
1 456 144 469 179
1 438 144 453 180
1 412 143 428 182
1 360 150 370 178
1 350 151 363 182
1 381 230 400 280
1 476 148 489 182
1 434 201 455 255
1 482 200 522 297
1 278 159 291 190
1 286 144 304 190
3 47 197 62 208
3 59 200 76 243
3 68 197 88 214
3 81 196 95 218
3 91 197 106 227
3 116 203 136 244
3 133 187 153 224
3 150 195 170 209
3 222 204 239 237
3 233 201 264 234
3 234 218 263 298
3 246 211 283 298
3 280 213 313 298
3 285 194 302 215
3 272 197 288 209
3 303 200 329 228
3 319 194 351 227
3 503 157 515 181
3 487 159 504 178
3 459 165 480 181
3 427 163 448 181
3 410 162 425 179
3 391 164 408 181
3 510 190 525 224
3 265 153 284 183
3 308 151 329 184
3 293 151 312 186
