32
1 8 230 24 271
1 0 198 27 268
1 12 201 37 264
1 27 197 54 266
1 40 200 66 264
1 57 200 82 260
1 71 198 98 263
1 110 184 148 277
1 86 197 114 265
1 129 167 175 279
1 195 81 301 341
1 407 126 475 291
1 271 194 297 259
1 281 189 311 263
1 297 181 330 263
1 319 188 346 255
1 324 155 370 271
1 358 167 400 269
1 383 177 417 262
1 447 169 483 259
1 474 167 500 262
1 153 186 182 257
3 6 185 16 195
3 16 185 25 199
3 23 184 34 201
3 69 185 80 202
3 81 187 92 206
3 175 22 302 262
3 288 180 301 194
3 325 176 343 189
3 469 168 484 187
3 397 89 484 246
