33
1 153 175 244 399
1 199 147 250 275
1 245 111 343 353
1 317 139 391 323
1 383 168 418 254
1 366 151 396 226
1 435 135 503 300
1 471 145 526 282
1 491 155 535 266
1 509 150 551 252
1 526 146 564 238
1 595 139 661 303
1 712 142 735 199
1 689 152 699 176
1 675 151 682 169
1 663 156 667 169
3 162 146 189 177
3 189 146 210 170
3 207 144 219 177
3 261 140 280 173
3 305 138 339 207
3 331 151 342 179
3 396 143 416 174
3 410 153 430 174
3 428 147 448 168
3 448 150 459 164
3 453 151 468 163
3 556 156 570 226
3 565 154 576 223
3 577 150 584 217
3 583 149 589 211
3 598 144 622 193
3 604 152 629 179
