45
1 0 218 58 369
1 16 218 78 372
1 47 236 113 399
1 82 201 152 373
1 97 243 161 399
1 115 190 190 375
1 143 230 215 406
1 199 230 280 430
1 229 200 304 384
1 253 227 332 421
1 283 205 354 379
1 307 222 386 418
1 350 207 426 392
1 372 236 448 421
1 396 210 469 389
1 435 226 513 419
1 495 243 571 431
1 543 248 615 424
1 591 248 664 426
1 672 230 720 369
1 647 216 707 364
1 632 210 695 366
1 614 218 682 384
1 574 220 638 379
1 526 210 598 385
1 488 216 552 375
3 49 205 70 255
3 57 206 91 250
3 70 192 89 218
3 81 193 106 230
3 124 196 150 233
3 169 195 218 257
3 204 190 232 216
3 204 216 232 254
3 237 198 263 232
3 286 207 312 246
3 357 209 381 246
3 388 200 409 227
3 402 211 435 245
3 444 213 464 247
3 488 216 508 256
3 501 202 529 236
3 572 194 604 240
3 606 206 626 220
3 611 217 629 240
