38
1 100 136 219 426
1 178 149 221 256
1 456 97 496 196
1 406 100 424 144
1 397 110 408 136
1 365 101 382 146
1 636 81 651 118
1 366 291 391 354
1 431 288 450 338
1 447 288 467 339
1 459 288 476 333
1 473 294 538 456
3 66 154 98 203
3 80 108 207 269
3 170 143 187 172
3 233 136 284 232
3 260 145 296 220
3 280 137 340 227
3 220 143 241 216
3 448 103 459 123
3 458 87 483 114
3 484 90 507 125
3 501 93 525 121
3 525 95 542 129
3 532 95 552 116
3 555 96 568 120
3 564 94 577 118
3 579 96 594 120
3 397 319 425 345
3 420 315 439 340
3 401 290 424 312
3 515 283 532 314
3 468 266 518 324
3 537 277 565 322
3 551 282 574 322
3 583 282 603 309
3 596 277 618 318
3 619 280 637 313
