31
1 212 1734 576 2623
1 991 1687 1352 2570
1 1345 1711 1667 2499
1 1628 1723 1936 2474
1 1933 1708 2243 2464
1 2204 1677 2512 2429
1 2552 1618 2930 2540
1 2554 1627 2864 2385
1 3057 1669 3329 2333
1 3318 1729 3550 2296
1 3294 1758 3427 2083
1 3250 1798 3313 1954
1 2952 1802 3027 1985
1 3057 1813 3111 1946
1 3474 1753 3583 2018
1 3700 1778 3809 2046
1 3766 1783 3852 1996
1 3851 1737 3995 2088
1 4044 1746 4183 2086
1 4208 1718 4361 2091
1 4355 1725 4507 2096
1 4433 1734 4578 2087
1 4495 1753 4637 2099
1 4778 1807 5184 3403
3 3687 1752 3794 1827
3 4608 1748 4677 1874
3 4883 1599 4947 1806
3 4909 1590 4984 1692
3 4914 1631 5024 1786
3 4960 1622 5114 1783
4 4 1568 525 2317
