64
1 235 172 279 279
1 234 139 271 233
1 265 105 297 185
1 191 132 227 220
1 161 140 199 236
1 109 115 144 200
1 71 118 104 202
1 61 111 95 195
1 48 105 80 184
1 42 100 72 175
1 31 96 58 162
1 153 112 189 201
1 136 108 168 186
1 127 100 158 176
1 94 109 127 189
1 87 102 117 179
1 60 29 81 83
1 41 14 63 70
1 8 14 27 62
1 23 4 43 54
1 0 0 15 43
1 444 65 472 134
1 438 61 467 135
1 432 61 461 135
1 431 40 458 106
1 424 36 453 106
1 420 36 447 103
1 455 14 472 70
1 443 6 466 64
1 412 16 434 73
1 404 10 423 59
1 392 4 416 65
1 383 15 406 73
1 374 6 399 68
1 358 21 380 77
1 339 13 360 68
1 48 0 65 42
3 253 99 272 133
3 249 92 264 110
3 179 86 193 100
3 165 98 176 114
3 163 90 174 104
3 146 87 164 106
3 124 90 138 113
3 107 93 122 111
3 98 92 114 108
3 63 93 75 108
3 81 99 97 117
3 16 2 30 14
3 355 7 364 24
3 353 2 364 12
3 340 9 345 21
3 333 3 343 35
3 326 1 339 30
3 326 0 334 25
3 322 2 331 24
3 315 2 323 20
3 383 0 394 12
3 417 0 426 12
3 423 5 433 18
3 408 8 419 24
3 435 3 446 15
3 442 0 452 12
3 62 7 78 22
