39
1 109 226 154 337
1 130 217 169 312
1 153 213 183 290
1 166 211 218 337
1 201 204 257 340
1 239 204 258 254
1 251 198 275 258
1 273 200 295 257
1 281 197 334 329
1 341 193 402 343
1 369 185 400 262
1 406 195 433 260
1 401 185 427 249
1 391 179 414 238
1 414 186 465 313
1 482 182 538 319
1 505 180 542 271
1 528 182 559 257
1 539 179 566 248
1 568 185 600 269
1 580 180 600 262
1 557 175 581 236
3 99 218 118 265
3 89 219 100 249
3 170 206 183 231
3 1 8 169 395
3 248 190 263 212
3 236 192 249 206
3 220 193 238 209
3 271 184 291 197
3 291 188 313 199
3 349 187 362 220
3 340 188 360 204
3 388 179 400 204
3 524 174 532 188
3 532 172 542 189
3 558 173 568 182
5 409 168 450 189
5 490 160 597 177
