75
1 25 159 52 227
1 59 151 94 237
1 93 157 117 218
1 126 161 160 247
1 150 161 170 211
1 203 168 246 272
1 201 162 230 236
1 259 157 285 224
1 272 159 306 245
1 331 158 361 234
1 422 154 451 227
1 476 161 500 238
1 471 134 489 181
1 484 124 500 174
1 455 143 475 192
1 445 139 464 186
1 433 143 453 192
1 413 159 436 215
1 403 166 424 217
1 385 163 407 217
1 370 164 392 218
1 0 159 10 193
1 4 159 18 194
1 18 159 30 192
1 43 157 58 193
1 48 154 64 193
1 57 153 73 192
1 81 151 98 193
3 91 154 105 168
3 106 152 113 170
3 111 151 121 166
3 117 162 130 189
3 123 150 134 167
3 142 151 150 162
3 152 150 159 169
3 164 150 175 170
3 173 152 183 169
3 178 151 186 167
3 185 153 192 170
3 191 154 196 166
3 194 151 202 164
3 173 171 192 202
3 200 155 213 167
3 210 149 218 166
3 218 152 229 170
3 232 143 245 171
3 245 146 264 158
3 246 162 259 200
3 305 168 332 216
3 303 170 317 206
3 297 166 308 208
3 300 133 314 162
3 311 135 321 153
3 315 130 328 157
3 355 167 374 219
3 364 156 375 177
3 355 121 367 141
3 364 121 377 138
3 377 151 393 172
3 396 172 416 223
3 374 175 395 221
3 403 145 426 163
3 395 120 407 131
3 382 122 394 143
3 408 123 418 135
3 417 122 430 138
3 416 116 424 130
3 428 116 438 127
3 435 116 450 131
3 434 126 447 138
3 426 130 439 144
3 449 120 464 136
3 460 128 470 141
3 465 123 476 134
3 476 123 486 134
