43
1 0 160 66 329
1 15 148 71 288
1 112 165 180 332
1 420 162 456 250
1 391 160 433 262
1 234 164 280 279
1 256 164 300 272
1 303 154 355 282
3 1 158 14 209
3 19 144 35 164
3 46 138 55 158
3 49 143 71 189
3 42 150 113 205
3 76 141 93 171
3 93 148 106 177
3 114 150 126 177
3 66 179 134 325
3 130 148 145 166
3 144 146 162 175
3 158 148 180 181
3 187 149 202 162
3 202 146 220 174
3 212 146 232 186
3 231 148 251 181
3 240 152 254 183
3 256 146 271 166
3 177 157 230 289
3 182 240 274 323
3 257 208 301 297
3 279 153 297 185
3 289 154 305 173
3 294 162 317 218
3 315 146 340 169
3 338 150 361 184
3 371 143 391 171
3 385 150 402 172
3 369 151 395 219
3 327 167 375 241
3 313 224 365 290
3 338 201 409 328
3 410 221 497 331
3 477 182 499 239
3 439 168 471 235
