65
1 336 96 352 137
1 342 190 358 229
1 356 173 377 226
1 180 210 202 265
1 77 160 101 218
1 500 178 521 233
1 588 181 608 233
1 730 185 752 239
1 755 194 772 238
1 731 277 755 337
1 763 320 784 375
1 784 316 800 377
1 663 307 690 375
1 649 309 675 374
1 640 338 665 401
1 620 315 644 375
1 611 326 629 370
1 168 303 193 365
1 211 304 235 366
1 303 354 331 423
1 318 339 352 425
1 332 308 356 366
1 363 304 389 368
1 486 309 511 369
1 479 304 504 367
1 497 302 526 372
1 509 301 538 373
1 523 304 551 372
1 533 358 561 427
1 608 369 632 429
1 654 431 684 506
1 589 433 620 510
1 461 441 490 512
1 320 425 354 511
1 228 399 248 451
3 415 478 447 518
3 5 498 51 560
3 73 494 101 539
3 74 515 122 568
3 120 527 159 566
3 145 526 179 564
3 160 520 176 541
3 176 520 193 541
3 189 526 210 554
3 194 520 220 563
3 216 525 230 550
3 230 527 253 550
3 251 513 274 550
3 260 522 299 566
3 285 519 309 546
3 303 514 346 564
3 349 534 373 562
3 371 518 392 535
3 406 519 423 545
3 423 528 454 545
3 454 528 489 545
3 484 521 519 563
3 516 528 545 559
3 536 521 577 565
3 588 514 649 565
3 681 530 738 564
3 689 533 725 566
3 720 523 764 563
3 764 543 784 562
3 369 530 430 563
