37
1 16 68 32 109
1 27 68 45 113
1 51 71 77 135
1 79 70 109 144
1 74 69 95 121
1 69 62 85 101
1 102 72 126 130
1 114 61 135 114
1 127 68 147 120
1 151 75 181 150
1 171 80 207 170
1 200 66 220 117
1 207 70 244 163
1 290 71 300 100
1 283 70 293 97
1 274 68 285 97
1 267 66 277 94
1 261 64 272 94
1 252 64 264 94
1 248 67 259 95
1 242 65 253 93
1 237 65 248 92
1 220 60 232 89
1 217 61 227 86
1 213 59 223 86
1 179 65 188 90
1 188 62 198 89
1 154 61 165 87
1 151 58 162 86
1 148 61 158 85
1 144 61 153 82
1 163 60 173 85
1 160 60 168 83
1 138 58 148 83
1 130 60 140 85
1 162 64 187 126
5 1 62 125 83
