34
1 45 13 79 99
1 61 12 90 83
1 57 43 82 103
1 5 100 58 230
1 47 122 100 253
1 75 77 119 187
1 36 87 90 220
1 122 38 158 127
1 127 132 185 276
1 258 137 316 278
1 249 82 286 174
1 313 24 346 106
1 343 118 394 245
1 452 73 490 166
1 427 73 467 171
1 399 110 449 233
1 384 112 425 212
1 0 11 25 101
3 12 11 26 60
3 1 45 31 113
3 89 20 117 63
3 106 6 118 26
3 114 7 130 57
3 127 7 157 46
3 191 9 209 29
3 119 82 182 130
3 179 70 222 130
3 225 81 258 135
3 1 174 114 278
3 114 221 203 278
3 335 198 403 279
3 387 72 430 116
3 409 57 435 113
3 432 57 453 93
