48
1 1403 606 1538 939
1 1538 599 1675 935
1 1765 576 1918 949
1 1830 601 1966 933
3 2071 690 2215 973
3 2030 628 2279 882
3 1900 725 2187 984
3 1673 691 1922 978
3 1497 675 1736 973
3 1313 691 1522 958
3 1153 609 1425 992
3 977 629 1309 1022
3 760 614 1126 1043
3 443 595 937 1093
3 64 559 538 1131
4 451 793 480 879
4 248 789 276 852
4 201 778 247 861
4 496 796 535 869
4 536 807 562 874
4 553 814 587 928
4 583 809 596 851
4 596 813 606 851
4 607 811 625 858
4 621 810 640 842
4 767 812 785 863
4 777 808 804 880
4 800 802 835 929
4 857 802 896 862
4 1002 813 1022 890
4 1023 813 1038 874
4 1033 814 1044 869
4 1044 818 1062 867
4 1052 816 1080 865
4 1317 789 1337 821
4 1501 779 1515 833
4 1504 803 1552 871
4 1517 771 1543 806
4 1531 791 1555 823
4 1414 504 1500 618
4 1702 797 1724 856
4 1710 790 1732 823
4 1729 794 1748 837
4 2280 802 2295 879
4 2265 802 2276 852
4 2235 800 2265 852
4 2183 805 2216 874
4 2169 817 2202 903
