98
1 0 930 43 1103
1 46 945 101 1083
1 68 931 129 1079
1 153 935 218 1097
1 198 949 264 1113
1 392 948 421 1020
1 404 943 429 1003
1 413 945 455 1051
1 461 947 504 1054
1 534 944 557 1003
1 523 949 541 996
1 539 964 585 1078
1 567 937 623 1073
1 607 945 629 1000
1 621 952 640 998
1 631 949 650 998
1 636 961 680 1069
1 739 933 802 1086
1 752 939 806 1074
1 794 945 851 1084
1 829 939 866 1031
1 876 940 903 1009
1 864 947 885 998
1 897 946 921 1008
1 945 945 967 998
1 987 949 1022 1037
1 1013 949 1030 993
1 1025 942 1074 1062
1 1054 941 1105 1066
1 1107 932 1160 1062
1 1152 945 1202 1066
1 1181 941 1241 1089
1 1176 942 1199 998
1 1099 941 1121 994
1 1221 932 1282 1083
1 1264 920 1330 1083
1 1255 954 1281 1021
1 1264 947 1290 1014
1 1332 943 1364 1022
1 1357 936 1394 1028
1 1393 936 1430 1028
1 1427 955 1456 1026
1 1519 944 1576 1084
1 1570 951 1625 1087
1 1629 951 1669 1051
1 1591 938 1631 1036
1 1664 947 1704 1047
1 1790 958 1818 1029
1 1807 947 1838 1023
1 1827 946 1863 1036
1 1862 975 1884 1031
1 1876 956 1904 1024
1 1888 952 1918 1027
1 1946 948 2013 1115
1 1994 957 2030 1047
1 2017 965 2038 1020
1 1916 964 1939 1022
3 1987 945 2015 979
3 1905 951 1923 962
3 1803 943 1819 959
3 1787 948 1795 964
3 1696 943 1715 960
3 1689 937 1706 958
3 1668 943 1679 960
3 1634 943 1650 958
3 1618 944 1646 970
3 1575 944 1590 963
3 1555 945 1571 964
3 1510 944 1527 965
3 1480 943 1498 961
3 1465 944 1479 961
3 1442 940 1460 954
3 1426 945 1437 959
3 1428 940 1445 951
3 1401 940 1412 952
3 1389 944 1409 959
3 1231 941 1246 954
3 1223 939 1235 954
3 1216 943 1229 960
3 1152 941 1167 960
3 1143 942 1156 959
3 986 948 1001 967
3 959 946 973 966
3 939 950 951 968
3 921 954 935 965
3 797 938 822 996
3 736 941 750 958
3 671 947 683 966
3 663 946 673 959
3 652 948 664 960
3 631 946 643 957
3 578 945 586 958
3 569 943 579 960
3 459 944 468 962
3 442 940 459 966
3 109 937 132 983
3 192 923 222 963
3 380 943 397 958
