31
1 36 171 156 467
1 73 148 183 416
1 156 91 388 659
1 286 172 434 532
1 372 173 484 449
1 460 169 662 663
1 676 194 714 286
1 694 196 745 320
1 747 183 777 260
1 771 189 814 294
1 798 184 857 327
1 874 192 903 262
1 903 186 933 259
1 876 177 999 601
1 930 67 945 106
1 967 74 978 104
3 134 155 185 274
3 165 147 235 233
3 322 169 354 225
3 458 186 498 257
3 611 179 632 202
3 611 191 658 312
3 641 243 668 313
3 723 179 752 209
3 772 188 790 218
3 801 192 815 236
3 809 185 823 198
3 843 183 875 211
3 871 171 902 215
3 900 178 916 206
3 79 295 216 493
