37
1 0 130 59 281
1 45 124 110 282
1 80 129 141 280
1 109 132 170 281
1 147 132 208 281
1 181 135 239 279
1 204 128 264 277
1 224 131 283 278
1 257 137 313 277
1 283 134 341 275
1 318 127 381 280
1 353 129 411 273
1 422 134 480 277
1 507 124 567 270
1 548 120 600 267
3 34 187 79 287
3 74 184 114 291
3 113 185 150 293
3 142 179 190 295
3 190 187 234 293
3 225 185 272 295
3 267 185 301 299
3 296 190 330 293
3 325 186 371 293
3 357 186 406 294
3 388 190 431 294
3 414 179 465 301
3 454 186 495 301
3 484 182 522 290
3 512 184 559 300
3 559 182 598 293
3 488 126 533 189
3 464 130 499 193
3 420 114 451 160
3 400 133 430 159
3 323 128 344 161
3 39 128 76 189
