56
1 6 206 56 329
1 31 197 100 367
1 76 216 92 258
1 83 216 99 258
1 94 217 109 256
1 101 217 119 260
1 112 219 125 251
1 120 184 223 435
1 197 216 210 248
1 206 216 216 243
1 221 218 232 246
1 214 218 222 239
1 244 205 303 352
1 232 204 269 298
1 280 206 310 283
1 300 220 309 242
1 312 208 358 324
1 345 210 380 297
1 370 213 380 239
1 375 206 406 284
1 395 208 419 270
1 417 208 438 262
1 407 213 419 244
1 446 211 457 239
1 438 211 446 233
1 456 214 463 234
1 463 208 472 232
1 474 212 481 232
1 482 211 491 232
1 493 211 500 231
1 498 212 506 232
1 505 200 527 257
1 512 190 544 269
1 524 195 558 279
1 536 187 582 300
1 551 171 617 334
1 587 148 682 380
1 586 193 617 269
1 650 177 697 293
1 696 165 765 333
1 690 90 869 526
1 810 153 898 371
1 850 171 910 320
1 902 194 926 256
1 915 195 934 244
1 62 217 81 264
3 0 214 10 243
3 7 219 17 240
3 229 219 237 236
3 307 203 330 267
3 682 183 712 263
4 356 295 561 341
4 275 322 584 405
4 158 369 630 539
4 470 369 838 532
4 489 316 716 399
