69
1 3 252 15 283
1 12 255 23 284
1 21 256 31 283
1 31 257 41 284
1 39 255 50 283
1 47 257 58 284
1 58 256 70 288
1 67 257 79 289
1 78 259 89 289
1 85 255 99 293
1 96 261 108 294
1 105 259 120 296
1 119 259 133 296
1 113 257 126 292
1 130 257 146 297
1 141 264 156 300
1 147 259 162 299
1 162 266 175 301
1 169 262 184 301
1 180 264 194 302
1 189 264 204 304
1 204 269 219 306
1 198 261 214 300
1 215 263 232 307
1 228 270 244 310
1 240 262 261 313
1 257 263 275 310
1 270 260 290 310
1 280 270 299 319
1 288 263 306 308
1 301 270 318 313
1 312 274 329 319
1 323 269 342 315
1 330 279 348 323
1 337 267 356 315
1 347 280 366 327
1 360 272 378 316
1 372 283 390 329
1 366 275 384 320
1 380 276 399 322
1 391 279 411 330
1 406 273 428 328
1 399 274 418 323
1 413 285 433 334
1 427 278 447 329
1 434 283 456 338
1 447 276 469 331
1 453 285 474 340
1 469 283 493 341
1 482 283 500 330
1 493 279 515 334
1 513 291 531 337
1 529 287 553 345
1 523 285 546 341
1 547 283 571 343
1 561 294 583 349
1 572 294 591 344
1 582 293 606 351
1 599 292 622 348
1 608 292 631 351
1 621 289 642 344
1 628 285 650 341
1 633 282 657 340
1 642 289 659 334
1 650 281 668 328
1 660 283 677 326
1 672 289 684 321
1 168 225 173 239
5 26 234 677 287
