72
1 16 629 45 699
1 30 623 58 691
1 43 620 70 686
1 51 648 79 718
1 122 644 156 729
1 140 696 167 764
1 163 678 198 764
1 169 656 206 746
1 198 651 226 723
1 201 614 233 695
1 211 661 244 741
1 235 681 267 761
1 282 555 294 588
1 10 580 28 626
1 375 556 386 582
1 384 548 400 589
1 404 550 416 579
1 482 547 491 571
1 488 547 496 567
1 500 544 509 568
1 509 548 516 568
1 515 547 524 568
1 525 547 532 566
1 531 547 538 566
1 539 551 546 569
1 441 687 474 767
1 488 674 518 751
1 535 689 564 762
1 602 687 631 757
1 643 698 672 768
1 631 683 664 764
1 669 626 694 686
1 690 655 719 725
1 724 658 754 731
1 733 646 764 725
1 753 659 782 732
1 777 644 805 715
1 814 633 840 696
1 817 660 847 736
1 842 655 878 743
1 836 637 861 701
1 868 666 893 729
1 896 674 926 750
1 912 661 943 740
1 938 668 967 741
1 925 655 956 731
1 959 675 988 747
1 947 656 980 737
1 985 680 1019 762
1 150 652 179 724
3 4 737 38 763
3 70 719 111 766
3 113 743 134 766
3 326 648 341 670
3 353 635 381 675
3 383 636 409 673
3 450 696 484 765
3 493 707 533 759
3 541 709 583 763
3 563 698 599 752
3 605 669 625 708
3 622 674 650 729
3 761 633 787 663
3 719 694 776 762
3 847 628 866 648
3 868 635 889 668
3 897 637 920 674
3 898 656 919 685
3 945 633 974 657
3 967 642 990 672
3 982 645 998 669
3 993 648 1017 678
