43
1 42 335 109 501
1 110 294 168 439
1 150 259 200 381
1 189 254 232 359
1 225 227 259 310
1 250 216 283 298
1 262 212 287 272
1 279 199 304 260
1 320 159 338 205
1 342 156 361 204
1 336 193 361 254
1 327 210 347 262
1 319 222 341 276
1 307 232 340 314
1 267 243 309 345
1 252 268 296 377
1 228 298 283 435
1 166 332 237 508
1 307 324 381 504
1 356 244 398 349
1 383 220 411 290
1 398 199 428 276
1 357 161 375 204
1 373 155 394 209
1 386 162 404 207
1 407 156 429 209
1 431 228 467 316
1 451 291 508 430
1 464 325 547 528
1 618 344 692 526
1 615 295 675 441
1 547 268 594 384
1 528 233 563 318
1 522 214 559 304
1 464 211 492 283
1 494 194 516 251
1 512 201 538 267
1 329 282 389 428
1 447 259 498 384
1 548 245 590 349
3 355 256 384 292
3 371 221 392 246
3 448 198 473 232
