46
1 26 171 57 249
1 8 201 49 301
1 52 171 72 223
1 62 191 90 263
1 110 173 140 248
1 85 182 119 265
1 131 161 160 234
1 267 147 284 192
1 277 135 299 188
1 296 149 317 203
1 309 148 341 228
1 322 173 377 307
1 352 148 387 234
1 387 178 448 330
1 536 148 548 178
1 551 149 565 183
1 562 148 572 173
3 0 159 11 190
3 1 197 19 249
3 9 137 21 168
3 20 139 35 164
3 9 173 35 206
3 23 181 44 213
3 64 164 78 187
3 80 163 92 182
3 42 142 56 156
3 100 162 115 180
3 93 158 104 172
3 115 157 132 169
3 157 149 170 171
3 178 149 192 164
3 190 139 197 150
3 198 142 211 158
3 211 144 223 158
3 220 138 232 151
3 233 134 243 144
3 273 132 283 148
3 299 142 316 155
3 436 144 451 165
3 425 148 440 159
3 426 138 438 150
3 137 154 148 168
3 147 149 159 162
3 563 155 576 170
3 447 156 460 169
3 464 149 480 165
