61
1 92 94 123 169
1 353 110 376 167
1 371 46 393 102
3 18 33 31 56
3 9 32 19 49
3 1 31 12 50
3 5 57 18 88
3 24 57 40 73
3 4 77 31 113
3 25 68 44 89
3 27 83 48 118
3 12 99 39 139
3 3 121 22 154
3 58 46 71 65
3 76 51 95 92
3 92 55 105 86
3 63 95 93 118
3 77 99 93 130
3 66 130 96 164
3 37 154 64 210
3 115 97 132 129
3 128 113 148 140
3 123 127 151 181
3 103 87 113 105
3 112 85 124 102
3 130 84 147 111
3 175 127 201 178
3 192 68 197 77
3 181 67 186 76
3 170 64 183 80
3 182 36 191 49
3 281 51 290 66
3 281 45 292 56
3 293 45 301 58
3 284 36 294 48
3 292 32 303 40
3 320 55 330 71
3 316 43 325 57
3 306 43 313 57
3 370 43 381 54
3 366 49 374 63
3 359 39 363 58
3 303 93 320 114
3 317 69 334 96
3 368 94 388 129
3 378 104 427 145
3 378 143 416 186
3 398 119 415 150
3 406 136 427 173
3 391 213 444 282
3 397 204 431 238
3 362 206 399 260
3 314 189 350 257
3 259 134 289 178
3 355 70 364 88
3 438 61 447 80
3 171 35 182 45
3 127 37 139 51
3 216 47 226 68
3 222 33 231 44
3 214 33 223 42
