30
1 1 192 17 231
1 0 195 11 234
1 27 183 42 222
1 54 288 76 344
1 19 290 42 346
1 74 250 94 299
1 131 217 146 254
1 200 202 215 241
1 185 209 202 250
1 178 212 192 246
1 401 263 423 319
1 430 218 442 251
1 416 195 428 226
1 10 191 23 225
1 88 269 106 312
2 373 268 387 306
3 19 186 29 203
3 38 186 48 211
3 47 187 54 209
3 25 272 39 296
3 125 239 146 271
3 144 283 171 319
3 186 274 208 306
3 453 175 479 197
3 315 331 338 358
3 335 329 368 359
3 382 329 402 359
3 321 304 341 321
3 355 287 365 301
3 294 327 312 343
