39
1 69 178 127 323
1 111 169 171 316
1 435 171 521 384
1 508 159 563 293
1 473 101 522 224
1 343 195 411 362
1 423 186 495 361
1 391 187 460 359
3 70 239 136 346
3 135 234 196 332
3 197 234 238 307
3 242 233 285 298
3 278 222 311 297
3 275 254 335 363
3 298 279 381 384
3 311 191 348 226
3 330 165 356 198
3 343 182 362 215
3 322 156 336 190
3 298 173 324 196
3 292 172 307 196
3 264 159 291 188
3 231 172 277 244
3 198 149 265 198
3 200 188 234 238
3 174 200 217 242
3 156 188 199 237
3 141 136 209 193
3 360 164 383 190
3 321 107 387 182
3 379 151 410 182
3 377 182 408 215
3 399 173 426 212
3 425 168 451 203
3 425 152 450 177
3 419 79 471 164
3 377 247 428 365
3 393 275 491 396
3 0 180 35 309
