47
1 87 202 127 302
1 51 174 81 248
1 135 182 158 238
1 118 175 135 216
1 108 175 124 215
1 156 200 196 297
1 169 193 205 284
1 208 181 268 330
1 243 187 314 360
1 286 211 320 295
1 323 188 396 368
1 361 197 401 295
1 382 202 422 299
1 410 204 445 290
1 431 190 488 332
3 43 173 59 208
3 87 170 105 199
3 100 173 112 198
3 1 163 137 369
3 31 171 107 342
3 151 180 161 200
3 165 181 177 200
3 157 192 173 232
3 175 179 188 197
3 185 177 198 201
3 197 192 218 222
3 204 182 213 191
3 236 194 256 235
3 247 197 260 217
3 305 183 315 202
3 298 183 310 198
3 294 183 298 199
3 285 192 296 209
3 283 184 293 195
3 300 202 318 248
3 308 199 333 263
3 314 184 330 205
3 357 185 366 203
3 364 186 376 204
3 377 188 389 205
3 390 187 402 208
3 409 185 419 202
3 418 185 432 204
3 469 189 482 213
3 400 195 427 223
3 420 200 435 220
3 430 187 449 241
