71
1 26 326 43 368
1 47 334 58 362
1 56 334 68 364
1 67 341 91 400
1 77 328 105 397
1 122 328 148 391
1 146 338 155 359
1 137 337 146 359
1 157 336 170 369
1 155 341 163 361
1 171 332 191 381
1 166 338 177 364
1 195 340 203 359
1 213 331 246 414
1 241 340 254 374
1 64 336 73 358
1 250 335 268 379
1 261 336 279 380
1 273 341 287 376
1 278 335 293 373
1 284 331 299 368
1 294 341 307 376
1 306 327 338 408
1 333 331 359 398
1 325 334 342 378
1 353 337 368 376
1 364 334 383 382
1 380 336 397 380
1 391 338 407 378
1 403 337 420 382
1 410 336 427 379
1 425 338 441 379
1 446 341 459 376
1 459 337 472 369
1 454 337 466 366
1 483 345 494 375
1 469 339 481 371
1 493 334 525 414
1 490 340 505 380
1 517 334 551 418
1 552 336 572 384
1 558 327 582 386
1 571 335 595 395
1 590 333 615 396
1 606 329 631 389
1 630 332 651 386
1 626 332 642 373
1 646 332 660 380
1 643 331 659 372
3 1 314 61 438
3 66 318 144 436
3 299 331 308 342
3 400 336 410 346
3 422 339 432 347
3 434 338 440 351
3 442 339 454 351
3 476 334 483 341
3 482 336 489 341
3 491 334 494 344
3 541 335 553 356
3 545 290 557 308
3 555 289 566 309
3 648 236 658 250
3 629 244 643 259
3 608 248 621 257
3 621 250 628 258
3 597 252 604 264
4 449 242 469 289
4 454 233 471 261
4 461 237 491 285
4 484 229 512 265
