69
1 18 164 87 334
1 39 148 115 335
1 93 159 163 330
1 134 143 200 304
1 132 149 150 192
1 105 141 122 183
1 325 144 344 194
1 318 153 335 198
1 306 151 324 197
1 343 154 359 196
1 355 147 372 191
1 366 151 382 192
1 414 148 434 200
1 395 149 414 199
3 2 211 93 324
3 148 172 253 330
3 191 147 226 190
3 173 151 215 186
3 211 151 239 183
3 253 152 285 207
3 255 173 322 245
3 284 208 348 329
3 312 180 328 206
3 327 174 346 215
3 344 180 365 216
3 342 180 464 336
3 440 216 486 270
3 476 202 510 230
3 455 216 531 332
3 525 212 594 333
3 552 199 592 257
3 550 180 569 209
3 565 182 587 214
3 524 192 551 220
3 514 186 543 210
3 504 175 524 198
3 476 184 500 212
3 460 180 484 205
3 575 158 596 186
3 563 157 580 180
3 548 151 567 174
3 535 150 550 180
3 528 151 541 166
3 508 153 523 186
3 492 154 508 185
3 480 151 493 182
3 474 153 487 172
3 457 157 472 198
3 444 158 457 196
3 439 149 452 166
3 414 168 446 210
3 390 153 408 174
3 378 158 392 175
3 382 147 399 163
3 336 149 348 161
3 281 143 304 158
3 284 155 316 197
3 255 144 267 151
3 269 144 275 154
3 238 149 260 171
3 246 143 262 151
3 231 143 242 151
3 212 143 221 151
3 177 143 189 153
3 86 140 95 158
3 95 141 107 160
3 42 141 69 169
3 4 138 30 168
3 0 155 48 225
