69
1 116 130 180 286
1 135 114 248 390
1 180 119 287 382
1 226 109 341 393
1 307 151 406 394
1 320 102 439 394
1 377 80 504 390
3 0 124 35 228
3 24 120 80 239
3 88 0 120 53
3 107 10 137 66
3 136 2 158 36
3 125 22 151 67
3 135 40 164 91
3 152 55 196 117
3 151 22 179 57
3 168 0 193 18
3 173 14 193 46
3 187 9 209 50
3 204 2 228 27
3 207 24 237 56
3 199 44 253 92
3 181 88 229 122
3 233 77 269 107
3 223 97 246 120
3 258 4 289 62
3 277 40 313 89
3 307 1 346 35
3 360 3 392 34
3 386 2 414 32
3 407 0 431 24
3 429 4 456 27
3 452 2 477 34
3 494 3 531 44
3 528 2 558 52
3 563 1 597 38
3 381 33 409 67
3 405 45 437 88
3 420 28 438 65
3 428 39 452 79
3 435 56 451 98
3 455 33 476 53
3 452 47 474 78
3 451 59 482 84
3 456 66 482 97
3 457 98 482 117
3 441 109 458 142
3 459 115 493 147
3 463 146 495 219
3 491 134 532 213
3 485 114 509 139
3 514 128 551 211
3 541 131 585 211
3 579 137 597 188
3 567 110 598 156
3 575 70 599 110
3 530 112 549 130
3 515 91 545 126
3 500 71 526 114
3 484 61 511 96
3 477 42 497 74
3 497 42 517 82
3 510 42 551 75
3 517 60 541 100
3 529 75 558 124
3 550 56 583 98
3 349 58 387 103
3 374 93 437 270
3 305 71 372 168
