34
1 44 184 99 321
1 75 191 112 283
1 160 200 213 329
1 147 187 200 316
1 135 190 167 268
1 205 187 247 290
1 224 187 275 311
1 259 187 298 283
1 273 187 329 325
1 319 186 367 303
1 318 186 336 230
1 315 173 328 204
1 339 189 392 322
1 385 191 439 326
1 427 202 453 267
1 434 192 492 336
1 450 187 501 312
1 533 194 581 312
3 68 187 105 297
3 182 182 221 230
3 254 184 271 214
3 270 168 279 187
3 277 165 286 178
3 277 177 289 189
3 290 175 297 190
3 300 171 312 194
3 311 167 320 195
3 318 159 329 177
3 323 168 336 183
3 335 168 343 186
3 348 165 357 184
3 368 190 385 219
3 360 169 376 189
3 385 188 403 249
