31
1 0 50 43 163
1 24 58 37 91
1 47 60 60 93
1 55 60 67 93
1 73 50 90 94
1 94 47 115 100
1 106 52 125 98
1 127 50 146 96
1 161 46 233 222
1 209 50 229 102
1 245 53 298 182
1 251 52 259 74
1 242 51 248 69
1 284 50 319 137
1 316 46 352 135
1 347 58 380 139
1 370 47 384 83
1 382 55 408 121
1 146 52 151 64
1 154 48 159 63
3 148 70 168 102
3 42 120 114 212
3 113 114 172 189
3 214 90 261 152
3 267 42 279 69
3 320 43 334 66
3 340 43 360 70
3 380 52 393 67
3 385 129 414 192
3 347 149 410 236
3 281 171 396 271
