39
1 0 191 69 362
1 0 206 35 312
1 32 187 84 317
1 29 140 61 218
1 55 207 100 319
1 84 201 128 312
1 85 135 115 210
1 129 201 176 317
1 151 206 185 289
1 166 199 213 313
1 174 197 220 310
1 191 206 225 289
1 224 203 266 309
1 250 207 284 291
1 263 205 308 315
1 274 195 321 311
1 295 175 369 356
1 342 201 386 310
1 375 205 417 309
1 395 201 438 307
1 378 119 405 187
1 428 114 456 185
1 486 112 514 183
1 429 202 471 305
1 462 181 514 308
1 433 193 473 293
1 475 204 518 311
1 482 187 526 296
1 508 199 541 281
1 523 193 550 302
3 247 203 263 226
3 222 206 240 237
3 406 190 420 201
3 405 199 417 228
3 463 195 469 216
3 438 196 445 218
3 328 152 364 195
5 1 90 191 168
5 378 85 549 161
