38
1 1064 380 1083 428
1 1015 376 1060 489
1 982 390 1025 497
1 969 385 1016 499
1 916 395 970 530
1 850 418 901 546
1 779 405 842 561
1 725 418 814 636
1 783 392 806 449
1 729 385 752 441
1 696 400 728 478
1 667 417 744 608
1 604 431 713 699
1 591 417 695 673
1 481 459 589 723
1 431 432 525 665
1 456 422 553 660
1 342 448 441 690
1 411 398 474 552
1 199 419 302 673
1 226 418 309 621
1 144 434 246 683
1 48 416 137 633
1 577 409 621 519
3 1037 366 1068 428
3 0 429 64 556
3 103 415 141 505
3 178 395 202 430
3 152 419 191 490
3 207 421 232 469
3 455 406 486 458
3 492 385 520 426
3 514 392 541 431
3 616 393 639 417
3 649 385 663 417
3 677 388 693 419
3 750 398 779 441
3 772 385 794 406
