64
1 0 130 26 225
1 6 130 40 213
1 25 125 71 239
1 57 146 100 251
1 98 124 145 238
1 142 142 197 278
1 168 123 214 239
1 194 122 239 231
1 231 120 276 233
1 243 134 304 284
1 263 107 316 237
1 315 110 365 233
1 348 137 406 282
1 334 109 383 231
1 406 113 453 231
1 388 117 424 205
1 430 98 480 223
1 458 124 524 287
1 489 100 541 226
1 520 101 566 213
1 599 133 660 283
1 574 92 638 248
1 634 114 676 219
1 774 99 819 210
1 704 196 816 473
3 1 297 93 407
3 18 315 84 435
3 4 434 213 514
3 21 408 220 577
3 226 403 401 523
3 117 317 282 478
3 92 361 205 488
3 360 303 483 459
3 367 336 561 498
3 459 256 547 418
3 435 424 595 603
3 561 222 697 417
3 740 366 868 510
3 791 382 938 566
3 772 217 896 424
3 803 153 937 365
3 38 203 89 299
3 749 120 782 199
3 728 120 748 204
3 703 126 729 178
3 681 123 713 171
3 806 119 846 206
3 810 98 835 124
3 847 81 869 122
3 878 91 902 127
3 891 87 927 123
3 918 93 939 144
3 770 97 796 126
3 712 83 731 106
3 693 91 716 115
3 673 88 694 123
3 641 85 661 119
3 513 103 535 135
3 130 125 154 145
3 68 119 84 148
3 81 104 107 146
3 150 119 167 136
5 1 1 565 107
5 566 1 933 90
