35
1 0 245 33 346
1 16 261 55 356
1 49 246 91 349
1 41 253 77 344
1 69 278 101 356
1 81 245 148 409
1 123 257 157 340
1 112 238 117 250
1 146 246 185 342
1 161 248 199 344
1 167 250 252 459
1 209 248 251 353
1 236 257 274 353
1 253 252 284 331
1 268 253 307 351
1 280 241 331 369
1 310 259 352 363
1 337 252 373 339
1 327 211 360 292
3 0 254 22 361
3 30 236 55 267
3 74 244 95 266
3 80 253 103 281
3 99 248 118 269
3 214 249 230 269
3 224 233 240 252
3 239 236 256 255
3 242 252 258 272
3 275 211 295 250
3 293 213 306 253
3 302 210 327 255
3 318 214 328 230
3 323 213 339 259
3 353 203 367 238
3 358 213 370 247
