49
1 10 126 24 162
1 11 230 30 280
1 122 170 136 208
1 138 170 155 212
1 153 177 167 214
1 172 181 191 230
1 193 186 214 238
1 202 195 220 239
1 215 204 231 246
1 221 261 235 298
1 245 198 267 253
1 234 193 252 237
1 223 188 241 232
1 268 204 291 261
1 293 230 310 273
1 313 225 331 271
1 338 233 359 286
1 362 239 384 293
1 345 217 364 267
1 303 201 325 255
1 294 194 313 244
1 15 103 24 128
1 29 102 37 125
1 149 92 154 108
1 141 90 147 104
1 151 87 158 105
1 171 91 177 108
1 179 90 184 105
1 204 87 210 101
1 209 87 215 101
1 229 104 236 124
1 248 108 254 126
1 342 126 354 156
1 358 128 367 151
1 356 122 364 145
1 384 118 394 145
1 374 103 382 124
1 366 102 375 123
1 356 101 362 117
1 390 135 400 167
1 99 161 113 199
1 327 183 348 235
1 355 206 371 248
1 374 224 392 271
1 361 192 379 237
5 266 63 398 113
5 53 109 274 164
5 261 133 393 220
5 152 152 282 208
