50
1 0 160 74 351
1 103 170 153 292
1 123 164 177 296
1 202 148 294 373
1 457 162 500 350
1 337 165 381 276
1 284 176 310 239
1 300 174 321 227
1 306 175 327 228
1 315 179 335 227
1 327 181 345 226
1 186 182 206 233
1 164 179 185 234
1 95 179 114 226
1 66 181 90 242
1 74 179 95 233
1 39 176 67 247
1 59 176 80 228
1 268 176 290 231
1 416 178 451 266
1 195 174 214 222
1 208 176 229 227
3 56 163 67 177
3 67 161 76 172
3 70 166 77 177
3 79 160 84 178
3 85 166 97 179
3 95 165 105 179
3 154 167 160 182
3 157 167 166 183
3 170 159 184 179
3 184 159 195 172
3 196 162 206 173
3 363 178 375 200
3 374 174 382 200
3 386 179 398 204
3 401 177 412 199
3 412 180 426 197
3 396 197 410 228
3 408 200 421 222
3 385 205 406 229
3 377 199 389 222
3 365 195 378 222
3 450 182 471 233
3 436 173 446 188
3 447 177 454 196
3 251 168 259 187
3 256 172 263 189
3 264 176 269 188
5 248 155 361 180
