46
1 94 187 152 331
1 199 180 261 333
1 313 180 374 330
1 418 174 483 332
1 357 139 428 313
1 261 148 329 316
1 177 157 248 330
1 159 162 227 329
1 66 151 140 332
1 49 158 118 330
1 30 146 101 323
1 0 180 33 329
1 233 128 303 299
1 14 112 88 292
1 410 3 456 116
1 0 94 71 278
1 283 75 354 249
1 264 74 334 244
3 167 132 194 180
3 118 92 144 134
3 98 75 125 112
3 89 70 110 105
3 59 69 95 104
3 38 8 60 31
3 118 3 145 33
3 181 2 214 32
3 268 1 290 22
3 338 3 365 25
3 425 130 469 180
3 38 101 62 133
3 13 73 34 111
3 3 68 23 97
3 275 64 293 101
3 214 35 240 64
3 151 44 165 84
3 162 53 184 86
3 178 64 192 98
3 184 77 205 108
3 196 81 220 119
3 209 88 230 129
3 227 97 248 134
3 239 107 269 146
3 250 45 270 77
3 332 86 358 121
3 332 126 364 162
3 351 94 374 128
