45
1 2086 468 2300 1143
1 1961 584 2131 1000
1 1559 388 1951 1344
1 1286 556 1483 1036
1 1099 483 1380 1169
1 825 592 1047 1137
1 332 442 762 1492
1 155 554 459 1297
1 32 626 265 1194
3 62 567 173 690
4 3 160 64 486
4 15 134 88 481
4 76 152 141 469
4 97 204 228 663
4 314 197 437 661
4 483 207 613 467
4 240 166 353 493
4 175 150 247 506
4 403 156 504 383
4 346 123 423 240
4 597 176 661 492
4 518 124 643 242
4 711 182 836 635
4 916 187 1015 615
4 841 169 917 495
4 711 149 764 219
4 775 149 847 291
4 1046 144 1110 539
4 1108 143 1212 565
4 1241 296 1359 638
4 1354 318 1424 514
4 1394 336 1509 671
4 1459 305 1575 666
4 1541 329 1612 610
4 1598 347 1713 642
4 1599 319 1655 392
4 1683 344 1733 398
4 1718 344 1745 385
4 1745 347 1783 410
4 1769 343 1793 393
4 1782 337 1841 586
4 1819 335 1866 550
4 1857 333 1886 465
4 1891 347 1926 463
4 1919 342 1955 458
