26
1 352 882 439 1096
1 391 924 472 1121
1 450 942 536 1151
1 522 961 604 1164
1 616 996 692 1182
1 718 999 890 1421
1 897 970 1068 1390
1 1105 947 1270 1351
1 1285 957 1446 1350
1 1402 981 1495 1211
1 1201 947 1301 1194
1 1048 952 1136 1167
1 1097 973 1163 1133
1 1476 978 1602 1288
1 1522 959 1696 1387
1 1727 1006 1934 1510
1 1715 1027 1858 1377
1 1901 936 1998 1174
1 1653 929 1770 1217
1 1615 986 1716 1232
3 847 957 915 1047
3 890 1006 953 1064
3 941 933 989 982
3 1002 963 1050 1016
3 987 957 1021 1006
3 1032 977 1071 1029
