65
1 364 180 493 495
1 318 149 379 299
1 235 159 305 330
1 553 163 619 323
1 687 178 787 422
1 771 131 799 201
1 752 139 775 198
3 13 187 59 256
3 26 179 59 212
3 16 171 37 193
3 7 168 20 186
3 0 190 11 258
3 33 144 51 164
3 21 152 37 175
3 4 153 22 173
3 41 165 57 187
3 52 177 69 196
3 59 188 107 253
3 84 171 110 198
3 79 169 96 186
3 62 161 88 183
3 47 150 65 170
3 92 145 110 167
3 93 157 107 178
3 106 173 151 249
3 225 181 249 239
3 216 169 235 188
3 194 153 212 172
3 182 145 202 168
3 162 158 182 177
3 168 150 181 161
3 279 170 303 221
3 288 163 304 193
3 322 171 347 225
3 308 167 335 208
3 383 171 414 212
3 360 171 389 227
3 433 161 446 178
3 440 177 459 192
3 474 169 497 214
3 499 166 519 212
3 521 168 543 213
3 595 167 631 216
3 629 165 658 203
3 655 160 689 201
3 583 128 596 157
3 599 145 611 160
3 627 142 638 162
3 638 142 655 168
3 647 138 661 161
3 668 138 682 159
3 726 131 739 173
3 534 148 555 166
3 531 154 542 168
3 544 164 556 184
3 456 137 470 152
3 510 131 528 148
3 546 134 560 148
3 427 148 441 163
3 401 137 410 151
3 406 137 420 144
3 417 146 427 157
3 695 150 724 184
5 115 131 227 174
5 235 131 400 163
