35
1 0 121 31 225
1 7 117 51 224
1 26 108 76 230
1 64 112 116 240
1 90 107 145 245
1 133 103 196 257
1 178 99 246 265
1 216 98 283 264
1 251 96 327 281
1 296 103 365 274
1 344 89 426 292
1 385 108 457 286
1 413 104 458 294
1 163 102 223 248
1 53 114 98 227
3 171 108 191 136
3 125 112 141 135
3 96 113 112 131
3 340 105 364 136
3 363 102 376 123
3 397 95 415 120
3 429 93 451 117
3 428 116 442 138
3 261 109 288 130
3 227 114 245 132
3 35 116 45 128
3 59 120 71 131
4 18 80 49 112
4 46 57 85 117
4 62 30 109 108
4 120 61 152 109
4 168 14 233 103
4 418 58 439 95
4 412 54 424 93
4 407 44 420 77
