38
1 58 198 84 265
1 111 194 134 251
1 124 199 152 270
1 161 187 183 241
1 172 192 198 257
1 198 201 229 277
1 196 185 213 230
1 222 189 244 246
1 244 193 272 263
1 269 178 290 231
1 282 190 307 250
1 296 200 331 285
1 330 196 358 264
1 324 179 344 231
1 355 190 380 254
1 377 189 398 242
1 387 180 409 235
1 399 177 419 225
1 401 203 437 290
1 421 198 450 270
1 434 192 460 257
1 448 187 470 241
1 457 178 480 235
1 519 211 555 301
1 342 174 363 225
3 529 196 544 212
3 527 193 538 204
3 530 184 543 195
3 530 177 540 186
3 529 172 539 182
3 477 182 492 204
3 306 183 323 204
5 0 161 109 202
5 120 164 203 200
5 547 162 599 210
5 405 163 524 210
5 295 163 419 201
5 204 165 302 198
