55
1 125 53 170 162
1 142 34 200 176
1 13 267 29 307
1 42 265 62 315
1 81 266 103 323
1 108 273 125 317
1 146 269 166 320
1 232 271 250 318
1 255 260 277 316
1 223 270 241 313
1 211 271 226 310
1 204 267 221 309
1 192 268 206 305
1 178 268 193 306
1 168 268 183 304
1 127 268 138 294
1 38 268 46 287
1 334 62 363 132
1 370 69 382 102
1 397 68 406 91
1 322 70 340 117
1 309 69 326 112
1 295 71 311 112
1 304 68 316 101
1 282 67 300 112
1 266 66 284 112
1 286 67 303 110
1 434 63 448 99
1 446 71 455 95
1 472 72 484 102
1 486 69 497 98
1 503 69 517 103
1 511 66 531 118
1 525 64 543 108
1 510 237 544 357
1 482 243 510 311
1 476 247 498 300
1 456 245 478 299
1 443 245 464 298
1 422 249 438 290
1 407 253 424 294
1 393 251 410 292
1 354 251 373 301
1 365 252 382 293
1 348 253 363 289
1 339 252 355 292
1 306 256 322 298
1 290 259 310 310
1 270 245 303 328
1 96 269 105 291
1 104 270 112 291
1 159 267 170 294
3 407 39 446 117
3 355 217 401 286
3 349 64 358 82
