31
1 2 188 19 233
1 16 190 37 243
1 36 186 59 243
1 76 190 103 255
1 122 192 154 272
1 264 171 325 319
1 418 187 435 228
1 401 189 417 228
1 384 190 398 228
1 377 189 391 227
1 370 194 384 231
1 357 189 372 229
1 349 192 363 228
1 331 187 347 226
1 321 189 337 231
1 245 187 266 242
1 227 188 247 238
1 209 186 228 235
1 198 190 214 232
1 184 190 201 232
1 170 191 187 232
1 156 192 170 229
1 65 192 75 218
1 70 190 80 217
1 58 193 68 219
4 344 90 413 131
4 253 137 519 181
4 433 118 531 150
5 435 181 548 223
5 3 141 77 179
5 140 140 209 182
