38
1 43 232 129 445
1 47 176 98 300
1 96 120 140 229
1 173 101 223 225
1 202 67 245 174
1 259 87 348 304
1 368 155 494 464
1 567 67 655 284
1 408 39 478 212
1 496 31 550 162
1 565 25 604 122
1 622 55 677 192
1 647 48 689 150
1 666 40 700 126
1 82 121 112 194
1 51 140 71 191
1 65 126 84 172
1 311 33 346 121
1 119 91 146 157
1 0 179 27 252
1 447 23 475 94
1 368 36 405 129
1 383 22 412 93
1 412 12 426 47
1 529 8 556 74
1 153 81 182 154
1 248 53 271 111
1 17 160 34 203
1 149 79 164 119
1 189 70 212 128
1 339 16 354 55
1 350 19 365 55
1 282 35 301 82
1 271 34 289 81
3 611 17 633 48
5 11 46 120 211
5 119 12 471 69
5 459 0 724 57
