60
1 125 103 175 224
1 72 393 112 492
1 110 396 147 490
1 150 402 185 491
1 289 401 325 492
1 261 395 299 491
1 37 373 61 435
1 49 372 82 455
3 34 134 74 195
3 193 126 280 235
3 291 131 341 242
3 278 93 327 174
3 266 98 294 130
3 223 85 271 140
3 219 100 241 130
3 190 100 229 160
3 172 90 205 171
3 5 128 33 160
3 13 107 31 138
3 5 106 20 125
3 1 110 10 127
3 28 108 40 134
3 40 105 50 130
3 42 112 60 133
3 60 110 80 149
3 72 113 89 152
3 90 102 107 126
3 102 107 130 154
3 122 109 142 142
3 554 127 595 181
3 616 124 660 182
3 497 56 562 113
3 493 98 592 238
3 395 68 502 241
3 370 72 422 195
3 404 69 443 140
3 456 287 649 501
3 594 351 678 479
3 587 340 629 395
3 473 365 509 408
3 440 360 494 419
3 425 366 464 414
3 373 361 465 438
3 376 412 427 449
3 3 370 73 496
3 87 375 102 398
3 95 371 113 402
3 178 386 198 425
3 182 373 193 388
3 149 374 180 400
3 229 381 252 401
3 226 395 261 444
3 296 394 314 425
3 283 385 297 400
3 269 379 290 413
3 68 376 90 419
3 310 390 333 423
3 320 379 336 397
3 192 379 205 396
3 121 376 146 405
