35
1 27 41 78 166
1 62 43 106 153
1 50 46 90 144
1 13 49 53 150
1 80 56 109 127
1 110 56 126 96
1 124 55 134 82
1 189 57 195 75
1 200 55 209 77
1 205 54 216 80
1 214 53 222 76
1 223 59 231 80
1 221 44 261 143
1 246 52 289 160
1 265 35 319 170
1 129 26 167 119
1 294 44 313 91
1 349 43 365 83
1 368 43 385 86
1 395 43 413 90
1 591 41 604 75
1 494 22 504 47
1 503 21 513 47
3 253 48 266 73
3 319 72 373 124
3 365 82 411 125
3 505 58 576 141
3 475 50 500 93
3 435 50 459 94
3 417 52 438 78
3 389 62 403 82
5 7 34 133 67
5 147 31 200 66
5 304 2 459 43
5 457 1 608 50
