35
1 702 145 975 811
1 391 489 531 833
1 263 471 377 752
1 506 522 648 869
1 700 501 856 884
1 790 492 945 873
1 600 498 697 734
1 684 495 761 684
1 478 494 553 677
1 357 494 420 649
1 234 476 296 627
1 1095 511 1179 715
1 1023 470 1044 525
1 1160 521 1339 960
1 1323 550 1440 959
1 1124 511 1230 770
1 117 508 302 959
1 0 475 176 956
1 556 489 678 787
1 854 479 955 726
3 177 473 239 544
3 156 468 195 497
3 408 491 445 540
3 541 498 580 528
3 644 486 669 508
3 713 461 764 502
3 1353 514 1400 566
3 1306 512 1353 595
3 1295 515 1329 541
3 1279 508 1301 540
3 1132 507 1168 541
3 29 455 78 478
5 1081 467 1435 563
5 947 474 1119 575
5 215 440 730 541
