33
1 373 151 395 207
1 326 143 366 241
1 288 137 327 233
1 268 147 295 216
1 214 140 259 249
1 239 146 264 210
1 211 148 235 206
1 181 137 222 239
1 171 148 195 210
1 154 147 182 216
1 132 145 163 224
1 103 146 133 220
1 80 144 114 228
1 54 146 85 221
1 66 148 92 211
1 35 147 63 216
1 19 144 53 230
1 1 146 31 222
1 0 150 20 206
1 116 153 136 202
1 127 146 152 207
3 23 147 33 160
3 60 146 65 162
3 80 145 94 162
3 104 151 117 163
3 154 145 165 162
3 257 149 266 169
3 200 145 212 157
3 191 146 201 160
3 171 148 182 160
5 255 134 391 165
5 193 138 281 160
5 387 142 397 155
