36
1 358 187 426 354
1 413 179 472 325
1 15 143 40 206
1 39 140 66 206
1 71 140 93 194
1 25 138 51 201
1 94 140 124 213
1 126 144 151 207
1 116 138 130 176
1 190 135 214 196
1 279 151 301 205
1 52 116 66 150
1 87 106 100 138
1 96 107 108 138
1 117 105 129 136
1 222 100 232 126
1 312 95 327 135
1 325 95 342 136
1 330 92 346 132
1 342 95 360 139
1 394 90 409 126
1 420 92 434 126
1 432 90 448 131
1 525 74 545 123
1 236 96 252 135
1 230 97 242 128
3 209 188 301 302
3 126 117 137 132
3 138 119 152 133
3 149 119 161 131
3 157 117 171 133
3 163 113 180 131
3 194 113 206 128
3 487 110 502 131
3 499 107 511 128
3 510 105 525 129
