93
1 0 159 50 320
1 7 146 80 326
1 50 173 98 293
1 111 196 141 269
1 186 95 253 258
1 250 88 316 250
1 230 152 291 303
1 327 114 416 332
1 391 152 460 324
1 391 26 403 56
1 109 91 127 134
3 112 223 145 274
3 200 220 225 267
3 299 222 325 280
3 321 215 351 277
3 270 219 294 267
3 173 138 189 155
3 195 135 212 160
3 181 129 192 144
3 165 120 178 142
3 186 121 196 135
3 158 116 172 141
3 147 117 160 138
3 80 116 90 131
3 69 116 81 131
3 55 115 68 133
3 47 117 57 133
3 32 115 42 129
3 10 121 22 134
3 3 131 11 146
3 1 121 6 132
3 4 112 12 121
3 17 117 33 128
3 27 108 40 119
3 26 96 39 109
3 24 102 32 109
3 17 98 26 107
3 17 87 27 98
3 9 99 16 111
3 44 102 55 114
3 55 97 63 109
3 60 101 66 111
3 68 100 77 109
3 76 99 85 113
3 80 93 92 104
3 91 103 102 121
3 294 131 307 148
3 311 130 323 144
3 326 130 338 145
3 341 130 352 145
3 347 121 357 136
3 332 122 341 136
3 317 123 329 134
3 199 117 210 130
3 204 108 215 121
3 189 109 203 122
3 176 109 188 123
3 166 101 176 113
3 158 108 174 123
3 147 108 157 118
3 141 102 152 113
3 152 90 164 103
3 182 97 192 109
3 195 93 201 101
3 191 99 203 107
3 384 96 398 112
3 431 94 440 107
3 477 113 492 130
3 331 110 339 122
3 328 99 338 109
3 341 98 352 109
3 354 101 363 110
3 366 97 373 112
3 317 103 331 112
3 315 108 326 117
3 302 102 313 118
3 313 116 325 128
3 344 141 353 157
3 290 109 301 120
3 410 114 423 136
3 398 113 409 135
3 386 119 399 147
3 384 112 395 131
3 425 114 434 133
3 412 98 422 112
3 404 102 412 116
3 463 99 473 114
3 470 102 478 119
3 485 101 493 113
5 0 35 119 96
5 123 37 185 80
5 192 36 254 87
5 265 39 418 87
