39
1 2 84 52 208
1 0 83 18 145
1 45 83 58 117
1 54 84 66 117
1 71 81 95 141
1 90 86 100 114
1 102 84 111 108
1 108 85 118 109
1 115 84 126 110
1 120 86 140 134
1 140 92 169 163
1 137 81 150 113
1 208 86 223 122
1 235 81 250 118
1 245 76 263 119
1 260 84 273 119
1 268 82 276 102
1 276 83 284 103
1 284 80 294 105
1 293 82 299 97
1 302 85 311 106
1 309 85 316 104
1 316 83 325 104
1 324 83 337 116
1 339 84 352 116
1 352 84 358 102
1 359 84 365 102
1 372 83 382 107
1 381 88 393 117
1 387 82 400 117
3 165 79 178 98
3 178 82 184 95
3 188 82 196 95
3 196 87 208 103
3 201 79 208 88
3 31 81 47 101
3 149 88 260 305
5 193 73 304 100
5 30 77 157 101
