30
1 33 206 103 377
1 121 220 198 407
1 125 76 356 639
1 400 102 592 570
1 599 128 769 542
1 643 118 866 665
1 762 189 893 512
1 799 143 984 597
1 921 198 1069 559
1 895 255 988 483
1 1022 215 1152 533
1 1186 278 1253 443
1 1077 245 1183 504
1 1028 314 1056 385
1 1055 323 1078 380
3 1161 353 1180 380
3 287 312 322 374
3 300 267 326 306
3 324 314 351 373
3 347 310 395 383
3 373 321 385 342
3 385 321 413 376
3 404 336 440 384
3 539 334 581 383
3 588 325 619 382
3 619 331 640 378
3 541 316 560 335
5 1 251 499 346
5 495 282 658 346
5 792 282 1216 369
