102
1 10 173 41 248
1 2 137 26 197
1 25 162 55 236
1 58 148 84 213
1 29 124 52 181
1 18 106 35 149
1 0 83 15 134
1 35 99 54 149
1 49 95 68 144
1 66 92 86 140
1 80 91 97 136
1 84 139 110 203
1 98 190 134 277
1 96 175 125 249
1 119 163 147 235
1 110 128 136 193
1 130 122 154 182
1 148 150 175 219
1 166 140 193 208
1 151 117 174 174
1 161 111 182 165
1 184 129 210 193
1 202 122 227 184
1 187 174 218 252
1 209 163 240 238
1 231 148 259 219
1 245 141 271 207
1 258 129 285 195
1 281 128 303 185
1 288 118 313 178
1 299 113 321 170
1 325 103 345 152
1 331 98 351 150
1 339 97 358 145
1 345 90 364 137
1 352 85 371 132
1 358 84 376 130
1 365 78 383 122
1 312 76 329 121
1 304 81 321 125
1 296 85 314 130
1 287 89 305 135
1 268 98 288 146
1 255 104 274 151
1 233 109 252 159
1 223 119 244 171
1 95 107 114 153
1 107 103 126 152
1 12 83 28 124
1 24 81 41 122
1 45 77 61 119
1 57 74 74 118
1 74 71 90 111
1 303 172 336 255
1 318 167 348 241
1 331 152 358 220
1 342 140 370 208
1 360 132 386 196
1 368 125 394 189
1 377 116 400 179
1 317 73 335 117
1 331 71 347 112
1 250 83 268 128
1 241 86 256 122
1 231 88 248 129
1 221 94 239 138
1 209 101 228 148
1 193 104 214 157
1 119 95 139 144
1 132 94 150 141
1 146 88 164 133
1 169 83 186 127
1 184 78 202 122
1 99 80 117 126
1 89 86 106 131
1 112 79 126 117
1 159 87 176 128
1 203 72 218 109
1 261 78 278 119
1 208 68 226 113
1 370 74 387 119
1 380 70 397 112
1 386 64 400 106
1 340 66 354 103
1 346 63 361 100
1 353 63 364 93
1 337 194 370 276
3 272 71 284 89
3 284 69 294 86
3 130 73 143 92
3 122 68 129 77
3 89 68 103 82
3 99 65 114 80
3 111 69 123 86
3 1 68 14 80
3 43 68 55 76
3 57 65 66 76
3 244 71 259 84
3 230 72 246 92
3 258 66 268 77
5 2 11 200 69
5 196 18 398 63
