32
1 0 159 40 306
1 25 159 81 297
1 60 152 119 295
1 85 158 134 279
1 100 182 145 292
1 111 164 160 284
1 130 155 183 288
1 161 166 206 279
1 173 156 228 291
1 202 156 257 291
1 225 157 280 292
1 246 198 286 299
1 275 194 314 291
1 293 200 329 291
1 321 191 360 289
1 297 157 346 276
1 337 195 377 293
1 341 160 392 284
1 379 155 429 279
1 394 187 435 290
1 414 155 464 276
1 434 163 476 268
1 452 152 502 276
1 478 154 504 271
1 314 151 363 273
3 16 156 47 186
3 50 161 79 185
3 131 159 146 180
3 158 163 172 179
3 276 160 298 184
3 345 157 363 180
3 366 150 383 179
