37
1 0 178 41 322
1 23 181 75 308
1 56 183 108 309
1 133 188 178 298
1 160 199 203 305
1 207 202 248 305
1 231 195 278 309
1 264 199 309 311
1 296 197 341 307
1 324 210 360 300
1 354 194 398 304
1 383 203 423 301
1 413 200 456 305
1 423 194 469 308
1 437 190 485 309
1 476 181 529 310
1 502 181 556 316
1 533 183 587 318
1 558 182 614 321
1 583 176 642 321
1 626 188 670 321
3 311 78 437 283
3 246 255 284 315
3 188 255 220 296
3 160 186 183 210
3 138 189 155 204
3 89 183 109 205
3 98 186 115 204
3 118 189 131 209
3 15 186 42 215
3 632 181 657 209
3 651 166 668 195
3 325 196 346 222
3 55 174 70 202
3 199 208 228 266
3 297 204 315 219
3 382 193 401 221
