34
1 0 206 41 330
1 35 213 80 322
1 82 218 122 318
1 86 179 142 316
1 118 151 188 322
1 151 154 221 328
1 256 170 308 297
1 284 215 317 296
1 305 202 345 303
1 350 211 391 314
1 324 206 366 310
1 345 163 403 306
1 383 154 449 318
1 412 205 459 319
1 431 159 505 343
1 446 151 518 328
1 527 134 616 354
1 622 143 722 390
1 657 257 726 426
1 477 173 594 458
1 408 282 472 441
1 162 151 296 481
1 95 291 167 469
1 756 141 880 445
1 747 95 877 415
1 668 153 720 280
3 580 235 644 362
3 0 173 22 223
3 121 164 149 195
3 291 174 308 201
3 302 151 338 198
3 325 167 363 208
3 499 142 544 194
3 848 302 894 396
