57
1 52 305 80 373
1 69 289 95 352
1 40 286 67 353
1 17 289 42 353
1 0 286 29 358
1 2 187 25 243
1 61 200 80 247
1 105 307 135 380
1 86 306 110 367
1 123 309 145 363
1 140 307 175 392
1 164 292 187 348
1 189 305 230 405
1 210 314 237 380
1 227 315 251 375
1 262 313 290 382
1 253 314 277 375
1 270 305 317 419
1 319 311 341 368
1 309 306 329 356
1 345 309 396 434
1 395 313 412 356
1 385 311 403 354
1 407 309 424 354
1 432 311 451 357
1 444 309 502 450
1 484 310 500 351
1 524 312 540 352
1 562 311 579 353
1 576 313 633 453
1 592 311 646 443
1 638 313 662 372
1 662 297 690 407
1 620 320 653 403
1 244 236 258 270
1 253 232 269 274
1 291 244 302 274
1 303 240 317 275
1 422 307 436 345
3 82 201 98 230
3 97 214 114 235
3 110 202 135 233
3 148 223 163 240
3 163 205 182 248
3 181 231 192 247
3 193 233 206 247
3 346 309 359 334
3 306 299 324 314
3 300 295 311 310
3 274 296 289 312
3 255 295 269 311
3 243 289 262 310
3 233 293 244 308
3 212 286 228 306
3 195 291 206 305
5 339 254 531 324
5 531 282 673 335
