198
1 0 377 46 524
1 30 369 91 518
1 62 363 125 517
1 158 349 220 500
1 69 434 272 931
1 211 405 423 924
1 414 451 644 1013
1 552 403 788 982
1 773 387 902 702
1 857 351 990 679
1 1169 420 1412 1015
1 1266 364 1524 993
1 1393 332 1504 605
1 1452 297 1569 584
1 1768 320 1917 684
1 1853 300 2007 675
1 2153 427 2418 1077
1 2234 360 2506 1026
1 2539 251 2592 392
1 2504 248 2560 388
1 2463 241 2524 390
1 2426 245 2485 392
1 2389 251 2445 390
1 2280 239 2343 394
1 2306 254 2360 389
1 2235 263 2290 401
1 2213 259 2269 395
1 2186 252 2247 402
1 2157 258 2215 401
1 2137 259 2191 394
1 2103 272 2153 396
1 2082 259 2135 392
1 2052 262 2105 392
1 2021 265 2075 400
1 1991 271 2041 394
1 1956 258 2014 403
1 1892 268 1943 394
1 1869 270 1918 389
1 1820 272 1866 386
1 1708 277 1760 407
1 1653 288 1701 405
1 1675 286 1724 406
1 1636 285 1683 402
1 1616 284 1665 403
1 1602 290 1647 402
1 1560 285 1611 411
1 1522 277 1576 412
1 1173 317 1215 423
1 1207 304 1256 426
1 1138 311 1183 421
1 1089 312 1135 425
1 1050 313 1099 432
1 1028 310 1076 430
1 1007 308 1058 433
1 976 317 1026 441
1 929 312 980 437
1 868 309 919 435
1 835 321 884 443
1 774 324 825 450
1 742 343 786 452
1 696 327 747 451
1 649 336 695 452
1 618 332 666 450
1 575 349 619 460
1 538 327 587 449
1 491 336 546 472
1 450 341 501 467
1 421 349 472 475
1 371 336 432 484
1 336 341 393 483
1 302 356 355 487
1 312 341 370 482
1 391 346 441 471
1 217 354 273 491
1 187 339 250 496
3 1235 357 1349 462
3 1316 314 1403 377
3 152 414 222 499
3 122 357 160 415
3 95 360 123 389
3 138 345 172 384
3 252 345 284 385
3 270 331 311 371
3 362 331 385 358
3 405 319 433 350
3 476 323 494 344
3 506 275 537 319
3 542 291 568 322
3 573 283 599 323
3 593 282 629 328
3 621 305 645 332
3 600 329 624 361
3 524 333 554 357
3 578 324 604 350
3 648 286 675 319
3 631 287 656 305
3 670 276 700 304
3 682 312 708 328
3 681 332 705 354
3 722 324 751 349
3 741 325 762 353
3 743 312 767 325
3 753 326 772 342
3 775 309 794 329
3 808 318 841 366
3 801 315 820 334
3 842 305 868 328
3 822 309 847 334
3 859 305 877 326
3 873 311 893 328
3 900 312 917 332
3 900 301 925 320
3 919 293 946 316
3 946 297 969 313
3 965 318 977 333
3 966 300 997 325
3 1015 289 1042 321
3 1072 299 1086 315
3 1082 309 1093 328
3 1086 282 1101 304
3 1128 303 1146 331
3 1127 346 1170 418
3 1167 341 1202 427
3 1206 299 1228 327
3 1197 286 1219 304
3 1166 301 1188 325
3 1129 286 1151 304
3 1223 286 1243 305
3 1248 307 1264 326
3 1255 294 1278 321
3 1249 284 1271 306
3 1262 280 1282 305
3 1280 282 1310 298
3 1282 302 1318 351
3 1257 332 1291 355
3 1316 296 1344 362
3 1333 289 1351 313
3 1348 289 1364 308
3 1360 290 1380 312
3 1377 291 1390 312
3 1385 284 1403 310
3 1394 277 1410 295
3 1361 274 1374 288
3 1367 266 1384 287
3 1401 295 1431 338
3 1412 291 1431 308
3 1425 289 1448 313
3 1443 269 1476 294
3 1451 286 1465 310
3 1433 305 1469 334
3 1477 279 1502 300
3 1483 258 1509 279
3 1503 256 1527 278
3 1501 283 1530 309
3 1529 253 1552 275
3 1551 288 1572 307
3 1591 277 1617 310
3 1609 272 1631 294
3 1641 252 1673 291
3 1677 247 1708 289
3 1709 246 1745 281
3 1745 244 1778 280
3 1748 276 1777 301
3 1772 286 1801 313
3 1796 263 1816 280
3 1799 248 1821 271
3 1832 237 1855 270
3 1860 241 1883 268
3 1887 253 1915 276
3 1903 232 1926 261
3 1940 262 1958 277
3 1929 270 1954 287
3 1951 258 1972 286
3 1938 237 1957 254
3 1929 240 1946 261
3 1959 243 1970 264
3 1972 246 2001 279
3 1987 256 2010 282
3 2000 243 2029 265
3 2017 257 2041 279
3 2044 250 2063 272
3 2090 243 2110 266
3 2102 226 2123 251
3 2127 245 2155 273
3 2183 246 2204 268
3 2233 239 2258 260
3 2257 233 2284 262
3 2350 238 2376 260
3 2417 238 2449 260
3 2467 223 2491 252
3 2505 234 2531 264
3 2572 236 2588 276
3 2563 217 2586 247
3 2477 300 2530 387
3 2357 284 2408 377
3 1761 317 1806 400
3 1798 310 1844 383
3 1848 308 1883 377
