80
1 0 200 44 390
1 35 0 83 115
1 21 1 57 91
1 95 0 138 103
1 59 0 99 97
1 130 0 179 113
1 163 25 215 154
1 237 0 289 126
1 249 33 304 167
1 431 11 490 154
1 476 26 529 156
1 400 45 421 100
1 7 167 82 351
1 60 197 137 385
1 74 169 149 355
1 105 141 169 298
1 120 164 183 317
1 129 221 216 433
1 146 214 223 402
1 188 257 250 412
1 240 303 322 503
1 274 266 360 478
1 237 197 304 364
1 289 188 355 348
1 336 150 405 320
1 381 130 451 300
1 406 141 478 320
1 433 148 506 326
1 458 194 514 333
1 508 143 583 327
1 563 166 630 332
1 606 160 683 348
1 589 141 658 309
1 645 133 718 311
1 681 165 753 344
1 697 142 772 325
1 788 168 860 344
1 798 362 896 602
1 834 361 924 581
1 618 400 729 673
1 420 340 515 575
1 316 413 408 638
1 312 350 404 577
1 221 429 323 679
1 112 451 211 696
1 529 30 579 154
1 515 25 564 145
1 549 61 598 181
1 571 44 620 165
1 610 59 663 190
1 654 70 707 203
1 687 68 739 198
1 722 44 778 180
1 749 53 813 209
1 741 44 800 187
1 777 31 848 204
1 780 123 850 295
1 821 149 891 321
1 822 243 896 424
1 872 214 940 402
1 851 179 922 352
1 160 162 222 314
1 186 137 252 301
1 214 136 280 299
3 110 123 151 173
3 277 151 313 195
3 304 121 343 168
3 326 56 366 111
3 388 97 417 157
3 651 35 677 84
3 706 37 736 77
3 561 107 610 144
3 868 145 901 180
3 885 160 916 195
3 29 533 148 692
3 40 630 142 702
3 168 637 266 705
3 209 653 255 696
3 330 142 373 178
3 735 127 774 183
