43
1 146 169 181 258
1 170 165 215 277
1 189 161 236 275
1 195 170 244 289
1 206 155 264 298
1 253 165 293 266
1 284 174 307 231
1 295 160 352 301
1 341 158 388 275
1 356 155 410 290
1 566 168 594 240
1 531 169 557 235
1 504 167 531 236
1 470 170 497 236
1 446 167 473 236
1 424 172 449 235
1 409 172 435 235
1 396 177 418 234
3 5 172 22 188
3 2 164 11 175
3 13 161 22 172
3 22 168 37 184
3 35 167 42 177
3 32 159 41 167
3 40 173 50 186
3 49 171 57 185
3 57 173 66 187
3 67 175 77 186
3 78 172 89 186
3 57 165 65 172
3 69 165 78 172
3 90 169 99 185
3 98 173 109 186
3 110 172 120 185
3 106 163 116 173
3 82 160 94 169
3 119 171 128 183
3 118 163 127 171
3 129 172 141 185
3 128 164 138 175
3 132 156 142 167
3 338 171 350 186
3 354 170 367 188
