68
1 101 233 140 328
1 73 240 109 327
1 57 243 91 325
1 41 248 71 325
1 24 250 54 327
1 13 258 40 326
1 2 260 29 326
1 285 256 313 327
1 264 264 289 327
1 257 268 281 327
1 257 87 285 159
1 245 90 271 155
1 181 117 194 152
1 192 110 209 152
1 202 110 219 155
1 187 263 206 309
1 197 258 218 312
1 213 253 235 308
1 410 278 427 323
1 419 276 436 321
1 452 280 470 323
1 446 280 460 318
1 431 281 445 318
1 477 271 498 325
3 117 92 163 154
3 94 79 125 118
3 76 88 116 121
3 65 95 90 126
3 33 110 54 130
3 24 107 42 128
3 16 100 42 128
3 1 120 15 140
3 2 107 20 126
3 394 72 441 156
3 344 87 387 156
3 320 89 358 135
3 306 85 329 123
3 319 82 345 111
3 292 84 313 126
3 363 264 408 326
3 132 233 175 323
3 322 242 370 325
3 12 50 26 71
3 29 46 47 74
3 11 42 22 54
3 14 22 28 42
3 37 21 54 42
3 56 34 70 42
3 57 47 72 67
3 69 40 83 59
3 68 26 82 42
3 57 22 67 35
3 68 13 84 31
3 469 44 488 66
3 259 28 270 54
3 281 89 292 102
3 223 104 240 141
3 232 113 245 150
3 7 248 20 258
3 54 198 69 223
3 29 194 49 214
3 21 206 33 221
3 17 191 34 207
3 481 103 496 126
5 1 160 114 195
5 256 175 337 245
5 454 179 496 247
5 225 1 366 30
