32
1 0 269 21 332
1 17 267 44 334
1 38 274 64 341
1 66 272 96 346
1 86 268 114 340
1 107 271 137 346
1 135 264 169 346
1 155 269 187 347
1 171 271 204 352
1 191 262 226 349
1 208 273 241 354
1 226 276 256 352
1 246 271 279 355
1 263 273 294 351
1 290 276 324 359
1 305 276 338 358
1 323 277 352 349
1 323 265 356 345
1 336 265 370 347
1 361 280 393 361
1 382 272 415 352
1 420 283 452 363
1 454 279 487 363
1 488 276 524 363
1 526 274 550 361
1 470 275 504 357
5 1 149 224 224
5 206 152 428 248
5 389 162 537 256
5 273 0 548 135
5 271 241 479 280
5 78 243 279 281
