71
1 339 29 356 74
3 35 285 85 331
3 77 274 121 320
3 232 258 279 324
3 325 242 365 298
3 389 264 435 317
3 463 269 497 317
3 361 177 395 204
3 354 152 378 176
3 338 135 361 159
3 311 139 338 166
3 259 137 291 167
3 234 123 256 150
3 230 141 245 170
3 210 141 227 166
3 185 138 209 168
3 144 132 166 153
3 132 143 155 171
3 142 172 172 201
3 93 143 118 167
3 60 143 89 177
3 21 150 45 178
3 29 137 57 159
3 10 151 29 181
3 2 152 10 180
3 459 146 480 167
3 472 123 490 146
3 477 110 495 131
3 432 116 451 142
3 404 118 423 143
3 386 113 404 139
3 369 111 387 132
3 332 107 358 130
3 283 112 303 137
3 287 92 310 111
3 264 108 280 126
3 246 77 261 95
3 241 62 257 75
3 219 75 233 93
3 215 62 229 77
3 18 66 37 90
3 21 108 39 128
3 37 80 51 97
3 51 84 62 104
3 62 80 72 103
3 86 75 102 98
3 71 84 84 106
3 0 66 13 89
3 115 49 137 71
3 163 84 180 101
3 170 70 186 91
3 145 64 159 90
3 188 64 204 86
3 201 44 216 66
3 289 40 302 51
3 291 71 305 84
3 272 65 289 86
3 316 79 334 97
3 332 77 347 95
3 347 79 359 99
3 360 77 381 98
3 383 79 396 97
3 382 54 397 73
3 410 86 426 105
3 439 79 456 94
3 430 78 442 94
3 452 51 471 69
3 476 77 488 92
3 482 66 496 80
3 396 60 410 77
3 409 62 420 79
