39
1 414 26 500 303
1 381 45 447 205
1 322 42 355 123
1 287 39 323 130
1 35 86 115 281
1 109 53 187 245
1 346 69 361 106
1 75 2 111 90
3 38 7 60 39
3 0 28 7 58
3 4 47 29 75
3 39 51 60 76
3 55 73 77 94
3 22 72 51 102
3 77 50 93 70
3 101 48 120 66
3 124 40 138 64
3 85 70 104 90
3 112 68 127 88
3 122 64 141 88
3 163 56 174 72
3 177 55 188 68
3 170 44 181 63
3 171 84 188 106
3 183 70 199 88
3 199 83 214 103
3 214 79 227 98
3 230 75 243 92
3 224 63 237 81
3 216 58 227 73
3 198 46 216 57
3 201 62 218 76
3 309 38 321 55
3 149 99 205 174
3 256 106 301 173
3 258 48 285 85
3 351 100 371 131
3 335 112 367 145
3 234 96 272 139
