43
1 27 75 79 202
1 86 77 138 203
1 149 85 194 197
1 207 70 258 195
1 260 90 303 194
1 313 83 357 193
1 377 77 424 194
1 441 99 478 191
1 472 90 515 195
1 529 58 548 138
1 514 58 528 96
1 423 56 453 130
1 357 62 369 91
1 369 60 379 85
1 389 63 396 81
1 346 61 359 92
1 7 61 29 118
1 64 67 71 85
1 79 66 85 82
1 116 61 131 100
1 190 65 198 88
1 196 63 206 88
1 279 63 292 97
1 55 64 63 84
1 105 62 117 91
1 132 79 163 154
1 312 60 325 94
1 411 61 425 98
1 479 60 491 91
1 526 64 531 80
3 38 62 49 76
3 140 62 154 77
3 164 55 179 74
3 175 59 188 76
3 250 62 277 88
3 293 81 310 103
3 403 57 415 69
3 4 57 14 72
3 289 60 296 70
3 305 60 313 73
5 0 53 119 77
5 207 63 318 73
5 379 61 470 74
