33
1 273 108 304 196
1 248 92 292 200
1 222 85 269 200
1 113 84 160 199
1 18 69 57 167
3 47 163 76 198
3 73 109 99 153
3 165 87 191 116
3 194 133 227 172
3 202 94 223 118
3 191 71 212 93
3 213 66 234 94
3 250 36 268 56
3 240 58 260 86
3 152 69 166 94
3 102 72 125 95
3 119 39 143 66
3 71 29 86 57
3 31 94 63 129
3 0 34 10 60
3 17 47 30 64
3 16 34 28 49
3 43 44 56 61
3 89 36 107 58
3 103 31 121 51
3 168 41 181 64
3 173 60 190 81
3 59 39 68 53
3 154 6 175 26
3 206 48 221 66
3 152 38 162 53
3 163 36 171 46
5 2 0 154 34
