217
1 254 61 262 80
1 240 61 248 83
1 303 80 313 108
1 299 116 311 145
1 220 127 234 161
1 121 132 133 165
1 41 124 54 155
1 14 129 26 158
1 365 130 379 164
1 414 133 426 165
1 451 139 462 167
1 459 129 471 162
1 509 102 519 129
1 494 99 506 129
1 486 102 497 128
1 289 411 323 494
1 340 415 373 497
1 400 427 436 517
1 472 442 507 529
1 559 454 597 546
1 623 469 661 564
1 703 475 743 574
1 801 500 841 598
1 956 525 1001 638
1 970 444 1008 538
1 1007 388 1041 473
1 1065 540 1110 653
1 1056 448 1098 552
1 1067 393 1100 473
1 364 368 396 446
1 414 374 445 450
1 470 382 498 451
1 540 392 568 464
1 605 403 635 477
1 682 412 715 496
1 749 417 786 507
1 843 438 879 529
1 872 371 903 450
1 909 320 935 386
1 915 283 942 350
1 938 258 963 322
1 945 234 972 300
1 962 219 985 276
1 733 362 762 432
1 659 351 687 421
1 589 339 617 407
1 530 337 552 391
1 469 328 498 399
1 418 320 444 385
1 480 285 505 347
1 524 289 549 349
1 633 303 657 365
1 693 303 721 372
1 753 315 776 371
1 837 319 863 385
1 862 283 887 345
1 795 364 825 440
1 869 257 895 324
1 889 233 910 287
1 899 216 920 269
1 578 300 601 356
1 526 261 550 321
1 562 261 583 316
1 614 265 635 318
1 665 270 688 326
1 721 271 746 334
1 789 279 812 336
1 806 250 831 314
1 834 235 856 291
1 848 218 867 264
1 564 234 586 291
1 591 220 611 269
1 615 201 636 252
1 628 222 648 272
1 660 205 680 254
1 679 219 701 273
1 646 239 669 297
1 701 207 719 253
1 702 243 724 299
1 724 228 744 280
1 741 207 763 264
1 780 227 801 280
1 752 249 775 306
1 805 212 824 258
1 993 326 1020 394
1 1013 287 1041 358
1 1026 266 1053 331
1 1035 240 1059 302
1 1046 222 1066 274
1 581 130 595 168
1 594 132 609 170
1 606 129 622 170
1 622 130 637 168
1 742 128 757 168
1 714 113 729 153
1 725 114 741 153
1 757 111 774 152
1 794 111 812 155
1 810 110 826 152
1 840 115 855 154
1 663 123 677 161
1 637 119 653 161
1 643 118 658 155
1 630 126 645 164
3 3 136 20 155
3 102 139 119 158
3 348 143 359 155
3 340 131 352 140
3 401 144 413 157
3 604 233 626 261
3 74 519 97 550
3 105 522 132 554
3 135 530 161 565
3 166 540 193 574
3 228 558 253 590
3 257 565 279 601
3 284 573 305 601
3 315 568 344 610
3 351 588 376 622
3 389 593 415 636
3 426 600 456 637
3 467 612 493 651
3 502 626 528 659
3 548 630 570 664
3 594 636 622 672
3 37 545 64 576
3 67 553 90 589
3 95 565 115 602
3 124 566 150 601
3 158 569 181 604
3 191 578 215 610
3 218 586 241 623
3 250 598 281 627
3 284 607 305 645
3 319 614 349 651
3 354 625 382 665
3 393 640 423 671
3 434 645 459 672
3 31 573 58 606
3 59 587 78 619
3 84 596 106 628
3 183 618 211 655
3 219 632 242 664
3 257 637 289 668
3 1 570 19 607
3 3 613 28 651
3 44 614 72 654
3 70 630 106 673
3 889 143 908 165
3 1028 147 1047 170
3 158 333 171 352
3 176 325 195 342
3 115 351 130 371
3 96 368 115 386
3 67 379 89 397
3 45 391 67 408
3 17 401 42 422
3 210 309 232 324
3 232 301 246 323
3 247 290 262 311
3 266 283 282 302
3 278 274 295 292
3 297 264 311 289
3 306 258 324 271
3 333 245 347 261
3 347 239 361 260
3 360 239 371 257
3 371 231 385 248
3 380 225 393 239
3 395 218 409 235
3 405 214 417 227
3 418 206 427 217
3 435 194 451 210
3 451 188 465 204
3 461 182 469 201
3 470 185 477 201
3 478 176 485 189
3 489 171 501 184
3 499 164 511 181
3 513 159 523 181
3 517 155 528 171
3 130 341 153 362
3 189 313 208 334
3 632 173 644 187
3 649 174 666 188
3 661 171 677 187
3 684 175 698 185
3 699 175 713 197
3 716 177 731 195
3 735 177 748 194
3 753 175 770 198
3 770 182 782 196
3 788 181 806 201
3 811 179 824 197
3 827 177 848 195
3 845 181 861 200
3 868 181 887 200
3 891 178 906 201
3 909 180 922 201
3 932 186 948 206
3 951 184 970 203
3 966 178 993 205
3 997 186 1013 201
3 1018 182 1034 203
3 1042 184 1061 201
3 1068 187 1088 204
3 961 158 977 174
3 990 161 999 173
3 1007 162 1019 176
5 6 159 233 318
5 3 320 152 406
5 238 154 330 300
5 334 152 390 255
5 390 152 435 234
5 434 151 467 215
5 469 152 528 191
5 644 160 1092 229
