121
1 40 332 70 409
1 23 316 53 390
1 4 303 28 364
1 0 287 21 352
1 122 332 151 402
1 98 314 126 384
1 75 299 100 363
1 55 286 78 344
1 8 261 28 312
1 31 273 51 321
1 187 328 216 402
1 259 323 288 397
1 354 327 382 398
1 316 309 344 377
1 284 290 309 354
1 218 297 242 359
1 235 309 264 382
1 165 312 194 384
1 154 298 180 362
1 135 285 159 345
1 131 257 152 311
1 184 258 205 313
1 195 285 218 342
1 202 266 226 326
1 68 259 91 315
1 91 271 114 328
1 303 221 322 267
1 315 226 332 270
1 367 276 385 319
1 383 281 397 318
1 414 280 431 324
1 431 284 446 323
1 449 271 468 317
1 509 280 527 324
1 523 280 542 326
1 539 268 557 313
1 582 284 598 325
1 598 286 612 323
1 606 280 620 316
1 637 261 655 305
1 659 248 677 295
1 698 267 717 314
1 741 281 758 326
1 752 269 771 316
1 774 251 790 291
1 787 289 800 335
1 0 143 10 188
1 25 144 43 188
1 56 147 73 188
1 95 151 109 188
1 123 148 138 188
1 153 154 167 189
1 183 149 198 188
1 210 151 225 188
1 243 154 256 188
1 276 157 290 191
1 301 154 316 191
1 326 154 340 189
1 349 156 363 192
1 378 157 391 190
1 413 156 429 195
1 448 165 460 198
1 485 170 500 208
1 509 176 523 212
1 546 183 560 218
1 578 193 592 227
1 602 196 617 233
1 631 203 646 242
1 657 209 672 246
1 687 218 700 253
1 712 222 728 263
1 735 232 750 270
1 780 238 792 267
1 21 86 35 120
1 34 89 47 121
1 51 86 65 121
1 68 86 82 123
1 81 89 94 123
1 97 91 109 124
1 105 86 119 123
1 117 90 132 126
1 131 88 144 122
1 149 93 162 126
1 156 91 167 120
1 176 97 187 126
1 184 93 197 126
1 205 100 216 128
1 212 94 225 127
1 226 95 238 128
1 231 93 245 127
1 245 100 255 128
1 250 97 262 127
1 268 97 281 128
1 308 114 320 146
1 322 113 333 143
1 336 112 348 144
1 346 114 358 145
1 358 114 371 147
1 371 117 383 146
1 377 116 390 147
1 392 120 401 145
1 398 120 408 145
1 410 117 421 147
1 4 45 16 75
1 15 47 26 75
1 34 44 46 74
1 50 47 60 75
1 59 47 71 77
1 87 47 100 80
1 119 52 129 80
1 144 49 155 78
1 159 52 171 81
1 169 55 179 79
3 158 264 179 302
3 251 276 275 320
3 433 266 447 284
3 526 262 538 280
3 600 275 610 287
3 606 247 625 270
3 747 255 758 273
3 702 256 716 270
