28
1 318 250 354 337
1 405 239 436 315
1 423 238 451 306
1 437 231 466 302
1 447 233 474 299
1 457 234 481 294
1 650 199 668 245
1 626 197 647 249
1 604 204 623 254
1 591 209 610 257
1 574 208 596 261
1 568 218 587 265
1 543 216 565 269
1 533 216 555 272
1 507 224 530 280
1 486 232 508 287
1 193 277 235 383
1 168 300 205 392
1 155 281 195 379
1 131 299 173 402
1 109 284 153 393
1 80 311 125 420
1 62 302 104 404
1 19 323 59 422
1 341 104 350 125
1 353 104 360 124
1 387 124 396 145
1 379 127 385 145
