46
1 493 147 520 262
1 480 137 520 244
1 469 114 505 205
1 457 107 494 197
1 444 83 487 191
1 359 97 408 220
1 336 93 384 212
1 318 87 362 196
1 274 95 324 219
1 214 130 264 252
1 180 95 230 220
1 90 95 142 222
1 58 90 107 209
1 298 78 341 182
1 341 2 369 70
1 373 22 407 106
1 432 38 468 126
1 487 38 520 128
1 461 19 496 108
1 427 22 460 102
1 309 0 337 68
1 393 1 419 68
1 418 0 443 62
1 247 183 292 293
3 91 80 113 99
3 77 61 95 77
3 61 57 76 73
3 68 45 84 62
3 80 37 96 53
3 173 79 187 98
3 231 76 249 101
3 260 81 278 103
3 324 78 333 101
3 305 72 318 94
3 289 65 308 88
3 298 35 309 57
3 277 48 293 70
3 146 39 163 58
3 140 49 162 71
3 153 83 170 108
3 211 52 225 69
3 205 60 224 86
3 221 35 241 55
3 167 65 186 81
3 188 95 198 112
3 245 157 273 184
