65
1 387 144 419 224
1 332 148 355 207
1 292 146 326 230
1 268 142 292 201
1 230 143 259 213
1 210 142 250 243
1 170 145 196 208
1 150 140 172 194
1 101 148 120 195
1 69 141 96 206
1 58 147 88 221
1 30 139 74 246
1 63 91 71 113
1 230 47 238 69
1 238 48 246 69
1 248 47 255 66
1 253 46 261 66
1 260 46 269 67
1 274 42 282 63
1 280 41 289 62
1 296 44 304 64
1 308 41 316 62
1 301 42 309 64
1 321 39 330 61
1 329 40 337 60
1 212 50 220 69
1 193 52 199 67
1 182 51 188 66
1 222 68 232 93
1 270 66 279 87
1 166 79 177 105
1 106 144 120 182
3 489 62 499 78
3 469 65 482 79
3 448 65 465 83
3 427 70 444 82
3 407 71 424 83
3 379 69 396 82
3 355 72 369 85
3 335 72 349 87
3 320 73 330 85
3 309 74 318 86
3 295 76 302 88
3 284 78 295 89
3 400 19 418 39
3 3 135 12 144
3 34 132 41 146
3 117 140 125 151
3 164 136 173 151
3 274 77 284 88
3 262 78 271 92
3 246 80 256 91
3 234 81 243 93
3 215 83 225 93
3 202 82 212 92
3 189 81 200 92
3 79 82 88 94
3 19 111 28 120
3 4 118 15 131
3 88 100 95 108
3 155 90 164 99
3 173 99 182 108
3 165 97 170 107
5 1 138 124 176
5 71 103 181 120
