54
1 92 300 168 485
1 0 267 48 444
1 207 327 274 490
1 19 387 60 487
1 370 362 422 489
1 538 289 619 487
1 573 233 645 411
1 659 151 734 333
1 763 195 830 359
1 702 329 767 488
1 716 268 783 435
1 449 214 517 382
1 426 282 499 462
1 304 244 381 432
1 66 195 140 375
1 138 143 205 306
1 49 131 109 277
1 31 67 88 207
1 12 10 64 138
1 59 0 99 99
1 83 8 142 153
1 156 4 200 115
1 179 36 235 172
1 212 85 275 239
1 333 183 405 359
1 274 46 332 191
1 363 65 421 209
1 414 27 466 157
1 480 70 545 228
1 430 121 497 288
1 233 2 285 131
1 106 86 162 224
1 587 100 646 247
1 627 53 685 194
1 517 32 577 179
1 825 144 884 287
1 841 87 901 234
1 852 39 911 184
1 890 6 940 136
1 744 60 805 210
1 748 24 806 165
1 309 3 362 136
1 505 367 555 488
1 545 155 607 309
1 636 20 688 149
1 707 0 749 106
1 706 99 773 265
3 857 260 897 311
3 863 337 916 402
3 826 451 889 489
3 660 421 702 480
3 144 388 193 461
3 307 430 351 483
3 200 225 238 287
