74
1 9 154 30 206
1 63 151 84 202
1 76 167 107 245
1 96 163 130 245
1 114 163 147 247
1 129 166 161 245
1 146 166 180 248
1 164 166 197 246
1 408 154 444 245
1 402 145 437 230
1 381 161 414 245
1 354 163 387 246
1 327 160 362 245
1 301 158 337 246
1 285 164 318 248
1 265 160 300 248
1 242 164 276 247
1 222 165 257 250
1 204 171 235 247
1 183 165 215 246
3 89 155 101 170
3 101 150 111 165
3 105 142 114 153
3 113 152 121 165
3 118 142 126 155
3 133 155 142 167
3 129 149 137 158
3 127 141 136 154
3 142 139 150 152
3 148 148 155 159
3 152 154 162 166
3 170 147 178 161
3 177 155 186 166
3 163 143 171 157
3 158 143 166 156
3 182 143 191 155
3 190 140 198 151
3 193 149 202 163
3 202 154 210 168
3 214 147 222 162
3 205 139 213 154
3 222 152 233 168
3 226 135 236 150
3 221 140 229 151
3 235 142 246 158
3 245 149 256 163
3 269 151 277 163
3 259 141 268 155
3 254 139 260 155
3 246 139 254 152
3 269 141 279 153
3 277 135 289 150
3 281 147 290 160
3 290 158 298 171
3 287 138 297 151
3 300 143 310 159
3 311 139 319 154
3 297 134 305 148
3 322 149 334 164
3 323 131 331 147
3 334 146 344 159
3 350 148 361 163
3 378 153 390 167
3 425 135 435 155
3 415 132 425 146
3 396 145 405 158
3 389 131 401 146
3 398 136 410 152
3 373 144 383 155
3 380 137 387 151
3 357 136 364 148
3 340 137 347 151
3 349 132 358 144
3 370 134 378 146
