29
1 4 121 58 256
1 35 126 61 190
1 387 102 411 161
1 416 103 438 159
1 432 99 450 167
3 51 164 79 239
3 93 163 122 240
3 119 158 157 235
3 147 157 186 232
3 190 154 209 222
3 220 155 252 217
3 258 150 292 217
3 290 146 320 213
3 324 144 353 209
3 352 139 384 214
3 340 87 358 111
3 316 99 334 118
3 320 86 336 108
3 295 91 315 119
3 266 98 283 124
3 245 97 267 133
3 227 100 248 127
3 208 103 223 133
3 184 108 197 133
3 156 103 173 129
3 132 105 150 133
3 104 111 121 140
3 82 96 101 124
3 55 103 78 133
