30
1 91 138 154 293
1 223 127 283 275
1 291 141 329 233
1 67 143 94 209
1 43 91 61 136
1 34 97 48 134
1 0 153 14 213
1 9 149 34 210
1 0 150 21 213
1 37 147 62 208
1 134 148 156 204
1 142 146 165 202
1 162 143 186 202
1 188 141 211 200
1 206 142 228 199
1 216 148 235 197
1 271 142 293 196
3 373 109 448 298
3 169 119 183 136
3 197 115 210 130
3 155 140 169 153
3 67 142 77 158
3 28 145 42 162
3 20 123 29 133
3 324 140 332 150
4 69 23 153 136
4 227 11 291 102
4 344 34 373 124
4 366 21 402 113
5 2 125 362 156
