33
1 462 184 549 398
1 181 175 272 399
1 309 155 375 317
1 267 142 301 225
1 84 151 160 337
1 73 147 128 281
1 65 137 111 249
1 169 139 199 213
1 153 137 177 195
1 144 133 165 188
1 528 153 577 273
1 439 152 494 288
1 340 141 382 245
1 372 137 395 195
1 411 135 439 203
1 420 133 443 189
1 432 145 466 230
1 557 144 585 213
1 192 136 231 234
1 47 124 60 155
1 56 136 90 221
1 135 128 149 162
1 219 133 235 172
1 292 134 309 178
1 305 131 319 168
1 313 138 337 198
1 356 137 386 212
3 519 132 533 159
3 490 142 500 161
3 492 134 503 151
3 241 145 271 185
3 364 130 370 139
5 23 115 364 142
