84
1 118 269 164 383
1 0 199 14 262
1 9 220 36 286
1 24 200 46 253
1 67 213 93 276
1 75 233 107 314
1 118 208 140 264
1 150 223 180 300
1 251 250 288 340
1 300 255 346 368
1 359 232 385 299
1 383 225 408 287
1 417 217 441 278
1 444 211 467 267
1 459 256 501 358
1 502 249 536 332
1 528 238 557 310
1 548 227 579 302
1 566 229 588 285
1 581 222 600 279
1 491 201 512 252
1 482 206 501 254
1 465 204 486 258
1 215 218 242 285
1 197 201 217 253
1 232 194 253 247
1 44 200 65 251
1 87 203 109 260
1 106 206 126 257
1 167 201 191 261
1 265 193 284 243
1 289 209 313 267
1 318 240 346 311
1 319 208 338 254
1 346 202 365 251
1 368 199 385 244
1 377 181 389 212
1 187 186 202 224
1 137 199 154 244
1 334 191 349 228
1 362 189 377 225
1 396 196 414 240
1 411 195 428 236
1 425 200 444 248
1 566 188 580 222
1 553 192 569 233
1 543 188 557 225
1 535 203 553 246
1 522 194 539 237
1 515 170 523 191
1 560 167 566 183
1 567 164 573 178
1 573 169 577 182
1 538 172 546 194
1 447 183 454 202
1 436 192 450 227
1 158 184 168 209
1 175 191 196 242
1 275 186 288 220
1 287 186 299 219
1 310 185 325 221
1 239 190 257 235
1 404 177 412 199
1 359 178 367 201
3 518 211 531 240
3 126 186 137 202
3 170 191 180 203
3 175 182 181 195
3 49 164 59 177
3 64 157 75 175
3 139 187 148 197
3 109 168 116 179
3 20 153 28 167
3 26 153 31 162
3 31 161 38 174
3 266 177 273 192
3 286 173 299 183
3 324 183 329 193
3 349 180 355 192
3 392 179 399 190
3 416 183 426 191
5 119 174 168 204
5 224 181 288 200
5 329 181 350 199
