40
1 200 189 217 233
1 206 192 224 238
1 212 187 229 229
1 231 191 249 235
1 239 183 257 227
1 255 191 272 236
1 262 183 280 228
1 283 192 301 235
1 290 186 307 227
1 318 184 335 229
1 309 193 327 236
1 341 194 359 238
1 346 186 363 229
1 395 204 413 251
1 419 200 437 246
1 97 195 115 239
1 104 190 121 232
1 125 197 144 245
1 116 189 134 233
1 170 169 187 210
1 167 167 181 204
1 190 168 204 206
1 425 175 444 221
1 406 179 422 218
1 412 174 427 213
1 417 184 432 221
1 391 175 406 213
1 379 171 394 209
1 370 168 385 204
1 355 165 368 199
1 150 175 165 212
1 17 211 37 261
3 127 166 140 178
3 133 177 142 184
3 153 166 162 177
3 194 160 204 170
3 214 157 224 167
3 358 158 364 167
3 374 162 382 169
3 391 164 400 175
