65
1 193 373 273 571
1 135 376 213 568
1 61 369 137 554
1 14 361 91 550
1 0 377 37 547
1 0 372 53 537
1 38 358 112 541
1 107 369 182 552
1 174 374 248 557
1 153 330 237 537
1 212 325 299 540
1 248 373 326 564
1 285 388 363 582
1 322 377 398 565
1 277 333 363 545
1 334 330 426 554
1 356 381 437 582
1 401 385 479 579
1 463 387 544 585
1 547 388 626 581
1 572 377 654 578
1 618 391 695 581
1 670 391 749 584
1 704 380 783 576
1 760 397 835 580
1 801 375 884 578
1 838 380 919 579
1 895 384 940 580
3 772 373 794 409
3 685 324 711 364
3 52 220 72 243
3 29 225 46 247
3 8 223 26 255
3 128 223 148 249
3 86 223 102 252
3 161 229 178 252
3 186 221 206 248
3 225 218 241 248
3 246 225 264 248
3 263 222 284 246
3 722 223 740 240
3 691 215 709 240
3 657 200 674 225
3 669 192 686 210
3 869 221 883 245
3 831 226 851 247
3 811 222 829 249
3 888 223 905 251
3 912 216 928 242
3 767 200 783 228
3 843 65 861 98
3 784 221 800 245
3 688 139 710 175
3 782 108 796 125
3 782 129 796 150
3 69 27 89 56
3 416 51 434 73
3 311 46 336 66
3 349 51 366 75
3 213 83 234 104
3 184 86 210 116
3 626 73 644 116
3 918 157 930 185
5 563 2 929 241
5 3 4 563 247
