64
1 135 180 223 398
1 105 165 195 386
1 81 140 135 272
1 227 143 304 332
1 272 165 353 362
1 322 146 385 299
1 370 158 436 322
1 443 156 496 287
1 495 150 541 266
1 526 139 570 248
1 559 138 595 226
1 542 127 578 217
1 511 122 552 223
1 484 135 526 241
1 436 127 487 254
1 396 132 450 264
3 1 106 13 124
3 31 103 49 129
3 26 118 40 136
3 5 131 23 147
3 1 150 23 180
3 19 146 37 163
3 38 145 53 164
3 79 134 92 152
3 108 151 126 174
3 66 140 75 151
3 55 144 67 156
3 332 79 344 94
3 304 79 315 92
3 283 77 295 94
3 202 145 218 167
3 214 135 238 163
3 240 122 255 142
3 172 128 190 155
3 150 140 168 160
3 132 144 147 161
3 129 136 140 149
3 195 126 210 146
3 215 133 229 155
3 273 141 292 162
3 299 131 316 150
3 262 131 275 145
3 275 124 286 137
3 343 120 358 141
3 315 131 328 150
3 322 122 331 137
3 328 119 338 131
3 382 134 399 156
3 396 136 406 149
3 368 123 381 145
3 299 119 309 129
3 389 120 400 134
3 497 118 506 132
3 511 121 524 138
3 401 124 411 140
3 431 123 442 145
3 445 130 459 146
3 472 132 489 144
3 476 119 485 131
3 563 118 576 136
3 456 117 467 135
5 52 106 212 137
5 217 100 379 136
5 192 76 232 95
