123
1 482 280 500 326
1 469 239 483 275
1 432 246 447 286
1 443 247 459 288
1 399 272 416 314
1 381 268 395 305
1 341 257 358 300
1 317 256 334 299
1 326 212 339 246
1 341 218 355 255
1 361 201 374 232
1 370 184 381 212
1 381 176 393 205
1 396 224 410 260
1 413 227 427 261
1 422 199 437 235
1 452 213 464 246
1 440 215 453 248
1 441 192 450 217
1 439 173 447 195
1 462 198 474 227
1 472 180 482 208
1 477 187 488 213
1 481 179 494 213
1 491 201 500 227
1 481 151 491 176
1 493 157 500 181
1 481 126 490 151
1 457 146 467 170
1 458 169 468 196
1 417 192 430 224
1 395 194 407 224
1 272 219 287 258
1 283 220 297 257
1 292 201 306 237
1 311 188 323 220
1 265 196 277 226
1 256 191 267 220
1 250 165 262 194
1 238 168 248 194
1 215 176 225 202
1 208 175 218 202
1 181 176 193 206
1 193 176 203 203
1 191 194 201 220
1 162 214 177 250
1 158 221 171 253
1 156 196 165 219
1 131 195 142 223
1 108 211 125 253
1 102 235 115 267
1 79 233 94 269
1 99 212 112 245
1 65 213 77 245
1 44 241 60 280
1 29 243 46 284
1 18 232 31 267
1 2 216 15 249
1 14 198 25 228
1 21 193 33 223
1 30 211 42 242
1 84 170 94 195
1 97 158 107 183
1 103 154 113 178
1 112 166 122 193
1 149 158 160 185
1 134 147 144 171
1 155 151 163 173
1 53 166 63 192
1 41 183 51 208
1 73 190 85 223
1 205 228 218 261
1 220 224 235 261
1 306 166 316 192
1 328 155 335 174
1 318 152 327 174
1 297 135 308 161
1 286 141 294 162
1 280 140 288 161
1 269 138 279 163
1 266 140 274 163
1 175 147 184 169
1 187 147 196 169
1 195 142 204 164
1 205 144 213 165
1 374 153 382 175
1 241 96 245 109
1 303 95 307 107
1 308 141 316 162
1 225 157 235 181
1 220 154 228 174
1 244 148 254 172
1 277 170 288 199
1 288 171 299 199
1 298 190 309 219
1 269 179 278 203
1 301 238 315 275
1 308 231 322 268
1 251 261 268 302
1 282 255 300 302
1 147 255 164 296
1 155 248 171 287
1 26 157 35 178
1 0 280 12 322
1 339 165 348 190
1 339 142 347 164
1 212 113 218 127
1 283 113 289 130
1 262 108 268 123
1 267 105 271 118
3 44 286 69 315
3 79 287 105 324
3 135 300 156 328
3 7 305 23 323
3 27 313 43 331
3 53 315 63 328
3 286 310 305 323
3 189 251 207 268
3 290 92 294 98
5 1 126 150 184
5 224 127 273 161
5 288 116 364 142
5 368 121 398 149
