48
1 381 145 574 618
1 49 137 213 540
1 581 185 613 264
1 249 183 306 325
1 772 167 807 256
1 806 170 841 255
1 834 166 874 265
1 843 169 886 276
1 750 174 782 252
1 738 176 762 237
1 719 185 740 237
1 707 178 730 237
1 557 181 580 240
1 345 194 379 278
1 374 188 408 270
1 218 181 276 324
1 534 182 548 218
1 521 191 537 230
1 628 185 643 223
1 639 183 654 221
1 649 182 665 222
1 661 185 677 225
1 672 180 691 227
1 683 184 699 224
1 692 181 712 232
1 611 186 625 222
3 13 183 41 231
3 35 294 64 363
3 208 267 238 321
3 164 276 193 321
3 169 199 193 224
3 312 182 327 203
3 292 197 315 229
3 328 246 347 290
3 873 156 894 199
3 201 230 221 261
3 196 197 212 222
3 215 191 231 217
3 326 214 343 235
3 364 194 371 211
3 369 211 380 229
3 392 188 400 211
3 400 188 407 204
3 370 238 385 266
3 391 227 406 263
3 498 192 511 222
3 798 171 811 197
3 731 180 737 196
