34
1 54 121 144 341
1 128 134 214 345
1 174 112 266 340
1 267 121 360 349
1 376 121 470 353
1 434 114 522 330
1 344 105 413 274
1 318 82 377 228
1 63 63 98 149
1 41 51 67 117
1 86 68 118 148
1 129 62 162 144
1 138 66 171 147
1 182 65 212 139
1 211 55 243 134
1 252 46 276 107
1 310 27 328 73
1 363 51 387 112
1 346 39 363 82
1 503 48 537 131
1 471 54 499 126
1 484 48 508 108
1 283 34 299 74
1 290 30 305 66
3 338 25 344 51
3 362 35 374 56
3 391 59 407 86
3 408 57 420 72
3 421 52 431 70
3 432 60 439 83
3 441 70 455 90
3 461 50 471 68
3 447 51 455 68
5 351 9 541 63
