58
1 62 253 99 347
1 146 238 185 333
1 101 202 124 260
1 175 228 204 301
1 214 222 238 284
1 255 219 282 285
1 290 232 319 306
1 303 222 330 288
1 278 222 302 280
1 321 220 344 278
1 334 219 358 278
1 352 226 380 294
1 374 223 399 287
1 386 217 411 277
1 401 227 428 295
1 419 227 444 291
1 428 218 454 285
1 466 195 482 237
1 36 203 60 263
1 193 188 218 249
1 482 193 497 232
1 146 88 159 121
1 151 73 165 110
1 88 155 107 203
1 106 154 118 187
3 171 220 181 238
3 190 215 202 229
3 230 203 239 221
3 246 202 256 218
3 258 203 267 215
3 269 186 282 199
3 305 198 317 214
3 326 182 337 200
3 347 191 357 208
3 333 202 343 217
3 414 212 427 224
3 73 203 91 228
3 27 205 41 233
3 12 201 25 217
3 353 211 361 223
3 376 207 382 219
3 364 192 372 207
3 372 190 380 207
3 380 190 384 198
3 386 189 394 209
3 396 192 407 207
3 421 192 431 207
3 433 193 440 207
3 455 191 463 208
3 293 194 302 207
3 273 202 283 215
3 11 71 17 95
5 0 21 126 81
5 21 79 158 116
5 2 130 107 179
5 105 134 297 170
5 261 144 316 171
5 328 170 499 209
