110
1 119 184 160 286
1 138 177 189 301
1 158 167 218 314
1 178 167 247 336
1 211 159 292 360
1 271 129 378 392
1 366 101 508 451
1 505 67 665 457
1 628 165 690 362
1 446 173 516 346
1 483 169 569 378
1 321 176 393 353
1 258 183 304 297
1 274 174 337 330
1 108 185 147 281
1 99 186 132 270
1 53 203 70 245
1 64 200 81 242
1 31 203 49 247
1 42 205 58 245
1 20 205 38 248
1 1 206 19 251
1 344 183 393 305
3 170 143 175 162
3 183 145 188 162
3 189 146 204 166
3 12 140 20 156
3 14 130 20 140
3 3 125 11 134
3 0 138 11 158
3 46 143 57 158
3 57 141 70 163
3 71 143 81 164
3 82 143 92 164
3 93 146 100 157
3 100 143 109 157
3 112 148 122 162
3 124 145 130 164
3 134 146 144 165
3 145 150 152 163
3 156 145 161 159
3 161 142 168 156
3 153 137 159 145
3 148 131 155 138
3 141 130 146 137
3 131 130 136 138
3 121 130 128 136
3 111 128 118 137
3 100 130 107 138
3 89 129 97 138
3 79 127 86 134
3 69 128 78 135
3 46 127 56 141
3 58 127 65 134
3 59 134 65 140
3 70 135 78 141
3 80 136 87 143
3 92 135 101 144
3 103 137 108 142
3 111 138 117 146
3 121 138 129 143
3 133 137 139 146
3 142 138 151 146
3 207 149 211 164
3 212 148 217 166
3 218 151 223 167
3 223 147 230 167
3 231 150 236 168
3 239 149 244 165
3 258 150 266 159
3 264 148 272 160
3 251 132 261 145
3 268 139 275 150
3 277 137 282 144
3 285 140 293 146
3 294 139 299 149
3 302 141 307 154
3 281 148 285 155
3 363 142 370 153
3 371 143 376 152
3 378 145 384 151
3 386 145 392 151
3 392 144 399 153
3 399 145 405 154
3 406 144 411 149
3 406 151 410 159
3 413 152 418 157
3 410 157 418 167
3 404 156 410 166
3 397 155 404 165
3 389 155 394 164
3 381 156 387 167
3 374 153 380 165
3 528 140 537 159
3 545 140 552 156
3 636 141 644 150
3 644 139 650 147
3 652 137 658 146
3 658 139 666 147
3 670 136 676 146
3 678 134 685 143
3 673 148 681 158
3 668 146 673 156
3 659 147 664 158
3 649 149 658 159
3 650 181 662 203
3 504 192 518 204
5 460 159 544 184
5 473 88 564 148
5 609 69 688 138
