43
1 107 42 162 178
1 156 49 195 146
1 250 63 312 217
1 314 59 333 106
1 377 34 411 118
1 430 22 452 79
1 510 45 565 183
1 565 44 608 148
1 586 327 624 422
1 557 315 585 383
1 599 309 629 384
1 512 316 538 379
1 475 332 501 398
1 451 316 473 371
1 388 332 411 389
1 22 276 52 350
1 109 292 145 383
1 136 277 175 374
1 186 293 223 386
1 222 293 254 371
1 243 288 278 373
1 162 267 186 327
1 0 274 17 347
1 383 304 396 335
1 426 304 434 324
1 348 310 353 326
1 106 290 117 319
3 8 71 19 88
3 334 289 346 324
3 321 293 327 324
3 308 293 317 321
3 287 287 307 330
3 274 296 288 315
3 225 275 241 285
3 228 288 239 304
3 212 286 228 310
3 188 285 200 304
5 20 59 103 82
5 198 59 271 75
5 345 31 386 51
5 403 32 434 56
5 447 29 576 43
5 592 28 688 53
