49
1 12 92 42 166
1 68 81 104 168
1 35 84 68 165
1 26 73 55 143
1 90 79 126 167
1 135 82 171 170
1 93 97 134 198
1 42 101 82 198
1 155 90 197 196
1 216 93 258 197
1 238 73 278 171
1 190 72 229 170
1 278 60 300 145
1 272 48 300 129
1 112 67 144 147
1 116 56 149 139
1 79 67 112 149
1 51 69 81 146
3 53 62 66 80
3 65 52 76 68
3 75 46 84 59
3 86 38 92 53
3 102 39 111 51
3 95 46 103 59
3 87 54 94 68
3 78 61 88 80
3 104 58 113 72
3 109 49 119 62
3 118 43 126 55
3 121 32 131 46
3 140 38 146 48
3 131 49 138 63
3 135 42 142 54
3 153 65 164 83
3 159 54 166 65
3 161 46 170 55
3 166 36 178 49
3 205 62 217 75
3 207 51 218 63
3 209 43 217 51
3 209 32 218 42
3 246 64 256 76
3 244 50 252 62
3 266 27 275 36
3 272 32 281 47
3 280 36 288 53
3 240 36 250 47
3 236 30 244 35
3 291 26 297 39
