67
1 115 278 194 471
1 255 251 340 462
1 320 235 394 416
1 377 207 446 375
1 401 210 479 400
1 469 215 539 389
1 500 182 578 376
1 560 204 636 389
1 234 207 304 379
1 199 244 272 424
1 158 217 227 386
1 32 222 111 417
1 0 170 69 407
3 309 128 334 171
3 262 127 287 158
3 253 147 271 167
3 221 148 238 171
3 210 150 223 174
3 209 133 221 148
3 70 134 87 156
3 57 127 68 145
3 43 130 54 144
3 33 130 46 147
3 105 133 124 156
3 119 157 128 179
3 136 149 151 159
3 137 160 153 185
3 167 160 186 186
3 191 160 211 192
3 57 156 80 183
3 48 156 54 181
3 70 206 103 231
3 107 220 131 273
3 136 242 166 282
3 103 189 119 217
3 137 192 159 222
3 159 199 178 231
3 181 194 202 224
3 232 198 250 229
3 216 206 232 240
3 266 180 285 202
3 260 190 279 214
3 296 191 334 234
3 329 197 354 227
3 310 172 328 189
3 340 167 361 191
3 349 183 372 211
3 377 192 390 218
3 385 167 407 197
3 386 145 416 164
3 368 145 386 169
3 432 151 447 182
3 465 126 497 167
3 478 171 502 204
3 433 192 473 225
3 574 142 591 175
3 601 147 615 181
3 621 159 636 198
3 619 127 631 152
3 535 116 559 142
3 521 128 537 150
3 497 133 525 151
3 593 118 607 140
3 544 148 560 163
3 525 148 542 169
3 503 161 523 188
5 127 114 431 148
