53
1 402 142 514 419
1 127 190 166 285
1 101 200 133 278
1 80 199 114 283
1 52 186 92 285
1 36 190 75 285
1 0 196 32 286
1 15 195 51 283
1 144 191 181 283
1 171 200 205 286
1 190 194 221 272
1 215 184 254 282
1 239 189 275 280
1 266 181 305 278
1 292 191 325 275
1 322 188 355 270
1 349 189 386 280
1 376 186 412 275
1 485 182 519 266
1 509 187 542 270
1 547 190 574 257
1 528 187 562 269
1 570 199 593 257
1 583 197 608 257
1 254 90 262 112
1 287 122 302 158
3 64 78 76 105
3 75 82 93 109
3 98 84 114 106
3 120 86 140 112
3 143 91 156 110
3 164 93 178 117
3 306 118 319 144
3 320 118 330 144
3 382 159 408 188
3 468 90 480 115
3 512 94 521 118
3 527 99 534 121
3 529 150 547 168
3 482 186 493 206
3 626 118 638 140
3 485 101 492 118
3 491 103 503 118
3 380 93 389 110
3 389 95 398 112
3 470 117 479 132
3 480 118 490 130
3 491 118 500 131
3 510 118 518 133
3 520 120 529 135
3 529 122 540 132
3 547 105 557 125
3 541 105 549 125
