32
1 0 101 43 205
1 366 114 415 236
3 23 129 43 206
3 47 128 70 195
3 70 133 88 208
3 92 130 107 213
3 111 129 130 209
3 130 134 151 214
3 154 131 176 208
3 188 128 207 202
3 216 134 231 215
3 236 137 253 221
3 258 141 277 224
3 282 140 303 232
3 309 141 328 230
3 331 137 354 232
3 364 142 385 230
3 346 103 369 141
3 318 103 341 143
3 293 110 315 139
3 289 95 306 114
3 274 107 292 137
3 248 111 272 135
3 234 111 247 136
3 216 109 226 136
3 192 108 216 127
3 178 106 190 126
3 155 105 172 131
3 133 99 153 136
3 111 100 124 121
3 72 101 100 131
3 41 96 62 127
