39
1 55 113 110 249
1 180 114 234 246
1 251 120 303 247
1 434 113 484 236
1 384 109 417 190
1 492 115 530 212
1 485 115 522 209
1 335 118 365 191
1 362 113 391 187
1 419 108 451 187
1 404 113 435 188
1 376 110 407 187
1 323 114 352 185
1 312 117 340 188
1 303 113 333 187
1 139 125 167 196
1 152 121 181 192
1 111 121 140 195
1 6 125 43 216
1 0 122 23 223
1 239 115 268 188
1 213 116 242 189
3 29 112 44 141
3 40 111 51 125
3 55 124 69 143
3 103 118 111 136
3 148 112 159 121
3 135 116 146 129
3 167 108 179 121
3 187 108 201 125
3 237 112 246 127
3 290 110 306 136
3 347 105 358 121
3 363 111 373 122
3 416 102 426 113
3 445 110 454 128
3 478 109 494 131
5 498 102 525 124
5 103 107 139 125
