29
1 715 297 837 595
1 911 311 974 464
1 894 299 933 394
1 972 305 998 372
1 962 302 985 360
1 617 306 688 482
1 562 316 610 436
1 495 319 585 539
1 386 321 462 506
1 330 329 398 495
1 254 339 310 475
1 205 329 260 467
1 164 335 218 466
1 102 337 148 451
1 72 339 115 443
1 34 341 77 447
1 14 344 42 413
1 301 331 349 448
1 443 323 485 428
1 226 330 270 441
1 133 338 168 425
1 616 323 633 365
1 706 319 728 372
1 718 314 739 367
1 833 313 856 372
1 856 315 876 365
1 872 310 897 373
1 888 315 910 369
5 94 322 612 332
