28
1 0 178 23 253
1 21 179 46 242
1 94 184 116 239
1 136 190 161 252
1 148 182 174 247
1 127 185 143 227
1 167 184 187 235
1 179 185 211 265
1 215 185 237 239
1 232 185 271 282
1 251 184 282 262
1 307 184 327 233
1 299 178 319 228
1 289 180 302 213
1 323 188 363 288
1 352 183 384 261
1 396 183 421 243
1 408 187 432 245
1 438 186 456 229
1 422 181 439 222
1 462 180 477 216
1 449 177 462 208
1 515 181 536 235
1 551 183 569 228
1 382 174 396 211
1 392 183 403 213
3 89 181 101 195
3 510 178 519 223
