33
1 126 390 192 551
1 188 374 260 553
1 248 370 323 552
1 284 374 356 553
1 320 382 388 548
1 356 375 426 549
1 395 381 462 547
1 446 378 513 541
1 488 384 558 554
1 528 383 589 533
1 559 388 625 551
1 588 371 652 527
1 100 375 157 517
3 104 342 136 395
3 162 355 185 387
3 195 357 221 395
3 242 352 266 403
3 273 342 300 369
3 285 361 309 385
3 335 333 352 361
3 352 331 366 354
3 355 355 373 390
3 376 342 395 366
3 390 356 407 382
3 411 345 433 369
3 416 332 432 347
3 439 337 461 357
3 436 361 448 395
3 478 354 502 383
3 485 339 506 361
3 519 355 540 388
3 534 344 552 365
3 559 358 580 380
