33
1 37 193 64 262
1 109 192 141 272
1 164 185 199 271
1 236 198 268 278
1 276 189 308 268
1 314 192 352 286
1 363 200 392 273
1 396 200 424 272
1 409 197 440 273
1 435 177 475 276
1 491 208 528 299
1 534 197 570 286
1 595 213 634 309
1 584 209 612 278
1 422 197 448 262
1 336 195 362 260
1 350 197 376 261
1 296 196 324 265
1 261 192 284 251
1 209 195 232 253
1 193 193 220 258
1 222 190 246 251
1 139 194 161 250
1 150 192 173 249
1 128 195 152 254
1 95 197 115 249
1 74 186 98 246
1 54 192 74 243
1 72 189 85 222
1 26 190 47 244
1 14 190 37 248
1 3 193 21 240
5 7 177 631 213
