70
1 0 272 38 379
1 0 272 22 339
1 53 300 93 398
1 82 280 122 379
1 123 283 156 364
1 143 274 179 365
1 176 284 204 356
1 194 266 227 347
1 220 264 252 345
1 234 247 272 340
1 323 248 349 311
1 78 358 143 520
1 446 381 516 555
1 500 274 553 403
1 613 302 671 443
1 689 256 727 351
1 595 250 626 329
1 580 215 606 278
1 732 209 751 255
1 764 222 796 302
1 770 288 800 421
1 26 248 59 328
1 6 250 37 325
1 57 251 84 318
1 77 251 106 325
1 95 248 127 329
1 71 216 83 249
1 82 215 97 251
1 564 206 581 250
1 551 195 566 231
3 118 233 136 242
3 120 248 135 274
3 149 254 159 268
3 140 269 149 283
3 163 263 174 278
3 176 255 189 267
3 186 263 200 278
3 212 232 225 249
3 218 251 229 268
3 173 239 186 253
3 160 235 173 246
3 144 239 158 253
3 181 226 196 241
3 44 239 58 256
3 280 262 317 324
3 270 196 291 228
3 297 196 308 226
3 310 196 329 233
3 330 197 342 232
3 345 191 355 224
3 361 196 373 223
3 375 196 386 223
3 385 188 396 222
3 396 193 405 221
3 405 191 425 222
3 424 185 436 216
3 436 184 448 214
3 446 183 454 214
3 456 178 464 212
3 467 180 477 206
3 478 198 482 214
3 483 196 486 212
3 494 194 502 209
3 334 183 342 197
3 313 186 324 196
3 364 184 375 198
3 535 195 544 214
3 651 425 721 538
5 691 174 791 194
5 561 188 681 208
