107
1 825 1619 1053 2175
1 712 1595 935 2140
1 875 1682 1212 2505
1 686 2159 982 2884
1 438 1876 917 3048
1 0 1671 161 2072
1 1042 1770 1291 2379
1 1244 1747 1500 2373
1 1377 1782 1669 2495
1 1234 2068 1492 2698
1 1625 1806 1881 2431
1 1707 1685 1946 2271
1 1440 1616 1638 2100
1 1568 1672 1690 1972
1 1915 1704 2019 1959
1 1973 1785 2039 1947
1 2093 1698 2267 2122
1 2246 1751 2402 2133
1 1876 1722 1930 1856
1 1807 1663 1913 1922
1 1668 1612 1770 1861
1 2352 1732 2411 1878
1 2723 1825 2849 2136
1 3160 1888 3545 2828
1 3709 1959 3888 2396
1 4095 2014 4272 2449
1 4213 2060 4370 2445
1 4629 2181 4903 2849
1 570 1720 751 2161
1 1137 1630 1311 2056
1 2011 1717 2080 1889
1 1992 1697 2041 1820
1 1901 1692 1962 1841
1 2056 1688 2116 1834
1 2393 1736 2425 1817
1 2398 1799 2442 1909
1 1718 1632 1803 1839
1 2872 1903 3187 2672
1 2953 1891 3215 2532
1 2797 1886 2872 2071
1 2824 1810 2914 2029
1 3103 1835 3212 2103
1 3476 1912 3579 2167
1 3513 1919 3611 2161
1 3591 1899 3699 2163
1 3656 1906 3763 2166
3 3781 2260 4419 3259
3 4472 1924 4529 2015
3 4519 1966 4589 2130
3 4558 2028 4723 2179
3 4694 1967 4779 2085
3 4747 2035 4848 2226
3 4082 1891 4153 2042
3 4162 1863 4207 1942
3 4237 1938 4351 2063
3 4239 2060 4386 2316
3 4362 2193 4434 2288
3 2 1960 164 2204
3 192 1637 265 1727
3 154 1844 309 2034
3 350 1920 436 2085
3 175 2051 377 2328
3 417 2005 546 2297
3 274 2236 487 2570
3 1488 2381 1775 2835
3 1260 1665 1325 1791
3 1352 1655 1446 1809
3 1424 1624 1532 1794
3 1138 1649 1268 1827
3 1754 2522 1929 2865
3 1553 2335 2562 3211
3 2060 2165 2191 2378
3 2053 1980 2223 2141
3 2025 1885 2136 2008
3 1961 1978 2057 2068
3 1840 1871 1945 2030
3 2558 2209 2904 3260
3 2367 1962 2731 2439
3 2451 1768 2489 1827
3 2470 1774 2536 1892
3 2541 1792 2595 1928
3 2656 1881 2704 1973
3 2904 1822 2984 1910
3 2726 1765 2766 1866
3 3169 1868 3240 2036
3 3224 1844 3275 1986
3 3199 1771 3244 1855
3 3401 1831 3477 1946
3 3390 1901 3496 2083
3 3521 1841 3594 1955
3 3600 2165 3661 2233
3 3881 2111 3981 2227
3 3808 2097 3891 2275
3 3848 1883 3921 2016
3 3965 1896 4020 2039
3 3994 2075 4089 2229
3 3298 1843 3360 1956
3 3079 2107 3582 3259
5 4443 1876 4909 2033
5 4070 1839 4458 2032
5 1620 1582 2167 1630
5 1823 1628 2290 1693
5 2294 1660 2688 1868
5 2697 1691 3079 1883
5 3086 1738 3513 1880
5 3519 1775 3757 1939
5 3759 1825 4087 1958
