33
1 100 203 134 286
1 121 207 152 286
1 138 209 172 293
1 151 210 186 299
1 177 208 210 289
1 196 211 235 307
1 232 213 271 311
1 261 209 303 315
1 292 216 334 318
1 330 211 375 320
1 368 216 405 307
1 401 206 439 300
1 433 199 466 282
1 454 197 486 278
1 314 210 349 299
1 354 207 391 299
1 21 188 40 235
3 138 188 157 206
3 158 186 171 205
3 186 183 201 204
3 203 182 218 203
3 217 185 234 209
3 235 186 251 204
3 232 204 249 224
3 436 195 448 216
3 391 205 400 230
3 373 199 387 211
3 344 201 353 212
3 315 196 325 210
3 297 199 308 211
3 267 193 275 210
3 253 196 269 219
3 277 195 288 209
