60
1 4 86 28 145
1 25 79 53 147
1 48 80 78 153
1 65 75 99 159
1 89 75 122 156
1 111 77 144 160
1 140 78 174 161
1 129 75 160 153
1 156 79 185 150
1 168 79 200 157
1 189 78 221 158
1 212 81 245 161
1 229 74 261 153
1 293 98 319 161
1 307 107 327 159
1 316 103 338 157
1 332 109 351 156
1 351 107 372 161
1 406 111 427 162
1 426 114 445 163
1 6 265 25 312
1 27 265 44 310
1 50 263 69 312
1 66 262 85 310
1 85 260 105 310
1 104 262 122 309
1 122 263 141 310
1 80 271 96 310
1 155 251 174 300
1 168 248 191 304
1 182 248 206 306
1 199 248 221 302
1 209 251 228 301
1 218 253 239 306
1 228 250 247 296
1 237 251 258 306
1 254 251 273 301
1 263 252 284 305
1 277 247 299 300
1 324 259 342 304
1 331 259 350 307
3 364 123 380 163
3 383 123 398 164
3 396 121 410 165
3 398 109 411 120
3 391 108 397 119
3 382 110 393 124
3 368 108 373 122
3 376 107 382 118
3 350 269 360 297
3 358 266 369 298
3 377 274 393 299
3 391 271 408 300
3 402 267 411 289
3 398 258 408 269
3 340 257 351 264
3 356 258 362 269
3 363 255 370 267
3 373 257 378 269
3 379 259 385 270
