26
1 636 1970 840 2469
1 730 1976 920 2441
1 509 1930 722 2449
1 938 1939 1137 2425
1 358 1789 646 2492
1 0 1778 420 2998
1 218 1984 430 2502
1 1671 1707 1981 2463
1 1380 1865 1886 3099
1 1132 1776 1634 3004
1 991 1871 1457 3008
1 2034 1954 2209 2380
1 2769 1781 3264 2990
1 3188 1651 3770 3070
1 3487 1636 3780 2352
1 3668 1686 3988 2466
1 3827 1693 4185 2570
1 4038 1679 4411 2590
1 4368 1650 4765 2619
3 1262 1790 1357 1985
3 2757 1716 2827 1860
3 2824 1740 2928 1926
3 3022 1688 3153 1816
3 3900 1694 3987 1810
3 4257 1658 4337 1817
4 2221 976 2593 1414
