29
1 120 235 153 318
1 154 224 175 278
1 179 228 202 284
1 190 226 228 321
1 283 237 318 326
1 364 225 402 319
1 431 227 449 270
1 420 227 438 273
1 414 220 430 262
1 441 220 458 264
1 449 226 463 264
1 452 224 474 278
1 463 228 483 276
1 499 226 520 277
1 481 227 498 271
1 553 215 574 266
1 398 232 416 275
1 360 226 380 274
1 324 226 346 281
1 311 228 333 282
1 272 226 294 283
1 260 225 283 284
1 233 227 247 265
1 293 229 311 276
1 333 235 348 273
3 338 221 354 232
3 390 222 395 237
3 518 222 546 243
5 1 221 143 244
