45
1 47 245 99 375
1 98 254 136 350
1 271 252 321 377
1 297 249 339 355
1 326 254 362 345
1 353 256 381 326
1 197 176 215 221
1 403 262 425 316
1 443 264 464 318
1 469 268 477 289
1 465 267 474 291
1 459 266 469 290
1 475 267 483 287
1 479 267 489 291
1 484 269 493 290
1 490 269 497 287
1 501 267 508 287
1 509 269 516 288
1 518 268 526 287
1 528 267 536 286
1 537 267 546 288
1 549 268 555 286
1 555 269 562 286
1 559 269 567 288
1 567 270 573 285
1 577 267 583 285
1 585 267 593 288
1 596 267 603 287
1 603 268 612 289
1 673 265 683 291
1 635 266 643 287
1 646 270 653 288
1 642 269 648 287
1 652 271 658 287
1 655 270 662 290
1 661 268 669 288
1 668 268 674 283
1 683 269 688 285
1 688 268 694 286
1 691 266 699 288
3 0 219 17 242
3 18 217 30 242
3 36 221 63 247
3 64 225 78 245
3 91 214 118 244
