34
1 2 144 18 185
1 24 150 38 188
1 80 149 89 174
1 42 144 78 231
1 143 150 161 197
1 181 147 201 198
1 173 150 186 181
1 195 149 212 192
1 212 149 226 186
1 221 146 241 197
1 238 150 252 186
1 265 150 279 187
1 248 144 260 176
1 312 152 327 191
1 302 150 315 185
1 342 149 356 185
1 329 152 343 188
1 375 146 388 181
1 355 145 371 185
1 391 151 402 181
1 397 148 409 180
1 421 143 437 185
1 466 147 484 193
1 407 142 423 183
1 292 150 298 168
1 279 147 288 172
1 255 149 266 178
1 117 149 126 174
1 361 145 376 185
3 142 213 204 300
3 201 192 240 241
3 237 183 273 222
3 275 176 297 208
3 104 160 134 205
