29
1 24 243 61 335
1 64 240 102 334
1 53 238 91 333
1 118 231 161 336
1 135 243 172 333
1 186 239 226 336
1 222 247 257 334
1 268 244 304 335
1 320 247 348 317
1 347 257 378 335
1 416 244 452 333
1 472 237 511 335
1 517 245 553 336
1 520 251 539 301
1 560 248 595 336
1 546 255 575 329
1 0 244 30 325
1 99 234 114 271
1 144 236 179 325
5 9 225 126 260
5 166 231 201 256
5 231 233 279 278
5 323 235 354 265
5 403 237 442 267
5 456 235 485 279
5 501 235 538 285
5 539 237 598 263
5 416 175 477 209
5 380 171 402 194
