65
1 72 215 96 274
1 94 222 115 276
1 115 220 139 282
1 139 231 159 283
1 158 231 182 290
1 180 232 204 291
1 200 231 225 291
1 218 235 240 289
1 239 236 258 285
1 251 232 272 284
1 265 228 288 284
1 303 230 328 294
1 320 246 347 313
1 378 240 406 311
1 397 241 428 317
1 511 258 541 332
1 364 209 385 261
1 408 206 432 268
1 418 216 441 272
1 462 206 486 268
1 501 220 523 276
1 523 204 544 257
1 531 192 555 254
1 342 193 364 246
1 314 206 332 252
1 14 179 27 212
1 33 185 46 220
1 51 176 67 217
1 66 177 83 219
1 82 175 99 217
1 93 180 105 211
1 106 184 118 216
1 127 180 141 214
1 140 185 155 221
1 205 178 222 222
1 225 179 239 214
1 243 181 256 215
1 260 180 276 221
1 282 180 300 225
1 302 176 320 223
1 320 179 335 217
1 173 182 186 213
1 157 176 171 211
1 185 175 197 206
1 190 175 205 211
4 35 27 46 57
4 24 24 38 59
4 13 21 30 46
5 13 99 121 151
5 15 63 92 97
5 94 56 211 104
5 120 101 227 141
5 209 50 314 97
5 217 97 315 146
5 321 36 419 95
5 315 88 415 140
5 437 29 472 88
5 464 50 558 84
5 423 89 530 107
5 418 108 449 136
5 468 138 556 179
5 336 138 440 183
5 60 155 241 170
5 250 146 327 160
5 332 144 408 160
