77
1 537 432 625 650
1 134 482 211 670
1 329 321 393 477
1 490 394 566 583
1 451 361 521 531
1 292 299 349 439
1 257 278 306 400
1 179 393 247 559
1 130 331 194 487
1 87 283 148 434
1 42 156 85 264
1 20 185 54 268
1 70 157 109 252
1 106 158 142 247
1 146 146 181 234
1 187 125 221 211
1 187 158 215 229
1 209 155 240 233
1 259 144 290 221
1 239 151 266 220
1 568 163 603 250
1 520 203 554 289
1 680 178 720 277
1 755 226 794 321
1 780 224 822 326
1 837 237 869 316
1 809 241 842 325
1 940 148 968 218
1 859 214 898 311
1 904 245 937 328
1 859 259 886 324
1 457 193 495 288
1 446 189 482 276
1 371 135 404 217
1 398 137 429 214
1 370 184 412 289
1 308 147 345 240
3 236 240 262 303
3 206 262 236 320
3 135 262 170 332
3 183 268 212 334
3 348 270 377 320
3 478 276 514 333
3 372 259 406 331
3 394 261 418 322
3 417 255 438 308
3 559 262 595 330
3 592 272 624 339
3 617 272 650 342
3 646 278 679 349
3 677 275 720 349
3 711 291 743 357
3 743 296 765 362
3 762 298 822 367
3 830 312 859 376
3 835 329 868 363
3 870 292 893 333
3 896 317 911 386
3 928 257 952 322
3 919 303 928 367
3 921 327 948 380
3 941 319 974 363
3 964 338 984 402
3 988 339 1015 413
3 980 310 1003 340
3 996 281 1019 328
3 966 270 989 324
3 963 246 999 279
3 692 226 724 272
3 663 226 684 262
3 629 221 648 268
3 605 227 622 258
3 553 210 581 261
3 262 236 294 294
3 292 235 320 301
3 347 241 368 271
3 65 225 102 285
