39
1 39 64 90 190
1 115 73 174 218
1 205 85 267 237
1 275 116 335 264
1 345 86 402 227
1 316 64 361 175
1 286 71 337 196
1 266 53 307 153
1 247 66 280 146
1 152 55 196 162
1 0 11 34 107
1 79 26 105 91
1 87 20 111 78
1 180 16 202 71
1 193 16 219 80
1 210 24 231 78
1 198 41 230 121
1 263 24 300 118
1 287 20 316 91
1 318 28 347 99
1 335 27 352 69
1 352 29 370 72
1 371 32 396 92
1 383 28 403 77
1 399 27 417 71
1 426 31 450 90
1 437 34 455 80
1 446 30 467 81
1 459 31 477 75
1 485 38 500 86
1 205 63 246 166
1 52 18 67 58
3 301 47 323 75
3 348 54 379 97
3 392 56 414 98
3 403 54 438 133
3 451 56 496 138
3 372 28 386 45
3 258 25 276 48
