58
1 270 245 298 314
1 387 267 416 341
1 421 294 443 348
1 469 276 499 350
1 518 271 545 336
1 527 301 547 351
1 539 244 566 310
1 568 245 589 299
1 584 254 600 300
1 528 214 552 274
1 555 208 584 280
1 496 198 516 249
1 519 184 540 236
1 533 163 557 221
1 529 164 549 215
1 468 169 487 216
1 436 167 457 218
1 397 251 423 316
1 319 219 339 269
1 301 220 328 286
1 290 228 313 287
1 277 223 307 297
1 223 237 249 301
1 238 233 266 301
1 188 190 206 235
1 216 216 243 284
1 396 167 410 202
1 416 150 435 198
1 426 138 446 190
1 171 149 190 195
1 155 157 171 197
1 123 164 140 207
1 107 165 123 207
1 93 157 111 200
1 80 155 98 201
1 24 145 38 182
1 33 132 47 166
1 13 124 27 162
1 152 125 167 165
1 134 125 147 156
1 125 133 136 159
1 44 120 55 147
1 52 98 62 126
1 29 101 41 131
1 68 96 81 130
1 97 122 108 149
1 239 106 254 144
1 230 127 246 168
1 216 126 230 162
1 251 103 265 139
1 261 103 276 142
1 268 109 280 141
1 284 108 299 147
1 297 110 312 146
5 160 3 298 39
5 95 22 289 104
5 314 45 415 122
5 61 54 116 109
