43
1 126 353 248 650
1 93 353 193 596
1 329 364 425 600
1 257 356 341 562
1 458 362 543 570
1 526 352 626 597
1 590 384 660 558
1 684 382 747 538
1 738 382 797 529
1 657 383 707 505
1 978 352 1024 513
1 952 370 1010 515
1 925 372 980 510
1 863 375 915 505
1 830 362 882 492
1 805 361 858 490
1 908 367 962 501
1 631 371 674 479
1 70 356 156 565
1 65 352 141 539
1 229 357 303 537
1 308 357 369 506
1 390 358 467 547
1 456 380 510 513
1 513 376 577 533
1 205 362 272 525
1 33 359 86 490
1 49 357 112 510
1 766 375 813 493
1 896 371 946 495
1 721 379 762 480
1 710 372 754 479
3 198 357 215 387
3 393 373 413 393
3 463 372 492 404
3 518 375 540 403
3 153 363 171 398
3 245 361 257 394
3 273 360 290 387
3 438 371 455 403
3 744 375 760 403
3 805 367 827 421
5 2 371 48 403
