34
1 63 233 151 450
1 141 271 190 393
1 189 265 240 389
1 231 262 282 390
1 391 289 427 380
1 569 295 614 406
1 225 231 254 303
1 181 230 211 306
1 157 241 186 312
1 0 251 36 396
1 653 239 682 312
1 628 253 653 313
1 544 222 563 272
1 361 233 379 276
1 291 216 315 275
1 381 246 408 315
1 399 231 427 300
1 165 219 180 257
1 135 221 152 266
1 115 216 133 261
1 594 239 624 315
1 276 312 344 481
1 285 235 299 273
1 257 242 277 293
1 200 247 218 293
3 312 306 383 484
3 272 234 282 256
3 633 240 648 258
3 531 236 543 248
3 396 259 415 284
3 218 247 228 270
3 391 228 405 244
3 621 239 631 250
5 314 239 367 271
