51
1 580 31 649 203
1 936 60 1002 221
1 117 521 196 715
1 0 519 897 2842
1 485 937 661 1366
1 864 907 1057 1378
1 234 39 299 199
1 1584 106 1633 228
1 991 676 1801 2654
1 1490 925 1680 1388
1 1815 872 2032 1405
1 1756 905 1957 1397
1 2266 794 3003 2592
1 2768 869 2998 1432
1 2719 792 2958 1374
1 2322 872 2546 1422
1 2144 912 2218 1096
1 2107 896 2183 1083
1 2958 841 3214 1466
1 3044 859 3282 1443
1 3282 863 3447 1268
1 3586 845 3838 1461
1 3755 840 4015 1477
1 3914 808 4194 1493
1 3884 791 4087 1286
1 4060 834 4288 1477
1 4032 753 4249 1282
1 4181 754 4288 1210
3 53 442 119 614
3 125 379 182 462
3 58 386 124 456
3 115 505 162 601
3 216 558 287 690
3 218 501 274 583
3 678 441 744 532
3 771 449 829 523
3 616 548 680 621
3 675 565 727 640
3 721 583 779 666
3 509 449 556 533
3 716 654 779 731
3 1153 403 1215 508
3 1206 404 1249 484
3 1544 131 1597 213
3 1093 112 1149 203
5 1254 395 2001 726
5 1862 246 3509 672
5 2640 95 3693 239
5 2226 96 2653 257
5 3474 202 4273 648
5 3708 59 4261 209
