33
1 162 212 192 286
1 203 216 230 283
1 271 223 300 293
1 297 219 324 286
1 365 225 390 288
1 382 226 408 293
1 410 223 434 285
1 440 215 471 294
1 530 186 550 244
1 510 181 534 239
1 491 182 513 239
1 13 191 34 244
1 3 188 22 236
1 280 211 309 284
1 259 177 295 268
3 237 233 278 290
3 92 226 122 293
3 119 261 159 292
3 151 228 182 281
3 141 190 169 230
4 4 62 28 108
4 41 65 64 105
4 142 61 171 101
4 201 64 228 103
4 300 63 342 111
4 346 53 382 108
4 416 58 442 105
4 451 54 476 91
4 514 58 543 103
5 1 136 61 185
5 71 147 467 180
5 464 134 549 182
5 129 127 391 164
