66
1 0 555 24 642
1 142 630 169 695
1 136 599 166 676
1 176 568 205 640
1 165 557 194 627
1 289 540 317 612
1 305 548 333 618
1 349 616 378 689
1 408 611 437 684
1 402 601 429 667
1 236 236 258 290
1 333 229 352 276
1 221 226 243 281
1 189 235 205 275
1 145 236 165 285
1 69 193 92 251
1 61 184 85 242
1 23 178 46 235
1 34 88 56 142
1 51 88 68 129
1 64 79 86 132
1 101 98 119 141
1 111 123 130 171
1 122 115 140 162
1 127 68 147 119
1 133 86 153 138
1 148 105 170 158
1 157 114 177 162
1 171 102 188 145
1 203 119 220 161
1 214 130 228 166
1 219 139 236 182
1 235 151 255 199
1 244 194 269 257
1 253 205 279 268
1 262 164 276 201
1 270 147 289 197
1 334 161 355 215
1 369 167 388 213
1 471 190 490 240
1 468 144 486 190
1 425 137 444 185
1 407 124 427 173
1 326 47 340 85
1 433 60 445 92
1 437 10 452 49
1 455 16 470 52
1 389 25 402 60
1 370 0 389 46
1 417 1 429 34
1 437 106 456 155
1 437 159 455 205
1 452 140 468 182
1 463 121 482 167
2 0 53 12 93
2 5 99 23 142
2 0 126 12 173
2 59 328 83 390
2 63 396 84 449
2 90 436 123 517
2 256 562 283 629
2 366 288 390 350
2 445 211 464 257
2 441 182 456 219
2 438 100 455 142
2 250 28 264 65
