88
1 286 176 305 222
1 313 172 333 223
1 372 110 389 154
1 344 113 361 156
1 312 114 329 157
1 288 116 302 154
1 297 113 310 147
1 324 109 340 148
1 352 109 367 148
1 382 110 396 148
1 365 109 380 148
1 273 113 287 149
1 253 115 270 156
1 230 115 245 155
1 243 106 256 141
1 218 114 231 148
1 196 115 213 156
1 178 114 195 157
1 159 114 177 158
1 145 115 159 150
1 129 114 145 156
1 106 117 121 157
1 78 119 94 158
1 55 118 70 157
1 12 121 26 157
1 22 114 35 148
1 65 112 79 149
1 116 113 131 152
1 89 108 104 146
1 70 110 87 151
1 262 104 278 145
1 278 103 295 147
1 206 108 221 144
1 166 110 180 147
1 127 106 141 141
1 378 86 389 114
1 368 86 378 110
1 358 85 367 110
1 344 81 355 111
1 331 85 342 111
1 324 87 334 111
1 311 88 322 114
1 300 87 311 113
1 286 82 297 110
1 271 82 282 111
1 261 80 272 110
1 252 84 262 111
1 242 84 253 111
1 235 88 244 113
1 226 88 236 115
1 213 85 224 114
1 206 80 219 115
1 195 81 207 113
1 177 85 188 115
1 162 87 174 116
1 172 85 182 113
1 152 85 165 116
1 141 88 152 114
1 133 87 143 113
1 122 83 134 114
1 113 86 123 114
1 109 93 115 111
1 102 108 114 141
1 101 91 109 114
1 91 92 99 111
1 81 90 91 114
1 71 88 81 116
1 62 87 73 115
1 60 94 69 117
1 55 96 62 116
1 31 94 42 122
1 40 86 55 122
1 27 98 34 118
1 17 92 28 122
1 11 95 22 125
1 4 100 13 124
3 187 108 196 120
3 218 105 230 118
3 229 104 241 116
3 363 102 371 113
3 379 104 389 116
3 63 110 72 123
3 115 106 125 120
5 1 65 25 104
5 24 52 126 88
5 127 49 233 87
5 234 49 312 81
5 312 46 397 87
