63
1 18 329 60 432
1 107 324 160 453
1 183 335 235 463
1 313 320 364 445
1 393 330 432 427
1 426 322 486 472
1 520 321 570 446
1 567 317 610 421
1 587 321 643 461
1 653 319 703 443
1 784 305 800 356
1 759 305 779 355
1 769 286 784 323
1 717 307 741 365
1 702 305 719 350
1 618 304 642 363
1 500 315 525 375
1 477 316 497 366
1 465 312 489 373
1 353 315 375 372
1 305 316 325 368
1 277 317 298 369
1 269 319 284 359
1 256 317 275 366
1 248 317 265 358
1 75 321 87 351
1 67 322 78 352
1 106 323 115 348
1 112 322 123 348
1 117 320 131 355
1 152 322 162 347
1 159 321 169 347
1 165 324 174 349
1 174 323 189 360
1 188 320 203 356
1 295 317 306 344
1 243 320 254 347
1 368 313 387 359
1 383 310 402 357
1 646 301 663 342
1 637 307 649 338
1 555 304 575 353
1 490 308 510 357
1 426 311 443 355
2 34 348 68 431
2 116 341 162 454
2 205 359 248 463
2 330 341 368 437
2 409 343 443 427
2 459 358 504 468
2 529 342 572 448
2 596 349 645 471
2 668 345 712 452
3 226 344 254 392
3 209 327 231 350
4 236 122 390 148
4 233 101 394 126
4 257 92 391 105
5 4 246 373 264
5 374 240 796 261
5 627 189 798 219
5 1 194 501 226
5 506 204 642 227
