32
1 183 864 226 969
1 216 819 271 953
1 277 819 324 937
1 295 829 351 965
1 303 795 347 902
1 351 854 406 989
1 348 831 401 963
1 412 832 465 964
1 401 771 450 891
1 467 799 518 925
1 516 793 561 904
1 499 780 540 881
1 484 769 525 870
1 557 731 593 820
1 586 709 621 797
1 611 730 644 810
1 696 728 729 809
1 710 692 741 771
1 733 703 762 776
1 758 700 792 783
3 108 1032 193 1155
3 538 827 589 907
3 612 852 726 906
3 781 724 799 755
3 762 682 787 708
5 341 565 425 597
5 515 563 589 597
5 704 568 790 596
5 756 515 793 536
5 599 524 615 537
5 624 563 682 598
5 164 572 233 589
