87
1 71 157 127 293
1 212 140 255 245
1 229 125 261 206
1 186 126 222 217
1 167 136 207 234
1 0 293 79 494
1 35 315 135 560
1 68 376 165 614
1 110 401 208 643
1 171 473 287 758
1 338 451 441 702
1 256 391 355 636
1 223 356 313 579
1 160 316 243 522
1 119 281 206 495
1 309 314 393 521
1 368 347 452 555
1 437 376 522 587
1 457 518 558 768
1 540 427 632 654
1 651 479 753 731
1 680 389 759 583
1 757 411 838 610
1 594 345 672 538
1 518 308 587 480
1 439 283 509 454
1 566 275 631 436
1 647 309 711 467
1 673 282 733 429
1 750 290 808 433
1 724 322 800 507
1 814 318 885 492
1 836 363 909 541
1 884 472 969 682
1 938 389 1019 588
1 998 428 1087 647
1 1004 374 1087 579
1 897 348 983 558
1 251 525 353 777
1 805 531 906 779
1 1099 425 1182 631
1 1116 450 1219 702
1 1025 141 1056 217
1 993 103 1014 154
1 1097 135 1126 206
1 1194 130 1218 190
1 1202 89 1219 130
1 1243 81 1256 114
1 503 55 512 78
1 530 50 547 91
1 905 239 964 383
1 834 227 888 359
1 778 212 829 339
1 732 215 772 316
1 249 261 330 460
1 687 201 731 311
1 666 192 711 302
1 624 176 672 295
1 582 177 625 285
1 556 171 605 291
1 539 164 575 253
1 498 171 537 267
1 461 159 501 258
1 438 152 476 244
1 449 134 488 230
1 414 129 450 216
1 372 111 411 209
1 342 112 376 198
1 314 104 348 188
1 299 82 327 154
1 267 95 297 172
1 242 85 273 162
1 205 83 238 165
1 157 64 190 144
1 120 55 149 125
1 87 54 113 117
1 44 74 75 153
1 56 46 79 104
1 77 53 96 103
1 400 42 411 71
1 365 24 375 51
1 347 23 359 54
1 336 20 348 53
1 321 17 334 52
1 308 22 321 55
5 3 11 67 126
5 90 16 1044 87
