34
1 23 230 94 405
1 63 230 134 406
1 102 213 181 408
1 148 225 221 404
1 189 223 266 413
1 241 229 313 406
1 283 226 356 405
1 319 226 393 408
1 355 229 426 404
1 392 226 463 399
1 423 229 493 402
1 460 220 533 401
1 441 196 510 367
1 414 205 483 373
1 372 210 440 379
1 337 211 406 383
1 294 206 365 380
1 251 206 323 384
1 159 209 231 384
1 214 204 280 365
1 117 204 190 383
1 64 204 135 381
1 20 201 93 382
1 125 174 196 348
1 184 197 249 357
1 203 172 269 335
1 233 201 299 362
1 270 190 338 357
1 310 194 376 358
1 343 191 410 357
1 375 187 444 359
4 188 0 206 34
4 245 3 271 39
4 21 60 45 113
