42
1 38 232 66 304
1 312 179 330 226
1 322 208 347 270
1 352 204 373 255
1 367 203 385 249
1 427 178 452 239
1 465 172 484 218
1 503 170 522 218
1 512 167 533 219
1 288 179 307 227
1 275 178 293 221
1 261 177 279 224
1 249 171 268 219
1 209 177 227 221
1 116 173 133 216
1 102 168 118 210
1 92 187 107 223
1 4 186 22 231
1 30 190 48 234
1 40 193 58 236
1 168 174 182 209
1 161 173 176 210
1 151 182 166 221
1 140 180 157 223
1 342 169 364 225
1 396 168 412 208
1 502 236 537 321
3 10 302 72 404
3 8 276 29 302
3 24 253 45 284
3 102 299 148 392
3 200 325 229 372
3 224 289 281 391
3 266 273 315 335
3 332 303 377 384
3 405 280 443 375
3 483 294 522 367
3 389 247 403 284
3 114 229 133 272
3 300 234 318 279
5 29 67 238 171
5 244 60 540 165
