46
1 0 38 28 115
1 25 19 59 105
1 57 2 90 82
1 28 56 67 152
1 54 47 94 144
1 87 28 124 122
1 0 136 31 265
1 22 111 69 226
1 45 94 92 209
1 69 89 111 191
1 88 71 128 172
1 104 58 143 156
1 199 3 236 96
1 166 27 204 122
1 20 218 65 330
1 52 195 108 331
1 77 170 133 309
1 96 156 149 287
1 119 138 169 262
1 141 116 192 240
1 160 109 207 226
1 181 86 226 198
1 199 78 245 191
1 217 73 255 167
1 239 38 282 145
1 176 186 227 313
1 204 145 260 281
1 235 135 282 251
1 253 200 304 328
1 234 222 279 331
1 267 184 320 316
1 288 162 339 290
1 301 131 355 262
1 314 125 360 241
1 326 116 370 227
1 372 67 409 160
1 383 49 418 137
1 355 81 395 180
1 386 150 436 275
1 364 202 414 323
1 373 181 428 315
1 393 151 439 264
5 122 24 170 94
5 253 5 488 67
5 275 67 353 114
5 420 64 483 199
