55
1 268 152 301 236
1 198 142 229 220
1 211 111 240 183
1 234 102 254 154
1 307 97 329 152
1 285 87 307 142
1 352 101 379 166
1 332 245 375 351
1 351 197 392 300
1 371 173 409 266
1 66 164 96 237
1 105 146 131 211
1 150 135 175 198
1 178 122 203 182
1 398 109 427 180
1 404 149 437 233
1 434 134 465 213
1 438 279 480 385
1 455 239 498 343
1 466 198 508 300
1 486 173 521 261
1 493 152 524 228
1 504 135 535 213
1 22 151 47 213
1 67 141 88 195
1 99 126 125 189
1 125 114 146 167
1 163 111 182 161
1 185 103 204 149
1 196 83 213 127
1 133 77 150 118
1 93 76 108 112
1 54 73 67 106
1 18 68 33 105
1 200 57 209 82
1 247 73 263 112
1 216 74 230 110
1 325 78 342 123
1 257 70 273 111
1 266 71 282 111
1 384 83 404 135
1 472 114 494 168
1 454 118 473 167
1 428 90 451 146
1 398 79 421 138
1 348 74 366 118
1 340 73 354 111
1 304 66 319 105
1 223 70 237 105
1 230 70 243 104
1 235 67 250 104
1 440 81 465 142
1 408 75 430 130
5 248 32 527 102
5 517 8 598 31
