41
1 47 230 117 400
1 109 222 175 385
1 141 243 200 387
1 181 222 246 380
1 206 232 261 366
1 218 218 277 364
1 242 224 301 370
1 283 254 330 370
1 329 235 379 359
1 308 234 358 358
1 0 218 53 398
1 390 227 439 349
1 427 221 474 338
1 444 206 491 322
1 469 209 512 317
1 347 214 402 349
1 25 227 76 353
1 500 210 536 298
1 617 213 653 304
1 598 204 632 288
1 637 203 676 299
1 672 231 697 294
1 731 207 764 291
1 783 209 809 272
1 800 212 829 284
1 826 212 853 277
1 940 214 960 266
1 912 213 934 267
1 959 207 977 250
1 860 211 881 264
1 835 203 867 282
1 879 207 903 268
1 897 207 921 269
1 753 214 782 284
1 660 207 693 289
1 362 265 395 349
3 168 197 187 228
3 290 200 305 229
3 320 212 337 228
3 385 219 401 246
5 4 181 174 234
