29
1 394 143 445 270
1 298 125 345 240
1 278 125 310 206
1 216 129 255 224
1 251 120 274 179
1 187 136 217 209
1 162 130 188 196
1 124 141 157 222
1 106 135 136 209
1 87 125 111 187
1 43 137 77 222
1 20 118 33 152
1 395 107 414 153
1 379 105 399 155
1 361 110 378 151
1 342 107 359 150
1 530 103 551 155
1 499 99 513 135
1 480 97 496 137
1 420 101 438 145
1 407 101 424 143
1 68 120 88 170
1 80 127 101 179
1 74 124 92 167
1 509 89 524 126
1 145 128 167 185
5 6 103 48 122
5 75 92 332 120
5 339 70 460 99
