29
1 712 987 777 1147
1 770 1018 813 1124
1 1032 690 1289 1317
1 981 1045 1015 1131
1 1016 1045 1052 1133
1 1270 1032 1312 1137
1 1309 1033 1347 1126
1 1340 1015 1387 1129
1 1350 1002 1401 1129
1 1433 954 1505 1129
1 1413 1047 1445 1126
1 1486 986 1547 1136
1 1524 1001 1577 1130
1 1571 1007 1623 1137
1 1625 979 1689 1136
1 1647 911 1752 1167
1 1725 996 1780 1133
1 1856 1051 1887 1129
1 1909 1039 1949 1137
1 2077 926 2160 1155
1 2022 572 2151 888
1 2085 590 2160 875
3 448 728 764 1390
3 156 934 242 1178
3 218 952 281 1115
3 102 910 157 1169
3 62 928 112 1156
4 735 18 769 92
4 847 25 929 133
