62
1 106 217 134 289
1 127 210 161 296
1 135 218 170 306
1 158 217 198 314
1 179 225 216 318
1 205 211 250 323
1 240 211 293 340
1 322 212 381 359
1 304 210 356 338
1 335 188 387 318
1 394 233 442 352
1 411 201 466 338
1 468 205 537 377
1 535 213 610 399
1 607 195 686 389
1 661 202 745 407
1 739 202 752 235
1 24 151 49 213
1 590 201 604 236
1 118 67 135 111
1 57 63 72 101
1 315 110 328 143
1 303 103 317 138
1 332 123 345 155
3 0 121 13 151
3 12 119 23 150
3 30 121 42 151
3 46 119 61 150
3 66 122 84 155
3 152 131 166 161
3 173 131 189 162
3 191 131 199 160
3 199 130 213 159
3 212 130 221 154
3 268 130 279 148
3 286 131 298 147
3 113 78 125 98
3 343 101 357 117
3 333 102 340 120
3 521 131 530 142
3 542 132 550 141
3 21 106 30 118
3 32 105 40 118
3 41 107 48 116
3 47 106 57 118
3 57 107 66 118
3 0 98 8 111
3 11 94 19 106
3 24 96 33 103
3 34 93 40 99
3 48 91 54 100
3 41 98 47 106
3 52 100 61 105
3 13 81 22 93
3 3 86 12 95
3 203 110 215 132
5 82 77 193 129
5 204 90 313 132
5 353 118 473 160
5 475 125 521 160
5 523 143 603 193
5 604 143 755 204
