31
1 0 117 23 175
1 15 117 42 182
1 48 118 66 165
1 73 108 100 177
1 102 110 128 176
1 144 105 172 175
1 174 113 197 171
1 182 103 206 165
1 197 110 218 164
1 277 123 292 160
1 286 113 306 163
1 313 101 335 157
1 326 103 351 164
1 347 100 369 157
1 365 101 387 157
1 378 97 398 145
1 405 102 422 143
1 416 98 439 154
1 439 86 484 195
1 473 98 492 148
1 496 110 510 148
1 508 94 527 143
1 520 96 542 153
1 542 97 556 135
1 549 100 565 139
1 574 93 596 149
1 594 95 615 148
1 609 83 634 177
1 214 107 265 232
3 353 152 462 324
4 137 195 196 232
