46
1 0 488 86 707
1 73 531 113 630
1 96 527 137 628
1 129 535 169 636
1 161 498 187 564
1 153 474 282 788
1 223 498 348 805
1 281 503 370 723
1 347 499 471 804
1 480 530 519 628
1 528 543 563 631
1 580 515 674 746
1 690 522 791 772
1 632 522 733 770
1 757 523 856 767
1 871 528 906 614
1 931 518 992 666
1 967 516 1026 662
1 1026 534 1061 621
1 1060 533 1095 618
1 1082 528 1131 651
1 436 494 458 550
1 458 511 472 549
1 478 507 500 561
1 509 506 526 549
1 562 533 592 609
1 549 500 572 556
1 528 512 545 553
1 905 535 927 592
1 852 525 869 567
1 807 522 852 631
1 1126 521 1167 624
1 1151 526 1189 620
1 1275 520 1319 630
1 1321 560 1343 614
1 1263 539 1296 622
1 1464 520 1510 635
1 1494 525 1538 635
1 1517 523 1567 647
1 1243 530 1260 571
1 1227 528 1245 574
1 1196 529 1214 575
3 71 491 94 527
3 1347 522 1368 554
3 1370 530 1389 557
3 1414 532 1437 559
