35
1 22 80 57 165
1 52 94 86 177
1 81 100 117 188
1 121 108 164 212
1 172 149 220 268
1 211 173 261 297
1 273 192 323 316
1 423 159 470 274
1 328 165 379 290
1 370 146 413 250
1 381 128 421 227
1 324 119 360 209
1 295 129 336 231
1 273 141 324 267
1 249 115 289 216
1 219 129 268 248
1 191 103 232 205
1 228 91 263 177
1 155 96 188 178
1 114 91 147 174
1 94 82 126 162
1 68 79 95 144
1 231 46 246 83
1 166 85 201 170
1 167 120 208 222
1 77 41 105 109
1 55 44 68 79
1 19 38 40 91
3 39 247 83 315
3 152 213 194 308
3 303 254 351 324
3 463 250 484 319
3 367 217 402 320
3 151 41 174 76
3 289 41 306 90
