32
1 1 60 164 457
1 134 60 296 458
1 218 55 369 423
1 297 85 434 420
1 415 102 539 407
1 504 101 600 406
1 402 69 446 178
1 147 66 178 143
1 20 62 42 115
1 48 53 66 99
1 333 78 364 157
1 439 58 467 127
1 429 62 454 125
1 454 66 478 128
1 391 72 408 117
1 182 49 207 112
3 526 70 543 107
3 543 68 558 106
3 559 56 574 92
3 580 67 595 102
3 502 55 517 96
3 515 51 526 72
3 529 52 541 68
3 531 34 543 57
3 455 34 475 59
3 454 4 473 36
3 558 32 569 53
3 573 39 588 55
3 587 36 598 53
3 336 52 356 74
5 2 4 266 66
5 263 19 474 79
