90
1 25 144 39 179
1 0 120 10 147
1 1 154 11 180
1 0 186 14 227
1 18 190 34 229
1 55 140 69 178
1 48 127 58 155
1 34 116 46 149
1 27 101 36 126
1 10 93 16 111
1 78 140 93 180
1 96 160 111 199
1 105 160 120 197
1 69 119 80 147
1 63 114 73 141
1 56 113 65 138
1 59 93 67 113
1 93 93 101 115
1 90 144 104 178
1 116 140 126 168
1 120 137 131 163
1 174 146 188 183
1 189 150 202 183
1 151 196 169 240
1 136 164 151 203
1 149 154 159 178
1 166 146 179 181
1 167 201 182 238
1 197 190 210 223
1 283 166 299 205
1 268 172 284 211
1 236 190 251 226
1 231 162 245 196
1 224 160 238 198
1 212 153 226 190
1 204 161 216 190
1 195 159 209 193
1 224 209 241 250
1 307 205 324 250
1 305 145 319 179
1 284 221 293 246
1 123 190 142 236
1 129 215 143 249
1 104 210 117 245
1 362 143 376 178
1 377 174 390 206
1 348 179 358 207
1 350 221 362 250
1 340 215 352 248
1 432 98 440 119
1 437 107 445 130
1 264 142 277 176
1 244 146 257 177
1 405 144 420 180
1 400 100 409 123
1 390 100 399 122
1 270 84 276 101
1 276 84 281 100
1 281 80 285 93
1 299 89 305 107
1 316 90 323 107
1 329 81 337 100
1 338 83 343 99
1 420 213 434 247
1 439 205 450 236
1 399 212 413 249
3 40 186 57 200
3 56 205 68 224
3 65 208 79 231
3 75 227 90 251
3 34 201 53 224
3 33 221 49 243
3 18 233 42 248
3 64 88 78 107
3 81 86 93 100
3 79 68 93 86
3 96 72 110 86
3 114 83 129 98
3 110 103 126 119
3 171 211 190 224
3 174 227 192 247
3 191 221 208 244
3 220 227 233 245
3 215 204 233 226
3 254 219 270 242
3 284 144 301 161
3 318 222 337 248
5 130 96 264 114
5 179 70 246 95
5 277 51 325 71
