40
1 0 267 146 762
1 208 230 378 647
1 419 224 557 560
1 612 193 746 520
1 559 216 649 439
1 427 137 513 349
1 399 137 482 340
1 468 140 513 253
1 531 151 553 208
1 746 222 814 390
1 866 227 973 487
1 151 116 262 389
1 53 127 168 408
1 10 135 138 451
1 0 125 78 405
1 285 141 306 193
1 355 150 371 189
1 127 137 145 180
1 144 139 159 178
1 181 135 197 174
1 744 157 818 337
1 684 173 735 297
1 527 156 546 205
3 818 150 860 187
3 877 174 914 211
3 917 177 955 225
3 965 178 1002 217
3 1000 179 1021 220
3 944 126 986 172
3 975 90 1008 131
3 660 143 695 185
3 625 127 675 196
3 755 150 781 191
5 117 132 375 165
5 374 138 442 163
5 501 150 631 179
5 683 160 717 184
5 797 174 824 194
5 852 178 885 196
5 901 179 917 197
