56
1 0 268 55 464
1 31 277 99 442
1 67 280 125 425
1 102 270 165 426
1 117 262 178 414
1 166 288 220 423
1 180 266 252 441
1 218 279 297 472
1 245 288 328 492
1 265 282 365 528
1 311 280 392 480
1 338 287 434 521
1 368 291 474 553
1 432 302 562 619
1 519 288 672 663
1 635 356 762 667
1 720 298 866 655
1 831 317 973 665
1 636 254 742 514
1 146 258 201 393
3 83 255 101 276
3 98 249 120 269
3 172 266 199 287
3 209 249 242 280
3 251 247 274 276
3 298 259 325 286
3 323 256 345 297
3 349 261 375 293
3 371 253 394 276
3 340 238 362 259
3 396 260 418 295
3 425 273 446 302
3 441 261 463 312
3 455 248 479 271
3 430 242 444 264
3 413 243 437 279
3 535 252 566 301
3 519 236 538 266
3 482 257 508 298
3 519 276 548 323
3 576 252 609 285
3 615 255 639 275
3 637 245 664 267
3 637 268 663 309
3 750 246 770 299
3 801 245 812 267
3 838 256 858 287
3 767 266 801 304
3 913 253 952 300
3 952 278 987 301
3 858 312 901 367
3 708 298 768 363
3 274 254 295 277
3 53 255 84 273
3 9 246 47 274
3 167 247 194 267
