29
1 117 104 244 417
1 17 126 57 227
1 0 155 19 223
1 205 141 239 225
1 226 133 262 223
1 241 133 277 224
1 342 135 378 225
1 392 134 430 226
1 432 125 474 227
1 493 128 532 226
1 597 132 620 191
1 589 135 610 188
1 659 122 690 205
1 638 133 659 184
3 79 166 110 220
3 107 152 129 173
3 266 156 293 191
3 293 155 312 215
3 323 152 349 223
3 369 148 382 174
3 418 144 439 189
3 471 147 494 223
3 517 133 537 168
3 537 152 558 207
3 551 150 569 181
3 563 147 595 180
3 621 151 638 176
3 607 157 636 216
3 674 154 687 209
