50
1 6 127 53 244
1 55 128 98 233
1 39 134 79 232
1 80 128 124 238
1 115 142 156 244
1 161 140 199 236
1 185 139 225 239
1 204 135 244 236
1 225 135 265 236
1 257 96 275 143
1 275 98 293 145
1 351 103 364 138
1 342 104 356 138
1 365 104 377 136
1 455 108 467 140
1 284 132 321 224
1 315 140 354 235
1 347 138 388 241
1 391 157 422 234
1 416 141 454 235
1 378 143 398 194
1 446 146 465 194
1 483 146 500 189
1 509 143 527 190
1 529 145 546 189
1 550 144 578 216
1 584 149 599 189
1 595 161 613 206
1 606 147 621 187
1 613 152 634 204
1 463 151 491 222
1 153 137 185 217
3 31 204 102 293
3 160 198 226 290
3 259 198 327 290
3 360 206 441 280
3 446 205 515 287
3 533 201 603 290
3 61 105 79 130
3 312 114 336 139
3 382 117 402 144
3 476 118 494 139
3 506 123 520 146
3 518 124 531 148
3 527 123 549 150
3 552 127 569 146
3 569 123 596 145
3 602 122 622 141
3 394 138 415 165
3 422 140 436 157
