42
1 36 170 88 296
1 0 177 26 288
1 1 154 38 245
1 79 119 151 294
1 74 117 134 266
1 54 121 101 236
1 125 118 178 250
1 149 123 204 260
1 151 176 194 284
1 188 106 257 278
1 248 176 288 274
1 223 113 284 263
1 265 112 330 273
1 304 154 347 261
1 305 119 357 246
1 333 120 390 259
1 369 123 416 239
1 357 143 388 220
1 393 158 430 250
1 411 131 457 247
1 433 125 476 229
1 451 129 487 219
1 464 167 495 242
1 469 133 511 237
1 483 128 521 223
1 500 166 524 227
1 518 137 550 230
3 28 138 52 166
3 49 103 73 142
3 125 98 158 124
3 192 116 217 134
3 187 127 200 144
3 235 115 255 142
3 266 119 286 144
3 305 123 326 146
3 338 122 351 141
3 369 124 378 140
3 379 122 389 138
3 409 132 427 154
3 155 108 173 131
3 0 141 14 168
3 17 127 32 144
