37
1 100 194 117 239
1 178 200 196 245
1 305 307 323 350
1 313 305 333 355
1 327 313 347 365
1 363 330 381 375
1 401 339 416 375
1 446 339 464 383
1 465 336 481 378
1 491 331 512 386
1 501 331 523 384
1 528 339 547 386
1 600 343 623 399
1 629 349 646 394
1 702 349 723 403
1 707 352 729 407
1 742 348 770 419
1 769 348 800 446
1 550 295 606 431
1 523 307 569 423
1 418 327 467 446
1 408 321 453 430
1 241 324 283 428
1 65 303 115 425
3 11 200 34 250
3 59 209 74 244
3 7 233 29 271
3 6 283 57 306
3 76 261 99 279
3 86 235 130 258
3 141 233 151 267
3 162 248 196 267
3 100 269 174 293
3 194 288 210 305
3 201 261 225 302
3 232 264 250 292
3 256 278 291 297
