29
1 33 203 78 315
1 151 155 179 223
1 175 159 201 223
1 203 157 230 222
1 237 124 254 165
1 263 109 272 132
1 258 103 264 120
1 271 108 279 127
1 276 145 301 208
1 308 128 325 172
1 305 118 313 138
1 297 110 306 131
1 330 131 343 163
1 319 121 332 154
1 357 129 371 165
1 345 109 355 135
1 373 141 394 192
1 310 165 344 250
1 231 194 272 294
1 255 223 311 362
1 352 212 395 320
1 384 193 418 279
1 416 190 451 277
1 379 105 384 117
3 6 297 51 354
3 67 319 122 362
3 175 140 195 151
3 204 141 220 154
5 274 81 355 122
