55
1 0 235 45 434
1 11 225 88 414
1 0 282 83 490
1 23 340 113 561
1 236 386 307 562
1 295 393 364 563
1 326 328 414 542
1 442 9 497 146
1 525 12 587 167
1 795 266 882 482
1 852 247 900 462
1 674 352 755 549
1 714 355 797 559
1 589 279 673 486
1 0 76 49 234
3 46 5 80 64
3 0 4 25 85
3 41 67 79 93
3 83 22 129 53
3 143 9 181 48
3 185 0 232 58
3 290 3 408 48
3 408 15 454 71
3 414 0 493 28
3 513 2 598 49
3 598 19 676 98
3 616 0 672 25
3 699 9 885 53
3 792 52 863 133
3 802 146 893 186
3 795 217 823 250
3 666 284 721 326
3 552 192 684 259
3 530 103 570 141
3 622 103 667 168
3 471 123 549 223
3 323 145 449 246
3 459 175 472 212
3 280 158 326 245
3 350 218 407 335
3 359 323 445 379
3 385 382 452 544
3 482 302 515 330
3 556 289 591 330
3 567 344 599 396
3 498 392 537 440
3 507 481 564 540
3 144 394 220 475
3 73 271 223 366
3 224 245 343 368
3 47 165 271 243
3 77 227 223 270
3 90 60 304 153
3 308 71 346 100
3 361 61 411 96
