44
1 15 108 44 178
1 37 116 62 179
1 58 116 84 180
1 72 117 97 179
1 81 112 108 179
1 97 113 123 178
1 109 121 134 181
1 117 119 141 181
1 124 119 148 179
1 132 116 157 180
1 145 121 169 181
1 154 117 180 182
1 168 119 191 178
1 178 120 203 181
1 197 119 223 185
1 212 116 238 179
1 233 121 257 179
1 242 118 265 176
1 253 120 278 180
1 269 118 291 174
1 265 127 284 173
1 278 119 301 176
1 292 117 315 173
1 305 124 325 175
1 315 123 333 170
1 326 122 345 172
1 336 119 359 176
1 354 123 375 175
1 370 121 394 181
1 382 123 405 181
3 102 137 115 153
3 152 139 164 157
3 166 141 180 157
3 188 136 201 156
3 199 137 217 156
3 216 136 228 153
3 229 135 239 157
3 248 138 264 156
3 289 143 299 153
3 347 140 358 153
3 56 114 67 126
3 197 116 210 134
3 255 114 263 131
3 373 123 385 134
