37
1 0 147 23 227
1 23 132 43 180
1 44 127 60 168
1 121 130 140 179
1 133 132 151 177
1 144 130 158 168
1 160 125 177 168
1 171 131 185 166
1 185 121 200 160
1 211 125 225 159
1 232 123 247 159
1 247 120 261 154
1 255 124 266 154
1 270 120 288 167
1 294 122 309 161
1 419 177 480 325
1 30 159 80 283
1 49 173 103 308
3 71 137 77 157
3 96 138 125 154
3 99 161 114 177
3 117 174 142 205
3 147 161 176 181
3 178 148 205 189
3 189 127 205 141
3 211 154 241 195
3 242 148 257 170
3 261 156 285 170
3 242 175 273 202
3 296 166 322 198
3 272 167 293 192
3 296 142 320 166
3 322 141 362 174
3 321 168 368 216
3 362 131 474 171
3 474 130 491 161
3 323 117 412 131
