31
1 149 165 187 259
1 236 162 261 222
1 94 152 114 200
1 103 151 119 192
1 139 155 161 209
1 0 132 38 224
1 167 143 180 176
1 172 147 183 177
1 177 146 189 177
1 194 149 202 171
1 300 150 381 348
1 424 149 497 330
1 430 154 445 194
1 479 156 495 196
1 401 155 404 166
1 423 154 426 165
1 388 156 394 170
1 382 155 386 167
1 354 155 363 176
1 321 153 326 166
1 116 143 127 173
3 28 117 47 141
3 54 114 68 140
3 73 121 85 138
3 86 122 101 142
3 104 132 131 146
3 169 135 189 144
3 217 149 274 162
3 281 149 330 166
3 360 150 391 168
3 424 154 440 163
