53
1 3 416 19 456
1 22 419 36 455
1 19 410 31 443
1 40 415 55 455
1 50 412 68 456
1 82 415 97 455
1 105 414 120 454
1 182 415 198 456
1 194 412 214 462
1 216 412 229 443
1 285 412 295 437
1 288 411 298 437
1 328 409 343 448
1 338 411 352 448
1 347 415 360 446
1 383 402 395 435
1 390 407 402 436
1 407 412 419 441
1 419 407 430 434
1 482 410 497 450
1 487 412 498 442
1 495 412 509 450
1 503 409 516 442
1 512 410 525 442
1 518 407 535 450
1 525 409 539 446
1 537 412 553 454
1 550 412 566 453
1 665 411 676 438
1 672 411 684 441
1 688 408 698 433
1 700 408 711 435
1 719 410 730 437
1 765 411 773 432
1 772 407 783 436
1 782 410 789 429
1 795 405 805 431
1 833 407 842 429
1 849 410 854 426
1 854 406 866 437
1 862 406 871 430
1 869 407 880 433
1 884 409 894 435
1 899 407 909 435
1 913 407 930 450
1 928 407 938 433
1 935 408 946 434
1 948 408 979 484
1 976 410 984 432
1 991 404 1002 432
1 998 409 1024 485
3 706 401 729 443
3 942 396 985 427
