41
1 0 300 37 395
1 18 311 61 415
1 43 310 79 398
1 63 308 107 415
1 101 315 137 406
1 116 305 162 417
1 141 292 187 408
1 174 318 214 417
1 211 300 259 418
1 233 278 270 372
1 383 245 403 297
1 400 223 415 261
1 428 278 471 382
1 441 300 490 419
1 479 303 517 397
1 493 311 536 415
1 532 305 570 401
1 561 306 603 411
1 590 291 635 402
1 612 311 654 415
1 633 298 669 407
3 4 147 142 207
3 55 123 140 163
3 145 130 178 156
3 189 126 509 174
3 506 121 530 162
3 552 116 632 167
3 579 184 664 207
3 250 227 297 271
3 392 229 408 267
3 422 241 500 321
3 456 229 572 315
3 506 210 539 244
3 549 214 566 239
3 568 224 667 290
3 2 236 48 317
3 43 237 112 313
3 110 237 152 317
3 152 235 207 309
3 195 214 222 232
3 208 230 258 306
