74
1 6 191 19 222
1 24 179 33 204
1 78 217 92 251
1 95 212 105 240
1 120 207 130 233
1 131 203 139 223
1 147 198 157 224
1 158 194 168 221
1 171 188 182 218
1 184 187 193 208
1 194 182 203 207
1 202 185 212 211
1 211 198 222 225
1 220 186 229 211
1 230 194 238 216
1 240 189 249 210
1 246 189 257 216
1 260 198 270 223
1 273 203 286 236
1 283 192 293 218
1 294 193 307 225
1 309 203 319 229
1 324 209 336 239
1 306 176 315 198
1 321 181 330 203
1 327 171 335 193
1 341 166 346 182
1 352 160 359 179
1 363 150 369 168
1 370 155 378 175
1 385 160 393 181
1 396 147 400 159
1 405 134 410 149
1 416 129 421 144
1 432 138 438 153
1 454 102 460 119
1 477 118 485 141
1 412 186 419 205
1 438 184 447 205
1 508 247 525 289
1 244 283 261 324
1 278 301 294 343
1 141 320 156 360
1 130 304 147 348
1 112 292 129 336
1 100 289 115 328
1 32 299 51 347
1 64 255 79 291
1 16 245 33 287
1 163 222 176 255
3 8 124 35 180
3 49 173 94 220
3 84 163 137 215
3 122 151 192 196
3 155 139 248 200
3 213 121 305 204
3 269 115 368 161
3 327 100 413 128
3 352 83 413 107
3 20 98 76 150
3 66 93 137 137
3 134 87 186 127
3 173 70 243 104
3 247 69 335 93
3 245 93 317 106
3 467 104 529 136
3 492 122 588 135
3 479 134 592 174
3 412 214 587 260
3 363 242 591 294
3 298 277 579 335
3 281 326 575 367
3 223 340 275 366
3 367 121 410 152
