33
1 12 174 71 321
1 56 180 107 308
1 86 185 130 292
1 115 177 161 291
1 133 202 179 317
1 174 184 213 282
1 186 184 228 290
1 211 179 254 283
1 236 209 279 316
1 260 176 309 296
1 281 177 322 277
1 303 184 343 284
1 317 201 359 307
1 333 175 382 296
1 350 181 387 275
1 363 188 400 279
1 376 210 418 315
1 392 186 434 289
1 408 180 452 288
1 434 182 479 291
1 475 178 523 297
3 9 264 49 309
3 45 248 67 284
3 449 222 465 256
3 465 229 486 265
3 490 237 528 269
3 510 171 528 195
3 49 181 63 208
3 84 180 109 211
3 222 175 238 202
3 256 176 283 198
3 307 172 322 199
3 405 174 416 194
