34
1 241 251 330 470
1 327 249 388 400
1 410 236 452 342
1 438 228 476 321
1 456 235 485 308
1 472 228 497 292
1 487 229 510 285
1 496 227 516 275
1 534 251 610 440
1 219 242 272 373
1 315 230 356 332
1 369 231 397 301
1 317 229 344 294
1 307 227 326 277
1 151 241 190 339
1 174 231 203 304
1 214 224 237 281
1 226 229 252 294
1 205 222 225 270
1 139 228 159 276
1 124 225 147 284
1 94 237 131 329
1 104 232 131 300
1 59 230 84 292
1 32 227 53 278
1 71 225 86 264
1 2 231 24 288
3 86 206 115 255
3 161 208 197 248
3 231 214 304 245
3 301 216 384 241
3 571 220 592 260
3 540 220 578 272
3 2 213 24 233
