58
1 0 19 17 90
1 15 19 42 88
1 24 22 53 95
1 37 20 60 79
1 47 22 74 87
1 55 21 82 90
1 71 31 100 103
1 90 28 115 89
1 82 22 106 80
1 106 31 134 100
1 117 21 143 84
1 130 27 157 96
1 145 20 179 102
1 143 21 169 84
1 164 27 191 94
1 177 22 200 79
1 181 26 206 86
1 187 31 213 97
1 196 23 227 98
1 5 130 101 366
1 99 140 196 378
1 185 152 286 399
1 277 136 362 347
1 361 141 452 363
1 463 155 558 386
1 208 23 234 87
1 222 28 247 90
1 222 20 246 78
1 236 20 263 85
1 245 24 271 90
1 253 28 280 96
1 264 18 291 87
1 275 17 301 82
1 282 25 308 90
1 294 16 317 73
1 297 26 323 92
1 306 24 332 87
1 316 25 342 92
1 332 23 358 90
1 348 19 373 83
1 360 17 388 85
1 368 23 394 88
1 377 17 402 80
1 394 26 419 90
1 407 20 431 78
1 424 29 446 83
1 414 23 438 82
1 439 19 463 77
1 453 23 477 83
1 469 17 492 76
1 483 24 509 87
1 493 17 517 78
1 503 21 530 88
1 517 21 543 86
1 534 21 559 84
1 544 17 570 82
1 562 20 586 79
1 578 25 600 83
