32
1 22 152 84 305
1 61 145 120 290
1 108 147 168 297
1 144 149 207 303
1 189 167 241 297
1 213 159 267 294
1 247 152 306 296
1 296 153 356 299
1 331 151 394 306
1 368 157 425 296
1 391 160 445 295
1 418 158 478 307
3 100 213 121 255
3 123 214 150 254
3 153 212 172 247
3 188 210 206 249
3 226 211 251 249
3 253 209 280 243
3 296 211 324 245
3 328 215 356 249
3 361 212 394 248
3 397 207 434 247
3 444 211 478 246
3 16 145 42 175
3 109 143 127 177
3 153 144 166 172
3 202 136 223 164
3 214 137 247 161
3 251 148 265 172
3 288 141 312 192
3 331 143 356 186
3 366 148 387 177
