29
1 34 225 62 294
1 110 225 138 295
1 111 211 170 358
1 164 228 190 293
1 179 227 209 300
1 213 224 245 304
1 227 222 248 277
1 229 227 264 313
1 258 230 282 288
1 274 228 314 328
1 302 232 329 299
1 321 231 352 306
1 331 221 381 346
1 381 229 412 305
1 393 237 429 324
1 400 221 462 372
1 445 237 482 331
1 468 231 497 304
1 486 221 506 272
1 509 232 533 290
1 511 238 544 320
1 525 230 576 354
1 580 227 661 427
1 641 234 672 310
1 673 229 700 328
3 569 214 599 260
3 635 227 683 266
3 449 220 472 253
3 485 221 511 248
