43
1 172 207 190 251
1 181 198 200 246
1 197 198 216 245
1 207 207 224 250
1 221 210 237 250
1 231 204 248 245
1 218 238 228 266
1 245 207 261 246
1 257 204 277 254
1 272 205 292 253
1 279 221 297 267
1 293 209 311 253
1 301 224 315 262
1 305 190 323 233
1 374 163 387 198
1 326 221 343 263
1 339 213 356 257
1 356 212 371 250
1 400 140 413 174
1 414 114 430 158
1 399 23 414 60
1 416 27 427 56
1 0 153 14 189
1 14 153 26 185
1 23 148 37 184
1 30 121 42 151
1 38 134 49 161
1 26 61 36 88
1 379 223 394 261
3 2 4 58 125
3 58 5 131 133
3 127 0 218 107
3 218 0 298 107
3 297 2 355 115
3 356 5 422 106
3 386 0 406 21
3 368 17 392 46
3 47 131 138 231
3 116 203 158 238
3 175 151 318 193
3 358 105 383 201
3 380 102 424 143
3 4 120 40 139
