48
1 76 108 84 131
1 107 109 117 137
1 159 112 170 140
1 194 125 206 157
1 276 133 287 159
1 286 132 297 160
1 311 119 321 143
1 356 128 369 162
1 378 124 384 141
1 390 151 416 214
1 413 157 428 194
1 434 154 453 203
1 454 160 470 202
1 455 170 477 225
1 474 162 499 222
1 548 157 563 195
1 563 172 592 242
1 604 184 632 253
1 209 447 224 484
1 41 458 50 483
1 95 444 105 469
1 220 451 231 479
1 233 456 245 488
1 283 433 290 451
1 323 435 328 451
1 335 439 338 446
1 400 445 409 468
1 414 439 424 466
1 444 446 452 466
1 425 449 437 482
1 371 462 385 496
1 335 474 357 531
1 305 465 320 502
1 297 470 310 502
1 272 465 291 513
1 257 456 279 511
1 527 459 540 490
1 591 459 609 502
1 478 487 505 554
1 461 473 478 515
3 325 109 331 136
3 600 146 625 183
3 478 138 500 167
3 34 97 83 131
3 122 93 138 117
3 197 103 235 123
3 291 421 321 445
3 610 529 623 579
