29
1 74 225 145 399
1 115 233 179 392
1 156 243 222 404
1 174 228 241 395
1 203 245 265 399
1 247 241 310 394
1 271 242 343 421
1 324 238 390 399
1 377 242 448 417
1 411 240 485 421
1 439 229 511 408
1 470 232 550 429
1 515 214 599 420
1 579 221 648 391
1 548 192 615 359
3 217 212 249 231
3 248 168 268 182
3 250 197 263 219
3 263 209 284 237
3 308 211 332 235
3 329 193 342 213
3 342 192 368 209
3 375 216 397 241
3 383 194 407 218
3 411 196 434 218
3 449 188 469 212
3 477 194 496 213
3 513 190 534 204
3 510 206 525 228
