47
1 121 236 178 375
1 153 248 206 377
1 184 299 215 375
1 38 248 93 382
1 11 229 73 382
1 201 254 246 365
1 229 247 283 382
1 268 243 322 378
1 310 276 350 377
1 328 245 382 377
1 357 241 410 370
1 390 289 422 370
1 418 276 460 382
1 447 299 483 388
1 489 217 559 388
1 528 248 580 378
1 545 223 604 369
1 575 236 635 384
1 628 252 677 374
1 642 287 684 390
1 674 240 737 394
1 654 223 716 377
1 691 211 765 394
1 753 302 793 402
1 752 230 828 419
1 725 228 795 398
1 781 220 854 399
1 795 249 858 406
1 816 292 864 411
1 823 227 900 415
1 849 211 935 423
1 842 223 917 406
1 892 223 970 413
1 912 215 993 416
1 933 173 1062 491
1 1019 208 1117 447
3 184 234 204 251
3 216 230 232 246
3 233 236 249 243
3 325 238 340 250
3 392 227 414 241
3 425 244 446 265
3 465 247 486 265
3 447 222 472 241
3 478 221 495 242
3 642 217 666 233
3 839 208 858 225
