35
1 0 326 37 426
1 13 330 52 425
1 31 317 75 424
1 50 324 91 426
1 61 335 99 427
1 79 314 123 423
1 97 315 137 413
1 115 325 152 415
1 130 322 168 415
1 152 322 190 418
1 175 320 214 418
1 205 323 241 412
1 230 313 270 411
1 252 322 287 409
1 270 318 306 408
1 284 315 320 403
1 298 319 331 403
1 317 321 348 400
1 335 316 369 401
1 353 316 389 407
1 384 317 418 402
1 417 319 447 393
1 424 319 453 390
1 430 309 457 377
1 440 320 469 391
1 452 315 486 397
1 475 316 502 384
1 484 313 512 382
1 497 317 524 383
1 521 326 544 383
1 542 322 571 392
1 571 320 601 396
1 606 312 627 366
1 623 312 640 371
1 186 308 228 410
