63
1 32 290 72 387
1 102 250 148 362
1 54 204 88 289
1 83 179 122 274
1 122 175 155 259
1 133 229 176 334
1 218 279 260 381
1 272 257 315 363
1 304 230 348 338
1 325 203 366 306
1 373 267 416 373
1 446 194 481 279
1 470 180 505 269
1 493 176 523 252
1 519 192 557 286
1 508 159 543 246
1 538 184 574 272
1 564 176 598 258
1 581 157 616 244
1 600 194 636 281
1 615 185 652 275
1 631 171 669 263
1 650 160 685 248
1 660 118 690 200
1 234 198 270 285
1 259 185 291 265
1 283 172 317 254
1 307 191 334 256
1 149 197 180 273
1 172 185 202 260
1 196 170 227 245
1 218 163 252 245
3 150 150 173 171
3 185 133 197 155
3 208 134 224 147
3 225 128 251 141
3 260 116 283 125
3 259 141 278 163
3 276 132 295 158
3 292 120 318 136
3 327 108 347 124
3 315 156 345 175
3 350 135 365 159
3 360 134 375 140
3 376 125 393 138
3 399 107 417 119
3 388 157 403 167
3 361 164 375 173
3 364 197 390 207
3 390 178 413 190
3 428 160 446 175
3 410 144 434 153
3 434 131 447 149
3 446 123 466 139
3 463 111 483 121
3 490 138 503 152
3 453 149 483 168
3 507 114 523 130
3 533 108 547 115
3 545 145 566 164
3 559 136 577 144
3 580 119 591 137
3 596 108 621 129
