37
1 11 277 33 330
1 6 253 19 287
1 32 298 45 331
1 39 265 54 303
1 75 276 83 299
1 55 251 65 279
1 81 249 98 294
1 105 262 124 312
1 137 261 158 313
1 164 256 183 306
1 178 268 198 316
1 207 265 231 323
1 256 251 272 291
1 265 246 283 291
1 271 272 281 297
1 299 287 319 338
1 231 300 244 334
1 323 276 345 332
1 317 256 338 308
1 340 277 360 328
1 358 270 375 314
1 390 275 405 315
1 399 253 417 297
1 445 282 464 332
1 430 285 449 332
1 424 303 434 331
1 484 294 499 333
1 507 303 518 329
1 498 261 517 309
1 517 259 537 308
1 531 248 548 292
1 565 257 584 306
1 620 241 640 289
1 24 248 33 269
1 31 240 45 274
1 241 272 252 299
1 415 256 428 287
