34
1 105 110 186 311
1 71 79 85 116
1 166 75 184 119
1 197 54 222 115
1 254 86 269 123
1 256 54 282 118
1 280 87 294 121
1 291 93 303 122
1 288 54 315 121
1 276 55 302 121
1 312 92 323 121
1 326 91 338 123
1 306 48 336 123
1 327 50 355 118
1 345 92 355 120
1 369 41 416 155
1 387 40 419 119
1 416 89 432 130
1 440 83 459 130
1 420 41 451 120
1 446 40 474 111
1 466 73 484 120
1 465 25 501 112
1 495 37 524 107
1 517 28 550 109
1 521 63 542 115
1 395 128 489 358
1 320 126 395 312
1 259 116 321 270
1 224 120 275 248
1 198 126 245 241
1 167 121 200 204
3 99 92 120 114
3 183 85 194 93
