43
1 28 113 51 170
1 65 109 88 167
1 79 109 99 159
1 95 106 115 158
1 130 93 154 152
1 191 95 208 139
1 248 90 263 130
1 253 89 269 130
1 292 89 304 118
1 442 48 451 70
1 455 54 461 69
1 476 44 486 72
1 463 48 471 70
1 489 50 498 73
1 502 53 510 74
1 517 50 527 74
1 385 47 389 60
1 366 49 372 66
1 353 46 360 66
1 336 37 343 57
1 323 35 331 57
1 310 34 318 57
1 298 32 307 53
1 289 34 296 53
1 277 36 283 53
1 264 36 271 53
1 248 31 258 55
1 230 35 238 54
1 241 29 250 52
1 181 18 189 39
1 198 15 206 36
1 208 19 216 38
1 70 38 79 63
1 33 40 42 62
1 22 37 31 62
1 139 1 147 21
1 150 4 154 17
3 5 43 16 64
3 308 90 316 102
3 324 82 342 97
3 375 88 400 102
3 424 77 437 93
3 447 76 470 89
