36
1 0 208 34 293
1 0 221 15 257
1 48 206 86 301
1 80 208 114 291
1 88 194 123 282
1 113 205 144 282
1 125 201 156 277
1 138 212 175 302
1 152 195 183 270
1 168 199 202 283
1 190 199 221 278
1 196 207 227 283
1 218 211 245 279
1 246 214 276 290
1 259 214 288 288
1 270 225 300 300
1 299 208 326 273
1 318 221 340 278
1 344 214 368 272
1 429 212 462 293
1 454 216 486 296
1 479 217 512 300
1 501 225 531 300
1 534 213 563 286
3 233 251 249 265
3 253 240 272 264
3 293 251 310 264
3 330 248 345 260
3 366 251 386 269
3 370 230 389 244
3 407 225 439 252
3 374 214 389 224
3 504 199 511 209
3 515 196 532 211
3 474 190 496 209
3 133 185 149 196
