49
1 175 442 196 495
1 164 360 188 422
1 119 339 145 406
1 192 335 217 395
1 212 280 235 339
1 250 277 277 342
1 296 282 319 340
1 269 253 293 314
1 215 246 240 308
1 150 275 177 342
1 113 284 139 347
1 73 285 96 342
1 42 285 68 351
1 58 254 82 313
1 93 252 115 306
1 128 244 150 299
1 162 247 186 308
1 328 250 350 310
1 316 253 337 307
1 2 40 21 90
3 48 113 65 123
3 45 126 65 134
3 44 135 71 145
3 47 152 65 162
3 49 172 67 176
3 55 185 69 201
3 39 229 76 257
3 34 208 58 223
3 100 103 119 115
3 140 57 164 73
3 114 55 138 83
3 86 54 105 84
3 71 57 83 84
3 38 54 59 79
3 187 53 205 77
3 170 51 185 76
3 221 57 236 81
3 181 29 199 45
3 215 31 232 48
3 235 30 254 50
3 260 155 288 199
3 244 178 260 200
3 190 186 214 206
3 201 221 219 249
3 224 224 251 249
3 264 229 280 249
3 312 28 324 48
3 46 8 69 29
3 81 209 100 236
