89
1 327 358 390 514
1 173 372 228 506
1 384 336 432 454
1 523 323 546 382
1 585 344 626 445
1 616 354 662 469
1 666 348 709 456
1 893 362 960 527
1 1033 389 1090 529
1 93 308 122 378
1 966 183 988 236
1 379 249 400 301
3 18 316 46 371
3 183 321 206 347
3 214 319 233 349
3 561 287 578 307
3 598 281 620 309
3 640 286 658 315
3 675 286 698 316
3 676 244 696 270
3 716 292 744 305
3 750 283 780 314
3 159 255 179 279
3 160 234 176 257
3 127 255 139 275
3 98 258 115 277
3 66 254 82 267
3 12 249 34 264
3 38 249 58 269
3 264 256 281 271
3 284 258 297 278
3 320 272 339 291
3 248 226 270 243
3 229 223 243 242
3 209 229 226 243
3 203 212 226 225
3 124 174 138 199
3 149 169 170 197
3 176 180 194 201
3 200 174 229 191
3 245 178 263 190
3 281 170 296 193
3 306 180 322 199
3 327 196 347 205
3 314 212 329 222
3 306 199 321 209
3 297 215 312 224
3 340 185 359 200
3 659 164 673 181
3 678 167 689 185
3 710 167 728 185
3 779 168 792 181
3 437 159 472 173
3 409 183 419 196
3 393 193 407 210
3 411 197 425 210
3 427 195 442 213
3 439 183 448 197
3 456 189 473 198
3 497 190 505 197
3 474 189 485 197
3 512 186 526 196
3 534 185 546 199
3 556 184 565 196
3 624 189 637 201
3 637 187 650 200
3 692 192 706 204
3 742 192 765 203
3 768 191 781 206
3 783 194 800 208
3 814 194 836 210
3 855 191 876 205
3 876 189 892 207
3 896 191 912 208
3 931 192 946 211
3 1000 188 1015 207
3 1044 177 1066 196
3 1028 239 1043 249
3 1038 225 1051 236
3 1035 260 1052 274
3 1076 223 1092 237
3 1067 244 1086 265
4 498 83 522 126
4 724 86 753 122
4 704 91 721 117
4 752 98 770 119
4 776 101 791 123
4 1022 105 1054 143
4 687 104 708 128
