47
3 10 216 33 235
3 41 213 57 238
3 65 216 79 236
3 89 214 106 237
3 108 219 129 235
3 132 220 154 240
3 162 219 185 240
3 199 214 218 240
3 217 215 233 243
3 236 217 267 232
3 277 215 294 236
3 308 226 333 253
3 349 223 364 249
3 366 217 387 246
3 403 211 424 242
3 424 210 444 247
3 392 168 410 196
3 375 182 389 203
3 370 164 385 185
3 350 183 369 200
3 345 165 361 191
3 324 165 337 183
3 328 182 346 205
3 309 168 321 183
3 308 193 325 215
3 292 172 303 186
3 274 168 292 183
3 280 191 302 207
3 253 171 267 182
3 257 188 277 202
3 235 190 255 204
3 238 168 251 182
3 218 168 236 185
3 215 185 235 199
3 206 166 214 183
3 198 176 213 195
3 184 174 197 189
3 170 177 187 195
3 157 180 176 201
3 143 168 160 185
3 125 173 138 187
3 135 198 154 215
3 115 190 132 207
3 103 171 124 189
3 94 185 113 208
3 78 176 98 196
3 45 171 71 196
