29
1 24 234 118 463
1 0 243 59 449
1 87 225 174 439
1 65 224 146 423
1 146 244 213 410
1 181 228 260 421
1 250 245 318 411
1 289 243 349 392
1 312 253 377 413
1 351 239 413 392
1 380 239 439 384
1 427 248 481 383
1 469 246 524 383
1 532 249 580 369
1 491 245 535 356
1 559 235 611 361
1 656 252 696 350
1 689 249 729 347
1 719 247 750 336
3 603 306 654 415
3 338 229 362 246
3 408 229 429 253
3 440 220 455 242
3 508 232 539 256
3 609 235 622 259
3 641 229 659 260
3 623 246 646 274
3 153 219 170 235
3 243 218 260 242
