29
1 0 270 65 448
1 244 287 293 410
1 356 267 406 389
1 378 272 428 394
1 441 267 487 380
1 482 266 530 384
1 536 281 581 394
1 598 273 643 385
1 523 290 553 364
1 438 310 457 359
1 328 277 340 310
1 340 279 351 308
1 213 276 226 308
1 203 278 215 307
1 194 284 202 304
1 148 282 157 307
1 158 282 168 307
1 225 291 236 318
1 235 300 257 356
1 425 279 439 316
1 570 323 585 359
3 61 350 101 406
3 52 342 83 385
3 64 310 102 354
3 97 311 123 347
3 134 308 167 356
3 160 309 183 341
3 195 308 220 337
3 595 303 623 324
