32
1 0 755 152 1194
1 0 720 139 1107
1 64 726 144 922
1 97 759 155 901
1 117 746 179 897
1 137 759 197 905
1 161 733 249 950
1 229 809 282 940
1 214 764 264 886
1 265 755 324 901
1 282 749 465 1199
1 499 724 653 1099
1 457 732 532 915
1 565 756 745 1196
1 650 737 790 1080
1 725 723 800 1019
3 718 735 747 795
3 654 732 692 778
3 636 728 677 760
3 594 713 635 788
3 439 744 475 801
3 402 740 421 782
3 419 745 436 774
3 21 745 44 777
3 100 736 122 767
4 219 325 282 442
4 260 295 300 345
4 283 272 344 342
4 313 304 385 408
4 374 244 435 307
4 450 268 507 347
4 514 257 580 342
