66
1 1252 468 1431 908
1 1196 470 1359 870
1 1288 475 1460 896
1 1466 498 1519 628
1 1420 505 1472 631
1 1400 508 1455 644
1 1177 506 1262 714
1 1135 505 1187 634
1 1162 523 1209 637
1 1090 488 1165 671
1 982 504 1029 621
1 909 505 956 620
1 788 531 968 970
1 1032 495 1159 808
1 465 493 623 881
1 378 544 524 902
1 83 513 161 704
1 159 521 218 664
1 296 519 345 638
1 362 524 402 622
1 0 529 56 669
1 819 479 842 535
1 838 476 864 542
1 857 474 885 545
1 772 472 799 540
1 798 476 826 546
1 755 478 780 540
1 733 475 762 548
1 602 513 633 592
1 622 521 657 606
1 722 475 743 530
1 584 517 615 594
1 1516 513 1552 603
3 1 710 152 893
3 89 637 283 909
3 2 626 123 753
3 498 746 800 1189
3 591 610 699 726
3 318 615 446 845
3 321 582 393 660
3 291 586 351 652
3 250 560 300 641
3 240 533 270 563
3 242 521 275 553
3 276 529 296 560
3 954 590 1003 636
3 920 588 958 635
3 963 562 1014 606
3 990 589 1169 830
3 1728 527 1764 563
3 1697 540 1728 570
3 1744 502 1772 538
3 1771 497 1795 562
3 1697 503 1730 546
3 1631 515 1667 542
3 1603 507 1647 536
3 1560 523 1576 547
3 1586 517 1610 550
3 391 511 415 551
3 472 507 518 558
3 360 505 394 538
3 665 516 699 556
3 647 516 666 528
3 655 497 670 520
3 639 493 654 505
3 686 481 710 508
