38
1 0 146 36 281
1 2 153 49 267
1 28 142 80 270
1 45 141 90 252
1 61 137 105 248
1 86 145 125 242
1 102 138 190 356
1 142 143 184 246
1 174 141 209 228
1 186 143 227 244
1 200 143 243 250
1 209 136 249 235
1 235 140 273 232
1 245 138 288 244
1 260 139 297 232
1 272 130 309 220
1 304 138 339 226
1 296 138 329 220
1 309 123 372 279
1 343 143 375 222
1 350 130 386 217
1 376 133 410 219
1 398 133 429 212
1 385 130 414 204
1 413 134 447 219
1 447 133 482 221
1 435 130 468 210
1 461 132 495 217
1 480 131 524 242
1 493 132 528 221
1 509 134 545 221
1 519 134 559 233
1 557 132 597 231
1 536 134 576 231
3 16 146 42 169
3 525 123 542 139
3 435 125 447 143
3 369 125 389 155
