30
1 34 234 104 405
1 158 223 227 394
1 270 222 341 398
1 517 224 582 384
1 492 228 556 385
1 803 204 874 380
1 956 201 1030 382
1 987 201 1058 378
1 246 228 313 393
1 375 496 392 537
1 405 496 422 537
1 421 500 436 538
1 357 505 369 536
1 341 506 352 533
1 635 488 649 524
1 666 485 680 523
1 721 490 735 527
1 747 476 766 523
1 1439 468 1469 544
1 1088 215 1153 373
1 1190 212 1257 376
1 1318 212 1382 371
2 650 488 660 514
3 321 218 508 270
3 760 494 779 526
3 1414 493 1447 547
3 1403 467 1429 499
3 1382 487 1401 514
3 1348 456 1380 503
3 1531 451 1565 497
