37
1 0 279 93 592
1 40 331 145 588
1 101 332 200 574
1 152 316 283 635
1 203 295 359 678
1 312 293 471 682
1 404 278 564 669
1 550 309 684 637
1 502 318 618 604
1 645 326 737 550
1 693 304 799 564
1 759 316 818 460
1 796 307 872 492
1 792 331 870 522
1 851 321 908 460
1 887 321 929 427
1 909 322 949 419
1 832 322 886 453
1 986 316 1017 393
1 975 325 998 383
1 965 324 986 379
1 952 322 973 374
1 940 317 963 376
3 39 295 79 344
3 97 296 143 330
3 0 223 33 275
3 30 228 78 284
3 206 259 258 311
3 269 255 301 298
3 297 258 329 304
3 321 262 340 301
3 313 309 364 354
3 446 317 484 375
3 153 299 200 351
3 713 305 736 338
3 783 322 817 352
5 509 283 830 357
