42
1 91 268 129 362
1 108 255 148 354
1 121 229 165 339
1 211 189 253 292
1 280 188 325 297
1 362 172 405 277
1 326 144 362 232
1 213 132 248 217
1 149 121 179 194
1 114 145 143 216
1 65 119 94 192
1 53 109 80 176
1 69 90 96 158
1 115 54 136 109
1 111 117 140 189
1 191 89 218 154
1 175 116 200 180
1 453 172 490 283
1 413 285 442 358
1 413 148 452 244
1 420 113 449 184
1 364 96 389 159
1 235 99 263 170
1 256 111 284 179
1 76 50 97 102
1 188 17 203 55
1 177 14 192 53
1 208 6 225 47
1 233 49 257 110
1 225 89 250 151
1 286 76 307 128
1 417 63 441 124
1 398 27 416 74
1 363 20 381 64
1 377 22 394 64
1 389 24 406 68
3 1 190 86 278
3 145 327 189 367
3 156 306 197 341
3 272 312 323 367
3 249 194 284 241
3 350 38 368 69
