40
1 54 346 105 471
1 114 327 145 404
1 129 325 159 399
1 153 324 190 415
1 182 343 206 401
1 187 304 218 380
1 235 348 270 437
1 265 350 311 466
1 284 341 319 427
1 353 317 390 407
1 434 416 484 537
1 457 333 494 424
1 430 329 445 369
1 443 334 465 387
1 502 318 528 384
1 516 306 543 373
1 531 308 572 410
1 543 320 581 413
1 566 321 610 430
1 615 314 651 405
1 605 290 622 335
1 684 281 706 337
1 599 264 610 293
1 616 255 628 287
1 569 259 578 284
1 540 232 548 255
1 526 231 536 256
1 509 229 519 257
3 12 335 50 386
3 2 494 26 532
3 348 455 400 528
3 370 341 386 388
3 638 277 653 307
3 651 269 662 309
5 0 223 257 271
5 322 222 420 267
5 422 225 473 273
5 474 227 513 272
5 638 234 718 283
5 556 223 634 263
