33
1 0 165 77 416
1 6 158 88 358
1 111 161 237 470
1 141 179 270 494
1 195 171 351 552
1 204 174 340 508
1 304 191 418 469
1 369 166 501 490
1 361 135 489 451
1 432 173 551 465
1 493 148 636 497
1 618 187 679 338
1 645 154 761 438
1 763 178 800 312
1 114 183 138 245
1 308 178 338 252
1 769 7 793 68
1 759 17 779 67
1 747 17 769 73
1 696 33 715 81
1 683 35 703 83
1 669 35 688 85
1 656 43 675 91
1 640 55 653 89
1 619 53 637 100
1 574 63 589 102
1 564 66 578 104
1 533 77 548 113
1 493 91 504 118
1 315 150 322 167
1 307 147 313 165
5 61 181 117 205
5 130 181 157 207
