60
1 39 127 94 261
1 0 114 47 253
1 82 119 131 241
1 145 119 204 266
1 175 110 230 246
1 223 137 286 291
1 258 116 318 266
1 274 105 325 233
1 300 96 349 218
1 346 183 404 326
1 238 223 279 326
1 169 205 219 327
1 100 183 158 327
1 0 170 39 326
1 210 98 258 217
1 241 94 294 224
1 355 112 412 253
1 372 103 428 240
1 401 54 440 149
1 429 50 463 133
1 417 51 447 124
1 344 50 372 118
1 290 49 316 112
1 233 43 258 106
1 178 38 204 101
1 129 41 152 97
1 146 39 167 90
1 85 40 107 95
1 45 36 66 90
1 10 34 31 86
1 19 18 34 58
1 118 110 160 212
1 110 25 127 69
1 157 26 176 74
1 193 32 210 76
1 202 28 220 73
1 210 28 228 73
1 263 34 281 80
1 271 29 290 77
1 248 31 266 74
1 256 30 274 74
1 303 30 322 79
1 315 28 334 75
1 323 33 343 85
1 334 28 356 81
1 372 36 391 83
1 392 32 412 83
1 455 35 475 86
1 467 30 488 84
1 477 28 500 84
3 35 110 68 137
3 73 101 109 149
3 114 101 139 136
5 239 13 303 33
5 357 17 408 41
5 429 15 497 34
5 376 1 497 14
5 105 0 191 20
5 199 2 273 16
5 303 2 350 30
