29
1 151 211 273 512
1 76 213 189 491
1 39 214 138 456
1 0 211 74 428
1 306 232 392 445
1 238 217 321 423
1 386 226 490 482
1 465 232 540 417
1 541 225 658 513
1 642 235 690 401
1 596 241 656 391
1 528 235 573 346
1 499 222 549 343
1 451 224 498 342
1 384 219 430 332
1 278 209 329 336
1 301 217 353 346
1 630 235 673 343
1 220 226 267 344
1 130 226 199 394
1 0 217 49 421
1 44 214 95 338
1 548 232 588 333
1 606 237 670 393
3 243 253 257 282
3 41 211 61 237
3 372 215 393 235
3 525 242 541 265
3 574 228 586 245
