32
1 0 196 61 352
1 34 205 84 330
1 86 207 127 309
1 118 182 198 379
1 307 207 360 336
1 358 215 406 335
1 394 198 448 333
1 463 209 506 317
1 528 175 605 365
1 599 205 657 350
1 633 207 683 329
1 649 201 698 322
1 665 208 707 312
1 698 204 738 302
1 716 199 753 289
1 739 212 767 283
1 763 213 786 270
1 779 216 800 270
1 485 211 524 307
1 423 209 464 310
1 243 215 271 287
1 213 214 244 293
1 176 213 209 293
1 54 194 99 306
1 0 208 23 281
1 268 208 298 284
1 285 219 306 270
1 300 203 336 294
1 345 208 378 290
1 379 205 412 286
1 429 200 468 296
1 516 205 545 278
