31
1 54 295 155 542
1 4 337 46 439
1 274 236 345 411
1 325 248 387 400
1 502 219 585 425
1 547 232 621 412
1 754 333 794 432
1 710 336 743 416
1 691 346 719 414
1 648 340 674 406
1 818 336 856 430
1 625 336 648 395
1 488 343 513 406
1 461 343 488 411
1 432 348 454 404
1 408 349 430 402
1 860 345 896 433
1 772 337 809 427
1 158 345 188 418
1 870 334 900 429
1 506 341 531 405
3 360 358 379 396
3 384 359 406 393
3 828 326 848 343
3 63 367 98 431
5 587 339 626 394
5 672 340 703 367
5 802 339 825 366
5 0 352 24 372
5 47 353 86 373
5 272 361 302 395
