32
1 0 133 24 215
1 10 129 42 209
1 28 135 59 213
1 48 132 78 208
1 70 134 102 212
1 89 131 119 204
1 105 134 141 223
1 111 135 139 203
1 127 140 154 206
1 140 137 169 208
1 150 142 176 205
1 162 140 187 204
1 172 144 199 209
1 410 115 450 231
1 411 162 424 197
1 399 164 414 200
1 391 160 406 199
1 382 161 396 195
1 375 161 389 195
1 369 160 384 196
1 361 161 375 195
1 351 161 364 194
1 343 162 356 193
1 186 145 209 204
3 170 161 242 256
3 202 152 250 237
3 224 150 281 242
3 246 150 303 241
3 280 163 324 242
3 300 160 333 230
3 318 156 360 237
3 268 137 297 164
