35
1 10 93 48 187
1 48 105 74 168
1 65 109 82 153
1 81 111 97 152
1 92 117 105 152
1 104 109 120 150
1 111 107 129 151
1 124 111 139 151
1 144 108 161 150
1 154 92 188 176
1 247 96 274 164
1 269 99 291 152
1 419 94 445 159
1 410 97 435 159
1 394 102 417 159
1 375 100 401 167
1 384 106 405 158
1 365 100 388 159
1 357 104 379 158
1 352 110 370 156
1 337 110 355 156
1 326 106 344 153
1 318 109 336 154
1 307 111 323 153
1 294 109 311 152
1 285 108 303 151
1 280 108 298 152
1 241 109 255 147
1 230 107 246 147
1 219 109 235 150
1 214 112 227 145
1 0 111 11 156
3 194 116 223 162
3 188 109 206 129
3 200 106 211 121
