126
1 78 1933 285 2438
1 42 2011 197 2392
1 0 1920 76 2152
1 10 1930 101 2151
1 184 1929 286 2179
1 256 1909 354 2148
1 337 1958 427 2181
1 383 1912 486 2165
1 504 2025 693 2485
1 452 1950 554 2201
1 521 1950 625 2207
1 602 1926 713 2196
1 540 1931 632 2155
1 788 1994 1007 2531
1 920 2052 1141 2592
1 1112 1995 1287 2425
1 744 1933 818 2113
1 1093 1926 1181 2140
1 1114 1989 1292 2427
1 1222 2014 1347 2318
1 1426 2002 1563 2338
1 1382 1925 1479 2164
1 1053 1926 1130 2116
1 1366 1918 1430 2075
1 1541 2103 2074 3404
1 1486 2009 1776 2720
1 1468 2037 1642 2464
1 2049 2082 2331 2769
1 2322 2036 2549 2589
1 1774 1970 1995 2512
1 1957 1947 2085 2262
1 2522 1994 2700 2428
1 2597 1985 2743 2341
1 2616 1926 2761 2283
1 2686 1925 2813 2238
1 2777 1926 2864 2140
1 2476 1920 2570 2149
1 2931 1978 3098 2386
1 3104 2145 3463 3022
1 3907 2021 4213 2767
1 3671 1987 3906 2563
1 3517 1945 3710 2418
1 3384 1953 3570 2410
1 4559 2056 4797 2636
1 4226 1934 4383 2318
1 4106 1959 4315 2469
1 4786 1960 4946 2351
1 4422 1890 4538 2172
1 4534 1884 4652 2175
1 3934 1906 4033 2151
1 5018 2009 5229 2527
1 5306 1993 5492 2447
1 5624 1987 5786 2385
1 5490 1877 5623 2202
1 5446 1931 5563 2219
1 5374 1915 5499 2219
1 5274 1933 5392 2221
1 5199 1928 5314 2211
1 4913 1888 5036 2191
1 4972 1903 5094 2200
1 4758 1903 4874 2186
1 5860 1885 5999 2224
1 5146 1903 5262 2185
1 4696 1898 4799 2153
1 4275 1903 4386 2176
1 3793 1894 3896 2147
1 3835 1910 3921 2122
1 3246 1921 3331 2132
1 2319 1922 2443 2224
3 356 1923 400 1960
3 453 1941 482 1979
3 494 1923 537 1975
3 689 1929 721 1986
3 705 1952 776 2051
3 814 1934 855 1990
3 841 1958 884 2010
3 866 1935 902 1988
3 902 1942 951 2025
3 951 1931 998 1993
3 900 1915 922 1941
3 988 1943 1073 2048
3 1019 1930 1073 2006
3 1141 1915 1190 1979
3 1257 1927 1307 1997
3 1274 1948 1325 1994
3 1326 1934 1387 2032
3 5654 1912 5755 2023
3 5790 1917 5874 2021
3 5784 1991 5866 2215
3 5619 1986 5673 2048
3 5444 1882 5501 1942
3 5248 1878 5311 1969
3 5085 1945 5183 2063
3 4623 1960 4713 2071
3 4634 1908 4682 1977
3 4666 1891 4715 1956
3 4387 1975 4464 2183
3 4063 1906 4119 1954
3 4128 1918 4184 1974
3 4189 1907 4248 1972
3 3401 1940 3480 2018
3 3095 1992 3208 2125
3 3052 1953 3142 2065
3 3042 1891 3129 1993
3 2878 1937 2968 2039
3 2921 1917 2975 1995
3 2971 1940 3023 1988
3 2997 1955 3051 2020
3 2194 1983 2260 2048
3 2170 1920 2224 1987
3 2234 1931 2290 1990
3 2457 1928 2506 1986
3 2131 1935 2206 2004
3 2053 1944 2104 2003
3 2107 1922 2141 1971
3 1974 1920 2044 1968
3 1914 1920 1962 1970
3 1739 1928 1790 2021
3 1704 1960 1811 2092
3 1783 1920 1829 1994
3 1818 1937 1869 1978
3 1682 1933 1739 2007
3 1621 1930 1695 2017
3 1565 1934 1634 2022
3 1529 1939 1585 2009
3 1453 1934 1525 2023
