32
1 644 343 712 509
1 545 318 624 510
1 591 326 663 503
1 409 341 477 507
1 143 322 206 478
1 197 314 259 466
1 183 297 243 446
1 167 320 223 456
1 281 326 340 470
1 303 335 358 469
1 355 326 408 458
1 397 313 449 442
1 528 315 560 393
1 66 322 101 409
1 105 311 142 403
1 25 317 55 392
1 65 311 94 382
1 100 310 127 378
1 0 313 21 364
1 138 312 157 359
1 161 316 184 374
1 247 307 277 384
1 707 314 733 378
1 677 311 703 374
1 736 318 759 375
1 484 318 501 360
1 453 304 478 365
1 337 312 363 375
1 400 314 422 368
5 596 311 690 336
5 718 309 745 330
5 561 311 588 332
