41
1 0 108 57 322
1 18 86 114 321
1 161 276 245 481
1 249 268 338 485
1 424 290 503 485
1 583 149 682 394
1 540 133 644 389
1 489 177 575 387
1 703 128 817 407
1 641 109 758 396
1 763 171 886 474
1 805 157 900 483
1 80 124 165 332
1 282 135 375 364
1 392 162 465 343
1 181 134 264 338
3 2 24 35 86
3 10 1 40 35
3 70 6 110 77
3 70 78 101 119
3 103 51 133 105
3 135 54 176 115
3 119 119 167 173
3 147 24 179 59
3 178 3 211 52
3 229 46 265 103
3 272 74 322 116
3 265 110 294 161
3 244 150 295 210
3 364 3 405 63
3 397 18 437 78
3 457 1 496 49
3 478 41 518 88
3 565 0 613 40
3 659 31 709 98
3 600 55 654 100
3 477 92 533 135
3 500 129 558 179
3 409 80 470 142
3 765 80 815 149
3 811 64 854 133
