36
1 33 375 46 410
1 17 395 25 416
1 89 360 116 425
1 114 374 125 401
1 127 368 151 429
1 239 382 270 459
1 195 435 240 545
1 71 483 102 559
1 258 490 285 557
1 280 409 319 506
1 364 402 404 499
1 416 456 456 553
1 401 402 419 448
1 505 428 515 456
1 518 424 531 457
1 568 415 584 457
1 633 386 644 416
1 644 425 656 457
1 658 431 675 472
1 669 425 721 552
1 702 422 720 469
1 723 436 738 472
3 110 493 152 561
3 165 496 199 553
3 198 512 244 554
3 1 393 10 411
3 268 421 291 451
3 313 428 339 455
3 382 394 405 418
3 537 446 558 471
3 506 464 555 554
3 572 450 597 470
3 602 448 619 483
3 674 487 718 556
3 708 487 745 554
5 67 287 173 303
