33
1 4 138 31 207
1 95 142 128 222
1 129 129 180 257
1 185 130 233 250
1 259 138 298 235
1 349 129 406 269
1 378 137 427 257
1 397 146 437 245
1 414 142 451 235
1 428 145 465 238
1 442 146 476 232
1 452 153 482 229
1 460 151 492 230
1 468 143 512 250
1 483 146 521 242
1 491 147 528 240
1 502 150 537 235
1 510 153 543 235
1 516 152 548 231
1 535 156 555 205
1 542 158 562 206
1 547 159 565 203
1 552 162 569 203
1 559 164 574 201
1 572 159 591 207
1 576 158 597 209
1 582 160 600 203
1 590 164 600 201
3 87 143 106 167
3 70 164 90 206
3 87 164 99 179
3 128 166 143 205
3 529 152 539 164
