52
1 13 93 45 172
1 30 115 55 178
1 64 107 89 167
1 78 79 113 168
1 107 90 137 164
1 127 84 163 172
1 155 71 193 164
1 184 77 220 166
1 210 82 244 167
1 241 85 273 165
1 296 78 330 163
1 320 79 355 166
1 353 84 387 168
1 383 72 419 161
1 405 73 444 169
1 452 43 498 159
1 443 121 481 215
1 496 61 535 156
1 527 68 564 161
1 557 72 594 162
1 588 80 622 164
1 616 74 651 161
1 649 70 683 153
1 594 2 623 72
1 575 13 607 94
1 505 12 536 90
1 64 266 97 348
1 21 382 57 473
1 51 384 92 484
1 83 388 124 490
1 119 373 167 493
1 166 388 206 485
1 656 18 690 115
1 668 77 690 149
1 213 386 253 485
1 246 390 291 503
1 518 370 570 499
1 647 364 690 503
1 368 371 410 476
1 289 387 336 501
1 421 407 460 505
1 446 410 485 505
1 194 433 227 516
3 308 429 355 466
3 305 465 336 506
3 356 432 386 477
3 385 453 417 513
3 454 456 509 505
3 336 51 383 85
3 80 31 138 81
3 193 2 258 35
3 123 2 182 31
