103
1 52 366 98 482
1 17 310 62 420
1 4 306 47 414
1 62 308 76 346
1 78 309 92 347
1 84 311 111 380
1 94 312 118 370
1 81 352 94 385
1 122 303 156 389
1 113 309 140 374
1 130 318 143 350
1 147 313 166 363
1 146 333 198 463
1 169 318 204 405
1 202 323 228 387
1 189 368 240 493
1 213 345 238 405
1 236 329 252 368
1 230 325 242 358
1 220 325 232 354
1 247 328 260 361
1 256 326 269 361
1 266 330 279 364
1 273 332 284 359
1 280 330 292 362
1 283 365 308 429
1 280 370 327 488
1 301 351 346 460
1 339 354 349 380
1 341 361 357 403
1 363 367 386 425
1 358 372 373 412
1 372 376 404 457
1 384 369 424 468
1 401 386 444 494
1 425 385 477 514
1 460 383 492 461
1 472 404 544 579
1 533 448 617 656
1 543 397 594 524
1 645 426 704 569
1 618 400 658 501
1 673 409 722 532
1 704 398 732 466
1 723 412 760 503
1 744 452 832 668
1 934 456 1014 651
1 1008 456 1054 571
1 993 449 1031 543
1 912 443 966 575
1 875 432 917 534
1 814 422 843 494
1 746 405 779 487
1 764 406 789 470
1 605 383 625 431
1 600 358 619 407
1 481 369 504 425
1 523 390 563 491
1 847 377 876 451
1 866 408 883 451
1 954 394 984 471
1 974 391 1007 475
1 1024 393 1056 471
1 1062 394 1097 480
1 781 378 806 439
1 798 378 822 437
1 729 374 750 427
1 306 332 317 359
1 312 333 321 358
3 503 377 528 404
3 550 382 568 406
3 565 377 581 396
3 582 375 596 413
3 412 362 427 383
3 875 376 900 408
3 976 370 1002 394
3 1066 374 1084 397
3 1059 393 1074 434
3 1048 436 1075 485
3 1002 405 1023 448
3 1007 391 1025 416
3 1025 434 1046 460
3 951 380 969 406
3 934 368 953 385
3 911 381 930 410
3 921 408 945 449
3 909 416 924 440
3 883 411 908 432
3 947 435 975 469
3 846 372 863 394
3 818 371 846 421
3 803 361 816 379
3 771 358 786 379
3 760 372 773 403
3 749 361 764 381
3 721 356 735 379
3 638 366 653 393
3 656 367 667 397
3 671 369 680 385
3 694 366 712 408
5 329 328 601 375
5 599 344 741 384
5 443 363 468 381
