59
1 18 129 58 227
1 27 158 64 251
1 54 155 93 252
1 47 135 85 228
1 67 113 97 189
1 76 171 120 278
1 110 171 153 278
1 103 156 140 246
1 138 161 182 271
1 120 110 153 190
1 424 148 460 238
1 398 154 434 241
1 377 154 412 241
1 357 156 390 240
1 329 147 369 244
1 305 148 342 241
1 290 167 325 254
3 157 205 183 279
3 177 163 201 206
3 201 162 224 201
3 223 159 251 198
3 258 159 281 191
3 293 200 323 276
3 292 143 318 167
3 302 127 321 143
3 324 128 341 150
3 330 113 353 135
3 312 109 330 128
3 289 112 306 136
3 276 129 294 150
3 249 146 268 164
3 270 147 286 164
3 227 145 247 159
3 223 130 239 143
3 232 119 248 136
3 246 117 265 143
3 254 110 269 130
3 207 114 226 133
3 200 130 217 149
3 207 149 223 166
3 184 148 199 164
3 161 146 176 165
3 150 132 168 146
3 147 116 165 132
3 169 117 181 140
3 180 125 192 143
3 190 115 203 133
3 99 111 122 131
3 113 133 134 154
3 133 149 151 167
3 89 132 114 150
3 90 150 106 168
3 351 113 370 133
3 371 110 389 122
3 390 114 411 124
3 374 124 387 146
3 392 125 414 146
3 415 119 438 144
3 346 128 363 151
