38
1 0 178 36 299
1 14 156 53 252
1 65 145 94 215
1 82 153 113 229
1 105 163 140 249
1 126 172 173 287
1 174 171 215 274
1 220 162 252 243
1 260 173 299 269
1 266 153 301 239
1 319 172 359 269
1 374 165 411 259
1 434 161 460 257
1 393 144 422 216
1 376 150 409 232
1 340 143 364 201
1 307 144 332 207
1 287 146 311 205
1 233 148 258 211
1 61 134 85 192
1 128 136 150 191
1 155 145 178 203
1 117 132 136 180
1 206 136 236 212
1 358 141 380 194
1 411 137 436 199
1 253 140 277 201
1 304 133 322 180
1 53 133 74 188
1 33 123 53 174
1 40 125 61 178
1 97 124 117 176
1 188 137 210 190
1 169 143 197 211
3 5 147 25 175
5 280 111 457 143
5 53 111 277 143
5 7 110 56 148
