36
1 0 623 252 1474
1 55 641 275 1181
1 189 714 352 1114
1 263 721 441 1159
1 299 713 474 1141
1 424 677 665 1264
1 578 747 758 1188
1 542 736 691 1099
1 657 720 865 1228
1 810 713 1047 1291
1 875 716 1071 1195
1 994 752 1166 1174
1 1041 735 1202 1130
1 1176 770 1366 1233
1 1332 719 1571 1303
1 1210 755 1390 1194
1 1486 753 1699 1276
1 1570 791 1763 1262
1 1685 771 1888 1268
1 1878 748 2000 1287
3 3 639 43 755
3 446 734 493 791
3 707 756 745 800
3 798 739 857 816
3 835 752 874 817
3 719 712 760 759
3 1184 746 1240 819
3 1170 740 1217 782
3 996 726 1046 793
3 1332 775 1385 846
3 1477 768 1519 833
3 1718 750 1776 831
3 1836 742 1880 815
3 1867 764 1938 826
3 1636 750 1684 801
3 1951 768 1987 843
