32
1 3 125 45 227
1 18 134 59 234
1 88 131 125 222
1 95 128 135 227
1 117 127 159 232
1 197 126 255 268
1 221 134 271 255
1 249 123 316 286
1 346 125 401 262
1 376 112 443 275
1 215 80 234 129
1 13 1 29 43
3 428 129 446 153
3 370 106 388 125
3 354 107 374 128
3 341 92 352 115
3 325 111 346 130
3 301 104 325 126
3 319 128 333 146
3 295 128 315 145
3 249 96 270 128
3 265 92 290 128
3 33 42 50 72
3 16 42 32 76
3 0 43 16 75
3 84 29 103 55
3 98 8 114 35
3 86 8 101 35
3 68 7 89 39
3 37 7 57 36
3 48 0 64 22
3 2 5 14 33
