40
1 5 797 52 912
1 45 799 87 904
1 65 805 105 904
1 87 787 169 990
1 143 790 187 900
1 180 804 220 905
1 236 786 305 955
1 311 782 377 942
1 369 788 427 931
1 421 792 472 918
1 467 775 554 989
1 529 757 651 1054
1 583 785 645 937
1 615 796 669 928
1 639 787 692 918
1 713 762 746 844
1 830 784 914 988
1 864 798 926 951
1 1217 781 1301 987
1 1183 794 1253 964
1 1149 791 1209 939
1 1114 774 1176 925
1 1220 748 1256 839
1 1317 794 1368 918
1 1371 789 1426 925
1 1433 784 1497 940
1 1497 802 1564 967
1 1555 768 1671 1050
1 1747 791 1816 962
1 1650 787 1713 940
1 1849 795 1888 917
1 1832 797 1880 916
1 1819 794 1865 910
1 1804 806 1848 914
1 1713 803 1755 909
1 1592 793 1671 986
3 1506 788 1534 807
3 1576 785 1597 806
3 1835 772 1855 798
3 1810 777 1832 800
