37
1 0 250 23 330
1 4 250 33 323
1 21 250 46 310
1 39 250 61 306
1 52 250 72 301
1 57 246 92 334
1 81 248 110 320
1 102 250 126 310
1 115 250 136 302
1 138 249 173 334
1 152 250 180 321
1 232 252 265 335
1 326 254 358 333
1 318 250 348 325
1 307 252 334 320
1 293 247 315 304
1 281 251 303 304
1 270 250 289 296
1 261 252 277 291
1 355 253 376 308
1 372 253 395 310
1 395 253 420 316
1 413 253 444 329
1 433 256 456 315
1 455 254 485 327
1 478 254 500 334
5 1 157 46 186
5 0 207 9 225
5 22 210 44 234
5 51 167 243 193
5 251 162 395 190
5 411 161 491 227
5 79 214 96 241
5 108 212 121 234
5 206 218 327 240
5 331 217 447 241
5 459 246 495 267
