62
1 19 880 139 1172
1 149 862 290 1206
1 193 860 341 1224
1 287 905 405 1196
1 409 891 527 1182
1 323 877 442 1171
1 346 877 463 1162
1 444 871 539 1105
1 500 866 588 1082
1 529 877 633 1132
1 594 880 704 1152
1 694 900 791 1136
1 685 850 763 1043
1 736 860 848 1133
1 791 884 890 1127
1 837 866 944 1129
1 872 888 964 1112
1 930 866 1005 1048
1 950 860 1035 1068
1 1025 887 1102 1074
1 0 854 62 1020
1 771 863 857 1072
1 1089 880 1148 1024
1 1112 867 1185 1047
1 1152 869 1221 1038
1 1243 872 1311 1038
1 1275 870 1339 1028
1 1317 874 1380 1031
1 1370 871 1429 1018
1 1218 878 1277 1024
1 1060 880 1110 1005
1 1016 862 1082 1022
1 1343 876 1399 1013
1 1376 870 1534 1256
1 1492 893 1548 1030
1 1533 879 1593 1027
1 1468 881 1519 1005
1 1666 876 1698 954
1 1989 902 2105 1184
1 1896 854 2005 1120
1 1857 879 1894 972
1 1636 877 1669 959
1 1686 869 1715 941
3 266 869 309 924
3 340 858 379 905
3 430 873 471 913
3 591 877 630 931
3 668 868 704 953
3 73 857 111 897
3 913 865 937 899
3 929 863 950 894
3 1021 862 1042 898
3 1068 866 1083 891
3 1226 863 1243 900
3 1307 860 1329 892
3 1504 862 1530 900
4 752 828 780 880
4 777 745 829 796
4 885 767 909 794
4 840 828 869 890
5 1709 869 1920 941
5 1962 872 2049 912
