63
1 126 231 240 511
1 53 263 106 392
1 0 272 29 380
1 82 282 125 390
1 183 262 231 382
1 225 270 264 366
1 251 253 307 390
1 394 197 469 381
1 526 252 587 404
1 599 248 665 412
1 642 262 694 391
1 665 264 713 381
1 686 266 730 377
1 730 252 808 443
1 766 256 826 404
1 304 271 337 353
1 439 256 494 390
1 476 269 524 387
1 558 256 614 396
1 259 164 291 244
1 68 81 94 144
1 279 173 307 241
1 289 173 320 250
1 314 195 340 260
1 467 179 484 223
1 241 134 258 175
1 250 136 270 186
1 107 78 128 132
1 119 83 137 128
1 220 118 243 177
3 274 148 292 172
3 297 159 308 178
3 308 160 322 179
3 324 166 335 185
3 334 163 346 186
3 347 166 358 190
3 360 173 370 190
3 374 171 387 190
3 391 177 402 196
3 404 179 414 199
3 411 181 421 196
3 419 183 429 199
3 436 187 449 202
3 453 190 463 207
3 11 136 33 172
3 29 135 52 177
3 54 141 76 180
3 94 132 108 156
3 127 131 150 167
3 146 158 167 192
3 183 158 203 196
3 208 166 224 189
3 161 105 178 140
3 186 107 208 148
3 262 110 279 139
3 289 127 315 150
3 308 133 327 154
3 342 136 354 163
3 355 142 371 171
3 390 144 416 175
5 500 194 640 248
5 453 161 562 197
5 842 254 898 297
