50
1 421 1335 566 1690
1 511 1352 644 1679
1 674 1502 738 1661
1 755 638 1449 2333
1 1360 1015 1804 2098
1 1832 1080 2201 1982
1 1982 1237 2241 1869
1 2218 1279 2422 1779
1 2288 1261 2475 1718
1 2362 1282 2525 1683
1 2558 1361 2644 1572
1 1789 1437 1847 1578
1 1761 1443 1815 1577
1 1435 1383 1528 1609
1 2152 1386 2225 1565
1 2202 1399 2263 1550
1 2613 1383 2687 1566
1 2666 1374 2744 1564
1 2695 1382 2771 1570
1 2736 1379 2813 1569
1 2861 1383 2941 1581
1 2903 1434 2968 1596
1 2975 1428 3048 1607
1 2544 1447 2572 1517
1 3076 1445 3143 1610
1 3105 1401 3183 1594
1 3184 1387 3280 1624
1 3057 1401 3141 1607
1 3379 1403 3460 1603
1 3183 1430 3212 1502
1 3251 1425 3278 1494
1 3002 1423 3066 1582
3 0 1381 48 1745
3 41 1347 95 1410
3 111 1266 169 1363
3 66 1394 204 1730
3 144 1411 243 1696
3 265 1413 426 1727
3 335 1397 405 1541
3 386 1360 451 1484
3 353 1349 403 1405
3 260 1328 328 1377
3 637 1408 730 1672
3 692 1427 743 1537
3 578 1362 616 1407
3 743 1350 813 1447
3 802 1407 904 1646
3 903 1421 960 1526
3 1891 1439 1936 1577
3 2816 1452 2865 1510
