161
1 472 44 494 97
1 445 19 462 63
1 467 0 482 38
1 424 30 443 78
1 415 42 434 88
1 393 9 406 43
1 365 48 383 93
1 355 52 369 89
1 323 67 341 114
1 390 70 409 119
1 387 89 414 155
1 398 135 424 201
1 380 140 404 200
1 437 148 463 212
1 147 33 161 70
1 169 34 180 63
1 76 77 88 109
1 39 111 56 152
1 51 107 69 153
1 71 112 88 155
1 112 122 125 156
1 423 232 453 309
1 406 293 431 355
1 473 258 496 315
1 464 186 491 255
1 408 214 440 295
1 434 212 453 261
1 363 243 398 329
1 334 276 365 355
1 309 309 327 354
1 320 274 351 349
1 346 232 382 321
1 129 293 154 355
1 58 299 79 354
1 34 282 63 353
1 105 309 123 356
1 60 268 92 349
1 80 244 115 330
1 12 258 45 339
1 267 119 294 184
1 305 142 326 197
1 296 166 322 233
1 276 217 298 273
1 324 209 346 263
1 337 218 361 280
1 325 139 346 190
1 293 84 315 141
1 300 84 322 139
1 303 47 319 89
1 291 64 307 104
1 274 92 295 144
1 248 107 268 158
1 226 98 244 144
1 195 133 214 181
1 154 275 181 343
1 186 292 210 352
1 203 286 229 352
1 232 280 262 353
1 262 280 290 349
1 363 145 380 186
1 84 182 111 249
1 188 253 211 310
1 219 227 245 290
1 35 154 54 203
1 22 158 41 205
1 21 233 48 301
1 112 57 131 106
1 125 59 139 94
1 31 99 45 135
1 41 73 57 114
1 259 210 283 271
1 403 224 434 302
1 383 282 410 351
1 213 150 230 194
3 218 323 242 354
3 258 323 281 355
3 306 254 331 302
3 341 244 370 280
3 342 199 359 220
3 355 187 372 205
3 365 199 382 229
3 380 188 397 206
3 370 164 396 192
3 45 235 69 272
3 66 230 86 268
3 58 202 86 240
3 147 249 164 277
3 162 253 178 277
3 273 252 292 275
3 252 264 267 294
3 400 262 416 294
3 395 235 418 272
3 292 282 313 313
3 289 210 313 235
3 284 186 307 215
3 307 182 323 213
3 331 169 349 193
3 322 181 338 211
3 354 174 369 191
3 393 214 412 239
3 114 254 134 272
3 133 247 153 276
3 138 230 160 251
3 147 211 171 244
3 172 204 188 229
3 190 203 209 238
3 207 190 226 231
3 230 200 250 240
3 246 213 261 246
3 245 192 263 214
3 254 174 271 194
3 267 162 289 183
3 264 151 282 166
3 253 127 274 153
3 269 106 283 122
3 8 194 29 225
3 21 200 42 228
3 7 179 22 194
3 17 187 32 204
3 88 164 106 184
3 104 176 127 208
3 124 177 142 199
3 133 165 155 197
3 144 140 161 165
3 156 133 183 165
3 170 128 189 154
3 168 110 188 131
3 153 125 165 137
3 144 112 163 135
3 104 215 120 241
3 104 235 126 253
3 127 231 140 249
3 217 169 241 200
3 190 174 212 194
3 184 187 198 208
3 158 184 183 207
3 160 164 179 186
3 186 154 202 173
3 417 182 433 207
3 421 196 440 219
3 15 222 31 245
3 1 207 13 237
3 4 152 23 182
3 14 138 33 161
3 0 135 12 151
3 84 111 102 138
3 102 114 119 132
3 149 88 161 111
3 159 82 176 113
3 178 79 197 111
3 203 84 215 112
3 209 87 223 117
3 238 74 254 93
3 85 60 99 83
5 1 10 40 39
5 37 6 89 30
5 94 0 186 20
5 190 1 496 35
5 0 39 61 91
5 62 21 140 88
5 188 32 289 83
