38
1 10 149 51 251
1 30 131 57 200
1 0 127 26 203
1 43 123 71 195
1 65 146 135 317
1 241 86 310 254
1 316 112 356 211
1 338 101 383 212
1 377 105 417 202
1 357 104 398 207
1 406 99 452 215
1 437 107 485 226
1 458 97 500 225
1 303 97 343 197
1 105 154 176 330
1 151 141 226 325
1 222 140 300 330
1 250 170 314 328
1 374 145 450 331
1 130 102 158 171
3 96 116 115 155
3 110 122 128 149
3 48 100 75 136
3 17 110 43 142
3 125 107 142 149
3 148 97 173 119
3 153 118 174 142
3 183 117 197 138
3 204 116 223 142
3 223 114 237 143
3 236 100 247 117
3 277 101 292 126
3 334 90 351 107
3 428 92 447 112
3 365 103 378 118
3 220 100 235 115
3 208 96 224 112
3 192 102 201 112
