54
1 57 391 107 512
1 94 392 147 523
1 129 386 184 520
1 115 392 166 519
1 267 390 293 454
1 289 384 351 539
1 309 396 427 686
1 540 375 700 768
1 707 388 783 575
1 1003 395 1091 609
1 524 401 564 500
1 556 387 624 556
1 324 392 349 453
1 442 397 454 428
1 451 398 463 430
1 466 398 482 438
1 484 400 498 437
1 490 396 503 427
1 545 402 565 453
1 564 403 575 432
1 809 399 834 459
1 862 407 877 445
1 986 410 1001 450
1 997 406 1017 456
1 1012 410 1028 452
1 1029 411 1046 454
1 1224 400 1325 646
1 1175 412 1196 463
1 1199 412 1218 461
1 1209 417 1227 461
1 1220 412 1239 460
1 1243 418 1258 456
1 1326 410 1355 484
1 1348 409 1418 580
1 1353 406 1426 587
1 1368 405 1469 655
1 1661 415 1782 711
1 1760 403 1866 725
1 1684 320 1783 565
1 1352 420 1364 453
5 686 403 711 432
5 761 403 822 436
5 829 403 861 438
5 877 405 996 444
5 1060 409 1114 446
5 1114 412 1180 446
5 1436 416 1474 449
5 1480 431 1624 621
5 1598 385 1649 588
5 1631 364 1690 525
5 1720 219 1786 307
5 1800 248 1845 337
5 1772 239 1810 320
5 665 489 716 583
