99
1 400 119 472 295
1 705 332 774 501
1 632 304 708 493
1 558 310 631 491
1 510 292 586 479
1 428 307 498 480
1 349 274 423 455
1 297 264 375 458
1 215 288 293 482
1 268 269 343 455
1 108 294 188 490
1 140 292 217 480
1 184 269 247 424
1 22 299 101 494
1 0 308 53 508
1 60 276 122 429
1 660 257 721 406
1 594 268 656 419
1 612 251 674 402
1 441 273 513 450
1 480 280 543 434
1 145 162 177 243
1 171 162 207 251
1 189 168 221 246
1 218 158 255 252
1 239 157 273 243
1 262 162 295 244
1 288 162 319 240
1 313 153 350 247
1 328 162 361 243
1 350 155 384 241
1 371 157 404 241
1 383 157 416 239
1 389 158 424 243
1 434 160 465 235
1 446 158 477 236
1 457 155 490 236
1 475 157 506 235
1 490 159 519 230
1 510 160 539 230
1 528 162 556 230
1 539 163 570 242
1 466 181 502 270
1 742 150 779 243
1 719 153 751 234
1 683 151 714 229
1 646 155 676 230
1 622 157 651 228
1 572 147 602 222
1 280 61 316 150
1 242 93 266 155
1 221 97 247 160
1 199 95 227 163
1 166 92 191 155
3 143 88 169 146
3 119 89 144 148
3 96 89 124 146
3 78 71 109 122
3 65 48 87 101
3 61 24 81 48
3 81 24 109 59
3 92 45 115 71
3 105 68 125 81
3 120 45 140 80
3 140 43 165 94
3 178 29 199 96
3 204 24 225 90
3 233 25 258 84
3 242 46 266 105
3 267 48 293 102
3 254 25 284 63
3 246 4 265 30
3 231 5 252 38
3 209 6 230 38
3 189 10 210 35
3 174 10 197 40
3 152 4 180 37
3 7 105 33 151
3 704 90 721 137
3 681 81 702 128
3 729 74 753 130
3 639 45 664 97
3 674 28 709 86
3 649 25 675 79
3 695 48 724 83
3 717 42 735 61
3 766 42 789 77
3 752 77 778 124
3 773 81 796 123
3 727 25 753 59
3 744 28 774 70
3 777 24 796 62
3 760 9 785 45
3 720 6 748 34
3 694 7 722 45
3 665 3 687 32
5 493 110 601 165
5 344 133 419 154
5 448 122 497 159
