32
1 0 348 49 497
1 38 333 95 474
1 76 344 181 600
1 118 361 233 640
1 201 326 311 594
1 295 327 393 568
1 416 323 513 561
1 383 320 449 482
1 258 306 333 490
1 478 356 595 640
1 573 311 670 549
1 695 294 814 585
1 760 333 884 638
1 826 333 950 635
1 667 308 722 442
1 543 316 601 459
1 170 310 241 487
1 894 315 942 434
1 523 311 545 364
1 544 302 559 342
1 457 310 518 460
1 575 299 594 347
3 22 330 54 382
3 0 324 16 348
3 90 312 136 354
3 61 326 86 352
3 139 324 165 346
3 323 307 353 337
3 790 299 821 334
3 821 308 839 331
3 849 304 878 342
5 882 287 908 325
