30
1 15 149 70 287
1 75 150 148 329
1 145 156 193 274
1 240 154 300 300
1 353 147 426 328
1 327 166 362 251
1 428 147 472 257
1 468 144 530 295
1 547 144 600 276
1 543 157 575 238
1 66 164 83 207
1 138 170 154 210
1 176 186 184 209
1 196 170 213 211
1 207 167 224 210
1 217 167 235 210
1 225 167 243 210
1 233 167 251 210
1 281 161 301 212
1 295 166 314 214
1 309 166 328 213
1 318 168 334 209
1 419 159 440 210
1 409 163 429 211
1 515 159 539 217
1 351 166 369 210
1 127 168 141 206
1 528 157 551 216
3 4 159 23 205
3 52 158 67 200
