42
1 854 287 878 348
1 30 762 117 978
1 123 762 210 977
1 211 778 286 962
1 293 777 365 956
1 365 776 431 940
1 349 795 395 908
1 632 807 704 986
1 612 804 679 971
1 648 811 711 968
1 751 810 815 968
1 837 810 894 952
1 1149 816 1217 981
1 1194 809 1259 970
1 1346 804 1416 975
1 1380 800 1454 984
1 1692 777 1773 976
1 1708 779 1791 982
1 1729 768 1822 997
1 1749 778 1846 1017
1 1791 779 1893 1031
1 1818 772 1931 1048
1 1865 774 1991 1084
1 1917 769 2048 1126
1 1958 764 2048 1167
4 268 811 305 898
4 248 763 288 815
4 421 696 494 881
4 502 709 559 873
4 546 710 585 899
4 599 709 655 842
4 654 723 696 790
4 740 676 830 886
4 866 644 937 896
4 977 636 1042 913
4 1144 639 1230 840
4 1115 586 1167 854
4 1160 560 1232 810
4 1366 515 1521 802
4 1666 544 1776 846
4 1698 561 1809 850
4 1891 605 1976 806
