34
1 74 155 182 419
1 251 179 345 409
1 430 177 540 448
1 579 186 666 402
1 768 185 800 297
1 754 185 798 296
1 732 191 772 290
1 718 191 757 287
1 708 190 747 287
1 696 189 734 283
1 684 187 722 283
1 672 199 703 276
1 647 192 682 280
1 634 195 665 273
1 531 178 616 387
1 503 182 582 376
1 470 175 548 367
1 413 173 508 407
1 398 183 483 391
1 365 173 448 378
1 354 177 429 362
1 337 176 409 353
1 325 175 391 338
1 304 174 368 331
1 234 202 307 380
1 223 185 299 370
1 202 190 268 353
1 175 190 213 282
1 193 172 259 333
1 24 202 47 261
1 15 200 33 247
1 0 204 20 279
1 166 197 202 284
3 273 195 289 228
