44
1 34 311 118 515
1 12 289 86 469
1 75 316 155 513
1 131 307 211 504
1 177 308 253 497
1 220 316 293 497
1 264 307 341 496
1 306 310 380 491
1 350 314 424 496
1 388 314 463 500
1 433 309 510 499
1 479 311 557 505
1 531 309 612 506
1 515 293 587 470
1 552 291 624 469
1 109 282 177 451
1 246 267 305 411
1 413 279 480 444
3 62 273 91 316
3 83 252 113 301
3 100 278 130 322
3 131 252 164 293
3 170 252 210 290
3 166 277 183 312
3 190 280 223 318
3 226 278 257 332
3 299 275 324 340
3 327 274 369 327
3 365 275 397 321
3 395 279 432 325
3 458 277 494 328
3 485 276 521 324
3 515 257 543 313
3 545 254 588 298
3 481 251 513 278
3 454 259 477 283
3 421 254 451 295
3 388 254 414 293
3 356 258 381 284
3 325 252 351 282
3 285 255 309 285
3 249 255 272 286
3 216 251 238 298
4 282 5 369 268
