135
1 0 111 26 182
1 23 115 53 188
1 13 80 38 142
1 38 73 61 131
1 48 105 75 171
1 61 121 91 196
1 87 126 118 201
1 121 128 152 207
1 153 136 184 211
1 189 145 216 213
1 223 149 253 223
1 261 156 290 230
1 301 164 332 240
1 71 216 109 308
1 97 206 133 297
1 85 232 119 316
1 121 242 155 327
1 125 199 154 271
1 147 227 184 319
1 179 227 212 310
1 169 203 194 263
1 194 209 226 288
1 69 68 91 123
1 89 65 108 113
1 94 90 114 140
1 109 97 129 148
1 142 107 164 163
1 325 225 363 317
1 348 211 388 308
1 372 234 411 332
1 387 218 426 316
1 331 160 364 241
1 380 172 410 246
1 426 178 459 262
1 468 188 503 276
1 518 192 553 280
1 561 201 597 288
1 614 212 650 299
1 669 216 709 316
1 723 217 765 323
1 696 201 732 292
1 717 190 749 269
1 771 210 800 304
1 650 280 690 380
1 636 290 680 401
1 611 313 655 421
1 558 308 600 411
1 527 291 568 391
1 537 275 579 379
1 565 267 601 358
1 612 258 651 355
1 187 112 211 172
1 203 124 234 199
1 216 113 243 178
1 233 118 262 189
1 246 135 275 209
1 290 141 321 216
1 323 130 351 199
1 362 128 395 210
1 396 155 422 220
1 414 144 445 220
1 445 138 475 211
1 454 133 484 207
1 463 129 494 205
1 476 126 505 200
1 485 118 516 194
1 592 165 625 248
1 636 190 664 259
1 649 181 680 258
1 749 184 780 260
1 688 175 720 253
1 626 164 650 224
1 285 135 309 197
1 276 124 301 188
1 112 61 133 112
1 138 50 156 97
1 159 44 177 90
1 175 40 195 89
1 198 40 210 73
1 222 31 237 70
1 136 5 153 48
1 164 14 179 53
1 191 3 207 43
1 201 0 217 40
1 215 2 230 41
1 242 4 259 49
1 282 15 296 50
1 311 25 327 67
1 345 18 365 70
1 377 41 396 87
1 414 49 428 87
1 423 43 441 88
1 462 47 479 88
1 473 42 489 84
1 493 50 509 89
1 545 50 563 94
1 556 53 574 100
1 585 79 604 129
1 582 117 608 180
1 348 123 367 173
1 335 117 353 163
1 152 107 173 161
1 165 103 190 166
1 184 106 203 153
3 237 257 291 335
3 217 293 246 368
3 292 326 323 380
3 402 299 440 388
3 364 110 379 127
3 381 110 399 132
3 323 121 335 141
3 311 116 325 135
3 305 130 321 147
3 273 120 286 133
3 291 116 304 129
3 257 115 273 131
3 723 387 789 445
3 157 356 198 415
4 367 0 382 53
4 380 0 392 51
4 391 0 406 53
4 418 0 453 58
4 465 0 487 54
4 499 0 535 63
4 541 3 565 65
4 577 3 605 70
4 618 11 650 80
4 666 4 707 84
4 726 31 792 81
5 212 50 310 111
5 311 49 405 94
5 407 73 513 139
5 516 69 608 132
5 690 88 798 173
5 625 105 698 157
