30
1 0 85 30 159
1 19 94 43 155
1 32 94 55 152
1 52 85 88 176
1 70 88 104 170
1 118 84 163 197
1 137 81 189 210
1 367 85 434 249
1 389 94 455 255
1 410 89 474 248
1 430 96 486 235
1 482 98 538 235
1 361 100 385 162
1 286 96 313 165
1 0 363 47 480
1 36 371 81 481
1 56 376 92 465
1 64 379 106 481
1 80 366 128 483
1 121 360 172 486
1 138 377 183 486
1 167 365 216 487
1 258 297 333 483
1 285 298 361 483
1 323 305 392 475
1 374 302 445 475
1 364 299 413 421
1 426 310 496 483
1 471 293 540 482
3 489 320 515 359
