41
1 0 136 38 281
1 24 143 79 281
1 3 143 53 265
1 42 148 92 269
1 122 149 168 261
1 181 145 226 257
1 153 146 195 250
1 209 145 253 256
1 236 151 266 228
1 252 147 296 257
1 285 153 321 244
1 299 147 336 241
1 324 146 364 243
1 266 153 301 240
1 354 146 391 238
1 334 145 372 238
1 378 145 412 227
1 411 157 442 233
1 450 152 476 218
1 471 154 497 219
1 63 122 183 415
1 469 151 533 308
1 513 135 628 417
1 578 155 639 303
1 745 169 800 324
1 699 163 735 252
1 666 162 702 249
1 715 161 748 245
1 737 160 772 245
1 629 161 662 243
1 656 157 689 241
1 688 161 721 242
1 513 152 540 220
3 394 201 450 347
3 431 180 450 220
3 169 144 198 172
3 81 138 107 178
3 616 156 632 187
3 577 157 597 183
3 539 152 556 181
3 693 162 702 175
