30
1 30 240 62 318
1 179 244 214 330
1 231 228 258 296
1 287 231 311 289
1 327 241 351 303
1 361 249 381 301
1 393 230 421 301
1 469 231 498 303
1 447 230 472 290
1 490 221 513 279
1 509 223 533 282
1 539 222 562 280
1 208 235 228 287
1 217 224 242 286
1 172 226 193 278
1 565 232 593 303
1 545 284 590 393
1 264 226 290 289
1 251 222 274 278
1 387 234 407 285
1 354 222 374 274
1 341 220 364 278
3 91 349 141 396
3 390 293 413 340
3 354 276 382 338
3 366 250 381 288
3 428 227 444 257
5 4 187 166 251
5 167 184 458 218
5 461 192 567 225
