82
1 268 394 326 538
1 224 334 276 463
1 193 293 232 388
1 168 258 207 355
1 153 235 189 322
1 396 515 430 598
1 571 383 635 540
1 688 329 736 449
1 750 297 792 400
1 782 271 819 361
1 822 249 857 335
1 858 230 888 305
1 459 328 509 452
1 380 290 420 388
1 326 264 363 354
1 299 242 329 318
1 272 226 301 297
1 246 209 272 274
1 230 200 253 257
1 214 190 234 242
1 200 187 218 234
1 190 177 208 221
1 182 170 197 209
1 170 159 188 202
1 141 225 171 302
1 133 206 158 269
1 0 320 33 401
1 7 283 35 354
1 4 242 35 321
1 10 223 36 288
1 17 210 43 275
1 30 198 51 252
1 35 186 54 236
1 41 181 61 229
1 48 178 66 222
1 246 170 263 213
1 258 170 280 223
1 273 180 294 233
1 293 184 319 247
1 325 199 347 256
1 351 211 379 280
1 388 221 419 297
1 433 239 464 317
1 480 259 513 341
1 560 288 600 389
1 637 260 673 350
1 684 245 717 328
1 726 228 756 301
1 755 219 781 284
1 774 204 798 262
1 795 195 818 252
1 851 174 868 216
1 865 176 881 216
1 552 237 583 316
1 603 226 633 299
1 651 211 678 276
1 693 202 718 263
1 711 196 731 247
1 744 191 761 236
1 774 186 786 219
1 631 181 660 254
1 600 203 622 259
1 551 212 577 276
1 495 221 527 300
1 510 202 533 261
1 472 191 496 249
1 453 212 477 271
1 416 201 441 264
1 435 182 456 236
1 399 175 419 224
1 384 196 404 246
1 356 182 379 239
1 326 176 347 228
1 585 179 602 222
1 557 193 570 226
1 553 179 565 210
1 697 182 714 226
3 120 197 147 216
3 116 187 137 204
5 0 123 89 217
5 88 126 263 182
5 264 125 895 200
