88
1 479 89 490 129
1 470 68 482 99
1 430 97 443 128
1 417 116 434 160
1 401 112 418 153
1 411 88 422 118
1 417 71 425 94
1 361 96 374 127
1 373 69 383 96
1 332 69 343 98
1 297 72 306 95
1 287 88 301 126
1 248 99 260 131
1 254 82 262 104
1 234 104 245 133
1 229 106 238 131
1 433 155 460 221
1 421 157 443 214
1 410 162 430 214
1 392 157 415 213
1 20 167 43 225
1 35 171 57 227
1 47 172 67 223
1 56 171 77 222
1 63 168 85 221
1 77 170 98 222
1 85 162 110 224
1 97 163 122 223
1 119 164 142 222
1 136 170 154 216
1 146 163 167 216
1 177 165 199 222
1 251 126 266 164
1 266 123 279 157
1 304 112 316 143
1 381 159 401 211
3 376 188 397 229
3 360 187 378 232
3 344 186 365 230
3 325 188 344 224
3 309 190 328 224
3 288 190 309 231
3 276 189 292 224
3 249 192 275 227
3 231 200 250 240
3 239 192 251 211
3 218 196 235 230
3 207 194 222 227
3 195 190 212 233
3 172 193 193 230
3 158 198 173 234
3 141 197 161 235
3 124 196 142 236
3 113 200 128 239
3 150 167 162 185
3 165 167 180 187
3 176 164 187 179
3 195 165 210 188
3 36 141 57 170
3 51 155 62 179
3 56 149 70 168
3 72 149 86 168
3 93 144 108 165
3 105 152 118 165
3 115 144 124 156
3 124 141 136 152
3 157 125 173 149
3 173 130 185 149
3 207 106 221 132
3 364 158 379 182
3 352 161 365 180
3 341 158 360 183
3 328 156 340 186
3 318 163 334 189
3 304 167 322 190
3 299 168 309 192
3 285 168 302 189
3 270 163 285 188
3 258 167 278 186
3 242 163 255 187
3 247 160 255 170
3 231 162 242 187
3 210 156 223 172
5 2 65 54 79
5 309 50 367 76
5 389 50 414 72
5 298 138 410 165
5 129 146 251 161
