69
1 14 52 32 97
1 34 51 49 87
1 29 53 37 73
1 46 55 61 92
1 56 52 71 89
1 67 48 86 97
1 75 51 90 89
1 97 52 116 99
1 154 58 166 87
1 160 50 179 97
1 173 51 189 92
1 183 51 201 96
1 195 52 211 94
1 208 51 226 96
1 221 55 236 95
1 234 55 250 96
1 248 58 262 94
1 258 51 276 94
1 285 53 302 98
1 277 49 295 92
1 299 46 318 95
1 307 47 328 98
1 28 174 54 237
1 68 174 93 237
1 62 181 82 233
1 94 176 120 240
1 155 178 177 234
1 175 174 202 239
1 205 176 229 237
1 284 174 311 243
1 13 289 30 333
1 43 287 61 334
1 55 296 71 336
1 67 286 89 342
1 79 291 93 329
1 93 290 107 328
1 126 281 158 360
1 138 282 164 347
1 148 286 171 342
1 157 279 181 337
1 166 284 185 333
1 187 285 219 366
1 222 291 251 364
1 239 288 260 342
1 260 282 281 335
1 270 286 299 356
1 284 292 311 361
1 310 287 332 341
1 72 404 83 432
1 86 406 97 432
1 102 408 110 429
1 117 408 125 431
1 130 408 139 430
1 144 408 152 429
1 157 405 167 429
1 172 407 181 429
1 50 436 67 478
1 263 410 273 438
1 273 410 285 442
1 280 411 292 443
1 289 411 302 446
1 306 406 314 429
1 331 408 345 445
3 57 460 80 481
3 81 450 103 484
3 173 463 199 483
3 198 450 228 484
5 244 408 259 425
5 319 407 333 424
