34
1 0 191 78 404
1 94 205 145 330
1 125 210 181 349
1 198 197 272 377
1 224 195 310 405
1 316 210 356 309
1 360 224 403 328
1 469 209 525 346
1 526 217 562 305
1 553 211 616 367
1 608 218 641 300
1 634 225 670 314
1 42 196 96 328
1 0 208 36 306
1 275 215 311 306
1 293 216 317 277
1 316 212 339 270
1 337 211 364 276
1 350 213 375 275
1 391 218 417 284
1 409 212 435 278
1 432 217 457 279
1 431 212 444 245
1 455 214 489 298
1 505 204 534 275
1 194 214 219 275
1 185 210 207 263
1 165 208 190 270
1 123 205 149 268
1 82 204 106 265
3 176 222 196 266
3 149 194 161 210
3 246 210 265 238
3 625 212 645 240
