32
1 140 136 220 331
1 358 129 440 332
1 447 127 511 283
1 500 133 545 242
1 536 140 565 241
1 528 143 562 227
1 477 136 510 216
1 433 142 462 216
1 423 143 448 206
1 411 141 435 200
1 360 148 389 219
1 347 143 372 207
1 337 144 364 210
1 327 150 352 213
1 311 145 340 218
1 292 146 321 216
1 305 150 328 208
1 270 143 310 242
1 242 146 278 237
1 214 152 255 254
1 194 152 231 244
1 128 153 168 253
1 114 155 150 243
1 97 155 131 238
1 70 155 116 271
1 54 158 96 260
1 45 157 82 247
1 37 156 73 245
1 22 156 56 240
1 495 140 521 205
1 9 157 38 230
1 2 153 28 217
