32
1 812 230 838 297
1 715 220 779 378
1 772 235 788 275
1 766 237 780 274
1 800 233 808 256
1 801 249 814 282
1 704 229 716 260
1 640 223 701 375
1 610 226 650 327
1 682 231 711 304
1 688 254 707 303
1 377 227 514 561
1 520 250 637 539
1 291 219 430 560
1 159 236 292 561
1 122 221 260 561
1 47 213 192 566
1 24 197 54 270
1 0 200 28 279
1 59 194 90 272
1 202 229 317 510
1 245 205 348 456
1 494 230 526 309
1 524 233 553 305
1 594 240 625 315
1 119 234 170 359
1 366 366 447 564
1 48 229 67 275
3 432 210 494 298
3 262 232 279 257
3 483 317 536 508
5 302 231 337 250
