32
1 168 363 269 613
1 264 367 365 616
1 343 377 419 563
1 428 386 517 605
1 401 355 504 606
1 519 382 611 610
1 701 312 825 618
1 769 324 887 613
1 861 356 930 619
1 122 386 180 527
1 161 382 213 512
1 31 374 87 512
1 80 389 129 508
1 4 384 45 487
1 276 375 293 417
1 340 378 363 435
1 123 381 142 431
1 69 379 94 440
1 242 378 256 415
1 415 371 439 432
1 876 278 921 388
1 832 297 868 386
1 608 348 632 407
1 633 331 663 404
1 665 329 692 395
1 683 316 715 395
1 508 365 529 420
1 500 372 517 413
1 482 371 497 410
3 582 355 596 376
3 539 364 552 383
5 23 372 59 405
