77
1 0 17 33 97
1 32 37 70 133
1 0 105 35 211
1 55 126 107 252
1 88 156 140 283
1 40 263 92 390
1 22 432 88 595
1 93 303 153 453
1 128 21 168 118
1 87 72 121 154
1 167 43 199 122
1 145 91 191 203
1 160 190 213 322
1 197 120 244 237
1 221 53 263 156
1 249 2 285 92
1 294 13 329 101
1 272 76 314 179
1 246 141 290 249
1 238 224 294 360
1 168 354 231 507
1 116 521 151 608
1 266 414 329 571
1 293 282 350 422
1 313 172 366 302
1 323 98 365 200
1 335 36 379 146
1 363 1 393 77
1 418 0 452 86
1 408 57 449 157
1 410 133 453 240
1 396 213 449 345
1 376 318 437 470
1 364 489 411 606
1 477 376 540 531
1 485 258 538 391
1 466 156 516 281
1 476 89 516 188
1 461 16 503 120
1 482 0 505 59
1 525 41 570 152
1 561 113 598 203
1 556 189 603 305
1 552 300 607 435
1 584 444 647 598
1 641 326 712 499
1 660 242 711 367
1 708 175 761 305
1 628 142 677 263
1 630 69 672 174
1 614 21 652 116
1 551 0 580 73
1 670 34 715 145
1 696 98 736 199
1 767 56 814 174
1 783 125 833 247
1 808 211 855 327
1 781 283 834 415
1 789 417 850 565
1 742 529 772 606
1 867 328 933 491
1 918 253 971 384
1 962 193 1002 328
1 879 165 929 288
1 943 118 987 228
1 821 75 866 187
1 882 42 925 149
1 923 12 963 111
1 966 2 996 78
1 790 22 824 104
1 842 0 879 92
1 733 5 772 101
1 663 0 694 79
1 940 478 992 607
1 964 378 1002 543
1 788 2 812 63
3 481 582 519 608
