51
1 106 454 150 561
1 287 498 320 582
1 412 424 448 512
1 269 422 302 505
1 304 405 338 491
1 203 387 235 465
1 36 340 64 410
1 16 347 40 409
1 155 327 177 384
1 85 502 118 586
1 1 328 27 393
1 29 402 56 470
1 409 312 428 361
1 411 305 433 361
1 391 295 415 356
1 201 256 218 300
1 194 255 209 295
1 22 230 38 272
1 90 268 108 313
3 167 461 196 500
3 335 409 345 447
3 356 357 378 386
3 283 331 303 362
3 337 269 355 293
3 1 216 16 237
3 42 205 59 226
3 89 214 105 232
3 97 293 114 311
3 178 210 197 232
3 205 217 222 227
3 280 211 296 232
3 314 221 334 250
3 353 238 368 255
3 420 227 436 256
3 370 208 385 231
3 430 203 451 222
4 110 373 121 386
5 61 137 123 193
5 123 154 157 211
5 299 158 421 199
5 446 158 481 189
5 130 99 184 139
5 223 112 253 133
5 305 105 315 122
5 344 106 366 122
5 271 73 285 92
5 118 45 188 85
5 39 52 68 73
5 62 93 111 136
5 22 117 32 131
5 6 132 59 161
