39
1 124 515 331 1020
1 212 563 400 1021
1 291 507 474 955
1 401 556 571 970
1 443 509 610 919
1 527 551 682 930
1 554 527 707 904
1 664 556 808 909
1 649 530 792 882
1 811 521 970 908
1 905 548 1053 910
1 977 529 1120 881
1 0 602 16 666
1 1012 536 1166 911
1 1161 563 1314 939
1 1315 568 1479 968
1 1474 502 1660 958
1 1315 494 1493 931
1 1165 528 1313 892
1 1798 519 1916 808
1 1735 522 1856 819
1 1855 531 1920 813
1 1703 521 1810 784
1 1618 537 1721 790
1 1585 547 1681 785
1 813 564 871 708
1 793 582 845 710
3 912 551 937 586
3 1094 564 1118 607
3 1116 561 1137 599
3 1243 563 1273 600
3 1319 555 1359 611
3 1413 537 1447 584
3 1451 555 1479 594
3 1475 562 1503 604
3 1571 548 1601 591
3 1686 552 1728 591
3 1873 542 1908 590
4 2 573 22 641
