32
1 41 230 125 437
1 61 235 142 433
1 77 228 159 431
1 92 238 173 438
1 188 215 247 360
1 211 224 267 362
1 227 224 280 357
1 253 228 306 360
1 390 294 470 492
1 608 284 677 456
1 542 263 601 406
1 915 313 1007 539
1 873 237 979 498
1 895 236 1003 503
1 972 253 1091 547
1 1037 265 1149 542
1 821 242 848 309
1 832 240 856 300
1 839 232 866 300
1 850 228 875 291
1 673 256 695 309
3 132 348 196 413
3 178 352 312 436
3 292 365 454 450
3 445 399 555 471
3 569 411 688 483
3 683 341 834 379
3 700 436 806 471
3 819 381 851 449
3 872 435 970 513
3 473 259 521 280
3 521 280 841 306
