37
1 0 158 22 224
1 14 158 53 255
1 27 153 65 247
1 45 155 78 238
1 51 153 83 232
1 62 153 94 231
1 75 153 104 223
1 91 155 130 252
1 109 154 143 238
1 123 154 155 234
1 132 150 160 220
1 139 148 167 216
1 84 150 112 218
1 205 136 258 269
1 248 144 279 223
1 282 146 308 209
1 293 152 317 212
1 297 147 323 212
1 304 148 334 222
1 315 149 344 223
1 322 149 355 229
1 329 152 362 236
1 339 149 377 243
1 358 144 387 218
1 365 147 396 225
1 378 151 410 229
1 387 152 422 238
1 403 152 440 243
1 414 147 454 248
1 431 153 456 214
1 444 153 469 216
1 458 147 473 187
1 467 143 494 237
3 1 84 57 126
3 280 133 306 160
3 325 128 388 161
3 95 136 129 174
