48
1 10 147 32 201
1 19 157 46 223
1 15 189 64 310
1 36 128 55 175
1 55 124 69 162
1 68 131 91 188
1 80 125 96 165
1 89 141 112 198
1 109 146 135 210
1 101 117 116 153
1 127 120 142 158
1 147 115 157 141
1 167 136 190 192
1 175 153 208 235
1 186 120 199 154
1 206 130 229 187
1 195 115 206 142
1 222 143 249 212
1 242 125 263 178
1 262 133 287 193
1 262 123 277 162
1 279 121 294 160
1 293 113 305 146
1 289 105 301 134
1 239 105 248 126
1 231 105 242 134
1 222 114 233 143
1 298 113 315 155
1 305 127 328 185
1 321 114 333 143
1 325 127 343 172
1 341 122 358 164
1 361 110 372 138
1 363 118 379 159
1 376 113 390 151
1 391 112 402 142
1 405 107 415 131
1 459 108 475 149
1 464 123 486 177
1 518 151 548 224
1 322 168 360 260
1 260 102 269 125
3 164 107 188 143
3 323 102 370 122
4 1 96 175 123
4 171 88 508 118
4 549 88 591 111
4 506 86 537 110
