85
1 6 253 18 284
1 1 289 19 336
1 48 241 58 268
1 109 231 120 258
1 130 239 137 258
1 147 227 155 248
1 157 232 164 249
1 171 228 177 244
1 163 236 172 257
1 185 233 194 254
1 143 265 151 287
1 154 265 165 294
1 162 267 176 304
1 164 282 180 322
1 112 300 139 369
1 133 380 166 461
1 158 326 182 384
1 215 349 247 430
1 211 368 238 436
1 204 394 230 458
1 234 315 259 378
1 243 314 267 375
1 189 278 202 313
1 174 260 188 294
1 211 267 226 307
1 199 245 212 276
1 203 223 208 239
1 229 232 238 255
1 221 252 233 284
1 236 258 246 285
1 247 256 258 286
1 255 251 267 280
1 259 227 267 248
1 241 231 250 252
1 257 258 266 283
1 277 262 289 293
1 278 231 288 258
1 308 275 326 319
1 287 262 299 293
1 292 259 307 295
1 296 230 305 255
1 347 267 367 316
1 412 278 431 327
1 413 329 443 404
1 426 266 444 313
1 446 304 473 371
1 478 330 511 411
1 465 313 491 378
1 494 317 522 385
1 516 313 543 380
1 545 313 571 379
1 566 308 591 368
1 456 259 470 293
1 446 250 459 285
1 568 253 584 295
1 583 253 596 287
1 595 247 605 274
1 605 243 615 270
1 615 248 626 274
1 632 295 644 324
1 616 292 636 342
1 522 268 538 308
1 537 251 550 283
1 493 272 509 311
1 499 233 503 246
1 624 322 653 395
1 657 309 679 362
1 679 298 700 362
3 315 357 369 452
3 3 411 38 462
3 511 208 611 246
3 642 234 663 269
3 388 218 507 266
3 391 177 456 206
3 300 218 360 250
3 316 249 412 284
3 467 269 494 312
3 499 248 540 283
3 622 263 651 320
3 352 129 386 171
3 421 129 462 167
3 539 240 569 278
3 576 418 609 460
3 637 432 672 457
3 518 282 544 326
