72
1 39 231 79 329
1 61 233 101 331
1 87 232 127 330
1 107 233 145 327
1 125 232 163 325
1 139 238 174 324
1 151 239 183 320
1 168 244 198 321
1 182 236 218 323
1 199 236 236 326
1 215 233 253 325
1 234 233 270 321
1 256 232 290 318
1 278 237 311 321
1 292 227 329 319
1 327 228 362 315
1 348 227 386 320
1 374 228 411 319
1 406 226 445 322
1 390 232 427 324
1 433 228 468 317
1 440 219 480 316
1 454 227 491 317
1 464 220 502 313
1 482 225 518 312
1 505 219 543 315
1 519 218 558 314
1 536 224 571 309
1 548 222 588 319
1 564 220 603 318
1 576 208 621 321
1 592 221 632 321
1 625 213 668 318
1 663 240 686 297
1 685 236 711 299
3 55 250 74 267
3 93 242 108 273
3 113 247 133 272
3 84 220 107 250
3 180 216 208 247
3 207 217 236 250
3 208 196 235 217
3 235 204 255 229
3 239 186 259 211
3 269 183 296 207
3 267 209 291 226
3 293 192 320 217
3 318 183 343 218
3 341 189 369 217
3 367 185 401 213
3 385 209 403 224
3 324 207 372 229
3 299 225 316 241
3 369 220 391 250
3 414 198 437 233
3 450 196 468 222
3 130 242 159 266
3 163 245 185 269
3 194 242 210 261
3 222 240 241 267
3 246 242 268 269
3 277 246 297 264
3 304 244 324 266
3 333 241 357 271
3 323 225 374 240
3 366 247 390 268
3 403 234 427 263
3 430 236 463 266
3 474 241 499 269
3 500 242 525 268
3 532 239 562 264
3 576 238 605 267
