31
1 102 87 152 211
1 155 182 215 332
1 163 153 234 328
1 200 131 258 274
1 238 139 305 304
1 273 151 344 327
1 315 84 366 211
1 336 53 378 159
1 366 164 433 329
1 365 94 416 221
1 409 75 448 170
1 427 85 480 216
1 439 63 483 174
1 280 34 299 82
1 260 16 281 70
1 247 12 272 72
1 228 16 253 78
1 214 17 238 79
1 403 31 431 103
1 223 69 275 195
1 214 90 257 195
1 49 153 116 317
1 18 151 81 307
1 0 104 53 250
1 75 104 128 234
1 143 115 192 236
1 142 93 185 197
3 69 83 98 124
3 182 58 207 116
3 198 42 225 88
3 277 0 300 39
