32
1 83 294 104 349
1 84 321 104 373
1 94 319 121 384
1 108 304 133 366
1 157 298 183 362
1 154 290 174 342
1 178 295 198 347
1 205 297 228 356
1 195 292 216 347
1 216 296 238 349
1 223 294 237 332
1 240 297 252 327
1 240 296 267 363
1 268 302 290 357
1 281 294 291 319
1 296 294 304 315
1 310 296 318 315
1 320 294 329 319
1 335 291 344 313
1 346 313 366 362
1 352 296 368 337
1 369 293 379 318
1 351 294 359 316
1 401 293 413 326
1 378 298 404 361
1 407 296 434 363
1 430 299 448 344
1 448 306 463 342
1 456 292 476 342
1 189 294 199 320
3 9 299 58 358
3 173 277 387 308
