44
1 8 188 25 233
1 26 188 42 229
1 68 193 80 225
1 90 190 115 253
1 99 191 124 253
1 104 196 131 262
1 113 197 138 260
1 130 193 159 267
1 145 194 178 275
1 170 196 205 285
1 197 191 240 297
1 221 193 268 308
1 256 201 304 320
1 320 181 391 355
1 392 191 467 376
1 379 188 410 264
1 296 187 323 254
1 311 188 334 245
1 402 189 429 256
1 443 187 476 271
1 469 192 501 273
1 486 180 523 272
1 496 188 536 285
1 515 196 547 274
1 538 194 573 280
1 547 181 593 297
1 586 187 628 290
1 605 196 642 286
1 626 196 662 287
1 630 186 683 315
1 661 186 706 298
1 701 197 739 293
1 710 179 760 325
3 1 40 20 77
3 39 28 81 58
3 81 58 143 102
3 134 65 205 109
3 202 76 262 115
3 169 180 235 208
3 414 176 641 206
5 230 52 289 106
5 348 61 408 135
5 398 77 502 133
5 682 84 734 138
