32
1 8 99 36 167
1 25 101 58 181
1 35 107 91 246
1 114 99 151 189
1 100 82 131 160
1 145 79 163 126
1 163 107 230 273
1 182 87 225 194
1 180 76 194 113
1 194 77 208 113
1 222 82 252 156
1 253 80 275 134
1 257 85 291 171
1 291 63 305 98
1 326 62 338 94
1 296 89 344 206
1 334 70 362 138
1 337 61 348 90
1 356 71 376 120
1 367 74 406 172
1 361 106 441 301
1 414 85 451 178
1 392 72 412 124
1 447 67 478 144
1 443 64 466 123
1 429 51 442 84
1 423 55 436 90
1 484 48 497 81
1 459 55 478 101
3 340 43 378 73
3 385 47 411 88
3 461 40 479 78
