53
1 14 76 61 192
1 118 68 167 190
1 213 75 262 195
1 273 57 307 142
1 308 63 321 95
1 320 65 333 96
1 334 69 344 96
1 353 59 381 130
1 391 58 426 147
1 463 57 495 137
1 496 51 531 137
1 261 227 299 320
1 319 235 354 320
1 387 233 423 323
1 453 232 488 319
1 428 236 442 271
1 506 240 523 282
1 511 230 540 311
1 40 350 89 472
1 116 361 135 410
1 127 369 148 421
1 141 374 192 498
1 174 365 219 476
1 211 362 231 412
1 201 361 218 404
1 233 362 253 411
1 277 391 327 514
1 327 390 381 522
1 430 402 470 503
1 498 397 540 506
1 257 362 274 406
3 1 8 71 60
3 90 4 227 58
3 332 9 502 62
3 454 1 529 48
3 270 191 345 232
3 335 192 396 232
3 416 194 479 224
3 484 188 528 221
3 517 192 540 227
3 293 359 433 378
3 431 363 492 387
3 489 365 532 386
3 476 395 509 411
3 468 432 504 465
3 20 279 105 301
3 89 271 144 288
3 9 307 139 354
3 25 318 39 338
3 67 321 139 355
3 172 310 265 357
3 195 291 259 328
3 216 310 237 346
