32
1 30 243 70 343
1 0 258 33 341
1 0 242 43 420
1 76 241 121 354
1 62 248 91 319
1 111 249 166 385
1 155 249 193 345
1 165 242 230 403
1 218 249 251 330
1 233 253 278 363
1 252 250 280 318
1 276 242 315 339
1 297 261 322 321
1 302 252 360 393
1 328 253 399 429
1 332 249 369 339
1 390 260 408 307
1 408 260 438 333
1 426 259 462 349
1 430 243 486 382
1 455 260 525 431
1 509 247 552 353
1 527 258 555 328
1 545 250 565 301
1 551 256 600 407
1 59 249 69 275
3 3 234 137 264
3 113 244 134 279
3 209 243 233 265
3 293 247 321 272
3 393 243 430 275
3 479 244 572 277
