58
1 413 422 435 477
1 300 436 327 505
1 294 440 319 501
1 282 452 301 501
1 264 443 288 505
1 255 448 277 502
1 235 445 257 498
1 220 443 244 501
1 185 445 207 502
1 158 446 182 507
1 98 445 125 510
1 88 445 111 504
1 78 453 100 506
1 49 449 67 494
1 22 449 44 506
1 3 454 25 509
1 124 453 144 505
1 132 447 154 502
1 145 448 166 502
1 139 443 162 500
1 220 465 238 510
3 623 442 649 475
3 599 451 624 485
3 536 445 566 478
3 515 449 539 478
3 502 447 520 475
3 487 442 507 472
3 479 450 496 473
3 471 443 487 469
3 459 448 477 473
3 430 443 454 469
3 406 446 420 467
3 383 446 406 468
3 370 448 390 471
3 362 382 375 399
3 354 387 367 403
3 348 381 357 401
3 120 443 130 476
3 216 448 222 464
3 221 444 230 463
3 204 446 221 479
3 189 468 221 510
3 158 468 180 497
3 147 479 181 509
3 116 479 149 510
3 9 489 48 510
3 71 448 84 474
3 246 462 270 509
3 59 468 94 510
4 119 336 137 374
4 245 331 263 370
4 352 224 367 261
4 353 147 367 176
4 451 328 467 368
4 576 327 599 366
4 1 433 6 464
4 36 442 53 495
4 78 430 102 457
