42
1 29 481 172 832
1 243 540 317 722
1 316 563 361 675
1 355 563 402 680
1 376 544 455 737
1 400 538 495 773
1 462 534 568 792
1 520 520 637 809
1 616 529 744 845
1 724 523 864 868
1 442 557 500 702
1 619 578 656 668
1 702 593 739 687
1 720 580 757 674
1 825 589 864 684
1 842 589 874 668
1 858 596 886 664
1 887 592 918 669
1 895 584 936 684
1 926 595 961 682
1 956 597 984 668
1 964 588 1002 684
1 1004 602 1031 671
1 1023 603 1057 685
1 1046 603 1078 684
1 1198 605 1232 688
1 1177 609 1204 678
1 1243 605 1276 689
1 1035 540 1205 954
1 1219 602 1249 675
3 127 345 194 447
3 146 333 202 385
3 183 319 275 479
3 1 282 123 888
3 949 596 966 670
3 1009 590 1022 614
3 990 601 1009 664
3 1024 599 1037 624
3 1069 600 1087 625
3 1159 598 1180 633
3 1240 609 1252 634
3 1260 609 1276 701
