101
1 558 222 611 353
1 492 222 540 340
1 414 228 452 321
1 393 228 426 312
1 365 221 401 312
1 337 224 372 311
1 323 232 349 297
1 316 222 343 289
1 298 226 324 291
1 271 230 295 292
1 244 228 270 295
1 227 226 247 274
1 237 235 255 280
1 204 228 223 276
1 178 226 198 278
1 160 229 173 262
1 149 229 162 263
1 135 230 148 263
1 129 230 140 257
1 116 233 128 264
1 107 231 116 255
1 100 232 107 251
1 93 232 101 253
1 88 231 95 251
1 84 232 90 250
1 0 230 25 312
1 141 228 152 254
1 174 235 181 255
1 225 232 229 243
1 688 235 700 270
1 678 232 693 270
1 665 235 679 269
1 655 233 668 266
1 644 230 659 266
1 633 230 648 268
1 624 232 638 266
1 616 230 630 266
1 604 230 618 266
1 595 226 611 265
1 555 229 567 261
1 547 229 559 261
1 536 229 549 261
1 522 228 534 259
1 489 232 499 260
1 481 228 493 257
1 472 232 482 257
1 462 232 473 258
1 456 230 466 258
1 363 230 372 252
1 113 232 122 257
1 264 231 270 247
1 269 231 275 247
1 289 231 294 246
1 293 232 298 247
1 296 232 302 247
3 217 230 227 238
3 275 230 280 235
3 301 229 307 237
3 323 228 327 233
3 319 231 324 237
3 314 229 319 236
3 297 228 301 232
3 286 229 294 235
3 346 229 353 238
3 363 229 369 237
3 369 227 375 238
3 373 228 381 236
3 388 226 394 236
3 400 225 409 237
3 417 229 420 241
3 420 231 428 241
3 427 227 433 237
3 418 226 423 233
3 469 227 474 234
3 474 230 478 234
3 476 225 483 229
3 490 226 496 233
3 495 228 501 235
3 524 227 530 236
3 531 226 536 233
3 543 225 549 236
3 547 225 552 232
3 556 226 561 235
3 563 227 570 234
3 569 226 577 235
3 591 222 600 235
3 596 224 603 232
3 607 224 615 231
3 665 224 671 231
3 670 224 676 231
3 676 222 679 231
3 680 225 687 230
3 693 226 698 236
3 689 226 695 232
3 687 223 693 230
3 657 224 665 230
3 652 224 661 235
3 647 227 653 232
3 637 227 642 232
3 632 225 640 233
3 627 226 632 233
