50
1 2 66 54 196
1 96 74 139 182
1 162 51 240 241
1 221 84 255 166
1 282 90 311 160
1 265 82 288 140
1 466 79 500 199
3 29 87 56 125
3 47 102 72 141
3 70 106 97 146
3 112 42 141 86
3 139 41 167 80
3 107 24 140 56
3 121 9 141 40
3 138 5 163 32
3 140 21 167 53
3 164 25 189 47
3 170 38 193 70
3 167 5 190 34
3 139 83 166 109
3 134 114 173 181
3 184 85 290 174
3 225 116 250 162
3 253 109 282 161
3 282 74 301 104
3 287 115 313 173
3 302 105 317 141
3 312 106 341 173
3 321 85 340 114
3 328 81 340 96
3 343 89 354 102
3 348 81 357 98
3 357 82 369 105
3 362 75 377 98
3 371 84 384 100
3 333 105 349 130
3 341 106 370 166
3 359 104 384 166
3 377 110 398 165
3 377 106 390 132
3 387 99 395 113
3 397 101 408 116
3 401 106 412 120
3 400 103 421 169
3 421 107 438 161
3 436 102 465 162
3 428 85 452 110
3 455 85 468 115
3 468 79 490 105
4 12 41 53 97
