155
1 206 125 227 180
1 368 144 385 185
1 405 164 430 224
1 87 11 100 45
1 101 13 113 42
1 121 19 132 48
1 508 63 523 100
1 82 55 94 84
3 54 153 84 191
3 28 166 63 204
3 34 184 66 217
3 41 194 73 242
3 63 208 100 266
3 87 225 124 288
3 84 160 104 197
3 91 142 115 183
3 99 172 127 210
3 119 172 150 219
3 128 135 150 169
3 160 135 182 163
3 196 128 215 159
3 241 125 264 156
3 275 121 301 156
3 340 121 362 152
3 385 123 407 152
3 424 129 439 160
3 451 135 468 172
3 458 151 484 198
3 481 140 500 180
3 493 147 539 186
3 516 162 548 197
3 527 178 559 213
3 519 194 548 233
3 489 198 523 251
3 451 213 496 279
3 392 227 424 293
3 326 237 360 298
3 244 235 282 304
3 165 233 208 300
3 154 181 186 227
3 212 174 247 223
3 252 167 285 211
3 280 158 306 199
3 303 151 329 192
3 335 145 359 189
3 400 147 420 179
3 432 146 458 189
3 16 3 24 14
3 23 0 37 16
3 36 3 51 20
3 46 9 61 20
3 77 11 86 20
3 11 17 24 29
3 13 21 30 35
3 30 20 41 35
3 41 20 49 34
3 49 21 65 34
3 60 21 71 34
3 72 18 81 29
3 82 23 94 38
3 75 28 86 49
3 65 33 73 49
3 57 40 65 50
3 46 37 55 48
3 40 40 46 49
3 34 41 39 47
3 26 39 36 43
3 28 40 35 50
3 21 38 28 48
3 12 39 20 50
3 11 48 22 57
3 21 47 34 59
3 33 46 44 61
3 48 52 53 59
3 55 51 58 59
3 57 51 66 59
3 68 53 72 61
3 69 61 80 76
3 60 60 69 70
3 55 68 65 83
3 52 57 58 66
3 45 66 55 78
3 37 67 46 74
3 38 57 44 66
3 28 57 40 71
3 17 57 27 70
3 24 71 35 80
3 497 63 511 84
3 489 1 502 16
3 502 1 517 16
3 517 1 527 15
3 529 0 539 8
3 526 9 536 21
3 532 10 542 18
3 541 8 549 19
3 547 10 555 21
3 555 5 566 21
3 554 2 566 11
3 568 2 582 19
3 545 1 555 9
3 585 12 592 23
3 591 12 598 22
3 588 20 597 38
3 582 22 591 37
3 571 22 582 36
3 502 41 514 57
3 513 37 523 51
3 516 47 526 57
3 526 48 535 57
3 510 55 523 67
3 526 38 537 49
3 533 36 542 48
3 541 38 551 44
3 537 45 548 58
3 523 57 535 73
3 526 67 540 82
3 538 67 550 82
3 543 56 551 64
3 547 43 556 58
3 554 40 564 55
3 566 37 575 49
3 578 37 587 48
3 588 38 598 48
3 587 46 595 57
3 579 49 587 57
3 574 49 579 56
3 564 48 574 56
3 556 54 565 65
3 565 56 573 66
3 573 57 580 67
3 580 58 584 67
3 584 58 588 64
3 590 56 597 66
3 585 65 598 82
3 577 67 588 74
3 566 66 577 74
3 561 61 572 69
3 549 60 559 70
3 555 69 569 80
3 564 74 571 82
3 571 73 586 82
3 554 74 563 83
3 541 76 554 82
3 536 76 544 83
3 93 28 107 45
3 0 0 9 8
3 1 5 16 17
3 0 22 11 38
3 0 37 13 49
3 1 49 15 62
3 7 55 18 69
3 0 61 10 77
3 9 63 27 77
3 0 78 13 100
3 582 0 594 12
