177
1 158 334 175 376
1 86 351 101 388
1 66 325 81 361
1 49 314 64 353
1 20 295 33 329
1 0 272 16 313
1 24 256 35 284
1 39 257 53 293
1 55 275 69 310
1 85 289 100 325
1 94 306 107 339
1 142 296 159 339
1 193 309 209 349
1 246 345 264 391
1 275 345 291 387
1 275 311 288 343
1 306 316 330 374
1 355 336 374 384
1 383 301 401 347
1 405 277 424 324
1 421 259 436 299
1 435 235 452 276
1 457 218 473 259
1 472 197 489 239
1 483 186 499 226
1 494 177 507 212
1 503 160 519 201
1 514 151 528 188
1 549 251 571 305
1 516 194 530 232
1 506 210 523 251
1 495 224 512 265
1 477 244 494 287
1 455 267 470 305
1 442 285 461 334
1 429 324 447 367
1 401 351 416 391
1 330 295 345 334
1 358 266 375 310
1 377 248 391 286
1 398 227 412 263
1 412 214 423 244
1 429 192 443 230
1 440 182 453 215
1 452 170 465 203
1 461 157 474 190
1 478 148 492 183
1 468 139 477 164
1 454 144 463 169
1 437 153 449 185
1 400 185 414 219
1 361 218 376 254
1 338 233 355 275
1 320 246 337 290
1 295 277 310 313
1 225 294 239 331
1 250 259 267 300
1 286 238 298 270
1 307 225 321 260
1 331 211 343 243
1 354 193 366 226
1 370 178 383 212
1 393 161 405 193
1 407 151 419 180
1 426 142 434 165
1 443 127 453 154
1 413 127 422 150
1 407 136 415 157
1 398 140 409 168
1 386 146 396 170
1 375 161 381 179
1 358 168 366 191
1 342 177 352 204
1 321 190 333 219
1 300 205 310 229
1 281 223 291 249
1 254 232 265 260
1 232 254 243 283
1 208 274 218 301
1 176 287 189 321
1 182 260 191 285
1 203 249 211 271
1 231 228 240 252
1 257 208 268 237
1 278 199 286 220
1 301 190 307 208
1 314 177 323 198
1 331 167 340 189
1 346 157 353 176
1 353 152 361 171
1 366 142 376 166
1 375 139 384 160
1 389 131 397 152
1 400 118 408 140
1 378 121 388 145
1 370 115 380 143
1 341 137 352 164
1 314 157 320 175
1 292 168 302 194
1 252 187 262 214
1 232 200 244 229
1 205 218 216 244
1 183 226 194 256
1 157 240 169 273
1 131 267 146 306
1 148 281 159 307
1 121 262 134 296
1 168 230 179 256
1 159 221 169 246
1 177 211 186 236
1 201 189 214 222
1 209 192 221 223
1 225 181 235 207
1 214 180 223 201
1 235 164 246 190
1 253 165 263 190
1 265 162 274 185
1 265 149 273 172
1 280 143 288 163
1 289 153 297 175
1 311 142 320 164
1 320 134 328 156
1 309 125 317 145
1 295 135 303 157
1 316 116 324 135
1 301 121 308 138
1 291 123 298 140
1 294 113 299 127
1 269 130 279 157
1 258 135 267 156
1 245 147 253 167
1 226 154 234 176
1 211 163 217 178
1 193 172 201 194
1 176 183 183 203
1 154 176 162 196
1 152 192 163 219
1 129 204 137 226
1 128 187 133 203
1 104 194 115 223
1 98 203 107 227
1 93 219 101 238
1 112 229 122 257
1 98 258 108 286
1 76 247 87 276
1 65 236 74 259
1 45 223 54 247
1 28 217 39 243
1 9 242 22 273
1 59 201 70 230
1 79 213 87 236
1 36 202 47 231
1 41 186 50 209
1 46 176 55 200
1 63 176 73 202
1 80 174 85 190
1 91 157 98 175
1 103 159 112 182
1 118 166 127 187
1 135 165 145 191
1 141 156 150 177
1 159 157 167 179
1 174 152 181 172
1 178 139 186 159
1 195 132 204 154
1 229 121 236 140
1 217 108 226 129
1 188 120 197 141
1 178 118 186 139
1 108 146 117 168
3 2 227 17 241
3 180 91 193 104
3 306 107 316 122
5 1 93 172 134
5 1 143 100 153
5 1 159 68 171
5 1 174 29 193
