29
1 0 126 17 204
1 35 126 59 186
1 90 132 115 193
1 112 137 133 191
1 117 129 141 187
1 132 131 156 189
1 139 128 161 185
1 147 133 169 186
1 154 107 209 242
1 176 75 260 281
1 232 138 249 179
1 255 127 279 188
1 280 140 292 170
1 310 120 336 186
1 332 144 342 168
1 337 145 345 166
1 343 143 352 166
1 355 143 364 166
1 371 145 379 164
1 378 147 383 162
1 380 108 429 227
1 416 136 428 167
1 439 141 448 163
1 352 145 360 166
3 0 75 11 104
3 5 94 21 132
3 274 141 282 168
5 2 4 264 101
5 239 94 351 141
