35
1 47 381 63 422
1 202 393 222 441
1 222 397 238 438
1 258 387 272 422
1 287 389 303 431
1 324 388 343 436
1 335 391 353 434
1 474 388 491 432
1 451 386 469 431
1 448 403 460 434
1 207 329 216 352
1 230 327 238 350
1 245 331 254 354
1 261 328 269 350
1 295 326 303 349
1 309 319 320 346
1 340 324 351 352
1 382 331 386 344
1 387 322 395 342
1 355 366 366 396
1 361 367 371 394
1 382 361 394 390
1 473 355 478 371
1 490 342 501 368
1 532 351 540 373
1 481 319 492 346
1 268 391 283 431
3 219 337 230 350
3 352 331 361 344
3 362 325 369 340
3 369 322 376 340
3 454 324 462 340
3 468 328 482 340
3 577 422 597 449
3 267 385 284 396
