35
1 36 189 97 339
1 92 200 144 329
1 126 205 176 327
1 157 193 212 327
1 191 198 243 324
1 222 193 279 332
1 261 202 314 331
1 291 201 341 326
1 315 214 360 323
1 343 204 396 333
1 373 202 427 336
1 399 205 453 336
1 429 199 486 340
1 461 208 521 354
1 499 206 561 357
1 544 208 590 370
3 527 270 584 395
3 477 274 524 392
3 455 274 493 364
3 423 273 455 364
3 404 271 435 350
3 375 261 410 351
3 349 261 379 301
3 322 255 347 294
3 290 256 322 294
3 301 233 335 270
3 272 272 294 291
3 244 248 278 292
3 204 253 242 295
3 175 260 212 339
3 152 258 189 338
3 118 255 159 343
3 90 268 128 341
3 49 258 99 356
3 0 240 45 354
