33
1 3 235 44 338
1 24 236 65 336
1 70 255 114 363
1 81 230 126 340
1 98 220 140 326
1 45 222 79 304
1 132 240 178 353
1 148 222 192 331
1 166 230 213 346
1 195 239 242 357
1 210 219 254 328
1 241 240 290 362
1 262 218 308 330
1 289 247 340 371
1 309 240 358 361
1 299 187 333 272
1 360 227 405 336
1 384 246 431 364
1 455 234 497 336
1 385 177 432 295
1 367 186 412 296
1 438 184 490 313
1 507 196 552 309
1 493 185 535 288
1 535 163 568 273
1 335 201 379 308
3 1 238 40 371
3 126 220 153 283
3 188 220 209 241
3 183 213 201 231
3 246 204 271 226
3 356 176 385 217
3 511 139 536 190
