51
1 3 199 23 250
1 30 197 50 245
1 56 194 74 241
1 75 192 92 236
1 86 193 103 236
1 100 191 116 231
1 93 194 108 232
1 126 193 140 229
1 172 159 253 358
1 215 147 295 343
1 268 159 344 345
1 447 161 478 238
1 481 168 489 187
1 486 168 492 185
1 432 166 449 210
1 420 171 431 200
1 411 170 419 189
1 399 176 410 203
1 389 172 400 199
1 382 174 389 192
1 369 172 383 208
1 355 183 362 203
1 337 178 348 206
1 350 176 356 193
3 0 178 15 213
3 11 177 29 207
3 28 180 47 211
3 41 180 56 211
3 33 167 43 181
3 69 178 85 202
3 84 176 96 192
3 115 172 132 200
3 138 192 150 224
3 146 194 167 226
3 162 193 182 226
3 108 186 115 195
3 219 180 231 195
3 274 172 280 184
3 278 173 284 183
3 283 171 287 182
3 311 176 320 185
3 320 179 326 191
3 328 177 335 187
3 329 169 334 176
3 332 169 338 177
3 337 169 342 176
3 343 168 348 179
3 366 172 371 182
3 466 164 477 182
3 451 167 456 182
3 444 168 451 182
