65
1 359 163 384 227
1 349 160 365 202
1 331 170 361 245
1 301 166 325 228
1 298 157 310 189
1 282 161 301 209
1 15 167 47 245
1 34 163 49 201
1 49 156 61 185
1 50 164 75 225
1 73 160 93 208
1 91 163 107 204
1 85 152 98 184
1 89 167 120 245
1 113 167 137 225
1 129 163 148 210
1 113 151 120 171
1 109 154 116 174
1 103 152 110 169
1 125 152 131 166
1 130 153 136 170
1 138 151 145 169
1 140 160 156 200
1 147 158 162 198
1 157 157 168 186
1 165 154 176 180
1 169 166 199 243
1 198 152 209 180
1 187 154 199 185
1 247 168 276 239
1 246 162 270 221
1 235 161 256 212
1 230 157 244 195
1 215 149 219 162
1 211 151 214 160
1 208 152 210 160
1 224 151 228 161
1 227 150 232 162
1 246 150 252 165
1 261 149 267 165
1 266 151 272 166
1 270 158 281 187
1 282 151 288 167
1 379 154 393 190
1 373 153 386 188
1 183 176 215 256
1 245 149 247 157
1 295 151 299 161
3 370 155 383 189
3 341 155 356 192
3 347 153 354 163
3 302 150 312 167
3 275 150 281 158
3 183 152 189 165
3 145 151 149 159
3 150 151 156 158
3 92 149 98 163
3 72 148 79 159
3 70 152 75 158
3 54 150 66 162
3 23 157 34 171
3 15 167 26 182
3 0 157 12 192
3 166 149 174 162
3 284 148 288 155
