30
1 5 144 59 275
1 39 132 104 294
1 87 179 128 279
1 111 182 150 279
1 133 144 192 290
1 157 177 202 288
1 180 168 229 288
1 226 198 259 278
1 242 211 266 273
1 250 178 292 281
1 269 201 301 281
1 296 229 315 275
1 306 232 323 275
1 294 57 415 352
1 398 195 437 290
1 406 184 454 302
1 430 202 468 295
1 445 204 480 293
1 0 175 26 271
3 0 64 13 186
3 18 154 32 175
3 227 202 243 227
3 464 128 472 151
3 443 126 453 156
3 400 130 410 143
3 395 239 411 266
4 17 39 50 143
4 50 47 103 143
4 103 47 145 152
4 244 1 294 77
