74
1 35 162 66 239
1 71 159 95 221
1 85 161 100 197
1 93 164 105 194
1 99 165 110 195
1 104 166 116 196
1 112 153 178 315
1 160 157 172 189
1 164 156 178 190
1 172 155 186 191
1 179 158 191 190
1 189 157 201 187
1 198 163 208 188
1 202 159 213 189
1 206 157 219 189
1 213 160 222 185
1 218 159 231 191
1 224 157 235 187
1 233 159 243 187
1 241 153 255 187
1 247 153 261 187
1 252 150 266 185
1 284 126 354 298
1 272 144 331 289
1 431 112 489 253
1 454 123 513 269
1 497 140 520 196
1 418 102 432 138
1 518 77 541 133
1 405 111 418 146
1 391 108 406 145
1 386 116 398 145
3 563 147 598 217
3 529 153 570 216
3 569 92 592 116
3 502 107 521 131
3 478 97 502 121
3 461 95 476 118
3 456 100 469 116
3 442 99 456 120
3 436 100 447 120
3 425 151 433 198
3 416 151 424 202
3 410 151 415 196
3 401 159 411 194
3 395 158 407 195
3 394 153 402 163
3 388 151 396 161
3 383 158 397 197
3 368 154 384 195
3 367 157 376 183
3 358 153 367 194
3 371 148 380 160
3 365 129 379 146
3 362 102 371 118
3 356 102 364 120
3 350 104 359 119
3 340 101 352 122
3 333 153 354 186
3 332 142 344 158
3 331 106 341 123
3 324 106 330 121
3 318 117 332 135
3 311 114 323 128
3 6 136 58 268
3 0 101 68 394
3 271 153 281 166
3 262 151 277 165
3 261 157 273 178
3 370 114 386 135
3 263 146 298 288
3 107 154 174 298
3 412 127 459 253
5 196 110 303 157
