37
1 71 86 134 241
1 95 79 157 233
1 129 78 191 232
1 163 73 229 234
1 195 74 257 225
1 220 82 282 237
1 398 80 457 226
1 429 84 486 226
1 458 78 520 231
1 481 78 545 234
1 545 79 612 245
3 34 152 127 276
3 112 148 156 252
3 143 162 203 259
3 196 144 241 262
3 241 152 290 262
3 288 146 328 260
3 321 153 366 263
3 365 149 403 267
3 399 137 442 257
3 434 132 486 256
3 485 147 541 261
3 538 159 638 265
3 531 71 572 148
3 275 76 326 158
3 364 80 413 163
3 390 48 436 118
3 426 49 477 110
3 406 25 442 68
3 373 28 404 63
3 345 44 394 97
3 325 26 361 66
3 314 42 353 91
3 275 44 339 100
3 277 29 318 66
3 248 29 280 76
3 206 33 276 94
