40
1 15 66 56 166
1 55 68 101 183
1 88 76 111 133
1 100 82 188 299
1 192 80 320 393
1 268 98 454 553
1 344 79 386 185
1 403 77 488 286
1 433 74 496 230
1 485 76 525 177
1 518 76 555 167
1 552 69 599 187
1 592 98 701 363
1 665 90 738 269
1 739 73 797 214
1 768 84 812 192
1 775 101 900 480
3 35 71 64 102
3 1 76 55 260
3 93 68 137 125
3 141 64 167 119
3 174 80 187 106
3 182 64 214 115
3 197 70 240 134
3 250 71 276 136
3 277 57 312 117
3 311 71 336 87
3 363 74 387 128
3 390 68 425 135
3 461 69 480 105
3 540 73 559 108
3 587 81 614 142
3 599 61 641 112
3 651 85 679 117
3 697 68 738 170
3 840 80 881 144
3 859 68 885 121
3 875 72 899 116
3 823 79 850 114
3 805 86 829 113
