84
1 0 168 27 264
1 6 161 49 266
1 22 179 57 264
1 37 169 77 266
1 0 296 53 454
1 146 241 235 461
1 219 261 283 420
1 235 251 318 453
1 52 174 89 266
1 78 218 96 264
1 91 174 127 262
1 114 220 128 258
1 122 207 139 252
1 137 211 154 253
1 150 214 165 251
1 162 208 179 250
1 177 208 192 248
1 185 209 199 245
1 193 210 207 245
1 198 206 213 243
1 207 180 254 294
1 471 236 523 366
1 526 243 574 360
1 551 157 585 243
1 565 161 597 242
1 492 191 525 273
1 523 199 557 284
1 478 200 500 253
1 539 188 564 249
1 464 199 484 250
1 451 193 472 248
1 428 171 461 251
1 417 171 450 254
1 392 177 423 252
1 380 205 397 250
1 371 214 386 251
1 306 177 342 265
1 349 179 379 252
1 273 179 306 262
1 243 190 282 286
1 707 168 736 241
1 730 185 750 241
1 693 169 722 239
1 684 183 707 242
1 667 170 696 242
1 645 169 672 238
1 616 173 642 240
1 591 162 623 241
3 29 169 42 186
3 76 176 100 211
3 114 175 128 194
3 127 188 138 200
3 129 200 138 207
3 136 198 147 216
3 141 188 151 201
3 151 188 162 200
3 152 201 157 209
3 148 204 154 212
3 158 204 163 214
3 160 197 173 211
3 174 194 190 213
3 182 191 190 205
3 191 194 200 203
3 191 189 203 200
3 199 185 214 199
3 208 200 215 210
3 325 162 343 210
3 336 163 369 245
3 407 165 431 210
3 382 192 395 205
3 500 174 521 194
3 511 189 534 241
3 501 232 542 325
3 534 180 553 207
3 549 173 564 192
3 590 211 609 244
3 673 162 681 189
3 661 164 673 189
3 633 167 655 202
3 490 193 502 212
3 495 182 508 199
3 294 168 321 212
3 226 174 265 253
3 211 185 220 197
