46
1 104 37 122 80
1 113 36 131 80
1 146 34 162 73
1 165 39 182 83
1 250 38 266 80
3 209 216 236 313
3 64 217 113 297
3 50 163 77 196
3 2 142 28 202
3 206 156 234 183
3 196 138 224 161
3 170 107 196 143
3 121 116 154 150
3 130 156 154 183
3 123 173 149 204
3 62 134 89 159
3 75 110 104 139
3 14 91 43 112
3 1 62 20 81
3 36 74 51 91
3 95 79 114 103
3 143 61 170 90
3 196 55 214 78
3 217 71 241 95
3 235 73 257 97
3 221 94 241 119
3 289 63 317 88
3 292 96 310 116
3 287 119 313 136
3 270 143 304 161
3 312 185 331 216
3 346 242 371 281
3 410 212 441 247
3 362 159 392 196
3 338 101 359 128
3 335 72 356 100
3 360 70 377 87
3 383 78 405 101
3 399 61 413 83
3 390 108 408 128
3 428 137 451 165
3 427 117 450 142
3 437 88 448 109
3 282 35 296 43
3 149 4 167 23
3 69 307 117 346
