40
1 177 285 231 420
1 63 279 117 413
1 0 218 32 336
1 19 214 57 306
1 51 198 80 272
1 70 175 98 247
1 81 166 106 227
1 105 233 148 339
1 132 190 166 274
1 144 174 170 239
1 209 198 239 274
1 228 232 265 322
1 257 207 296 303
1 297 227 331 312
1 320 271 378 415
1 430 251 486 388
1 554 254 610 392
1 474 221 514 319
1 380 228 421 328
1 422 198 457 283
1 520 168 540 220
1 471 161 488 206
1 324 161 341 205
1 286 159 305 207
1 409 160 426 203
3 211 164 227 180
3 395 175 409 204
3 361 203 382 230
3 359 165 384 187
3 503 189 529 224
3 604 171 614 193
3 581 216 607 249
3 578 187 603 214
3 260 168 277 185
3 308 164 331 193
3 163 143 181 162
3 4 161 25 181
3 21 150 39 169
3 37 146 54 168
3 429 142 445 160
