60
1 28 417 49 471
1 75 397 100 458
1 96 405 120 463
1 123 393 148 453
1 173 393 198 453
1 252 413 281 486
1 352 380 373 431
1 389 424 426 514
1 501 374 521 426
1 540 373 563 429
1 617 398 643 465
1 661 417 687 484
1 649 385 676 451
1 700 426 731 503
1 782 466 813 543
1 739 430 776 524
1 809 429 849 527
1 487 317 502 355
1 535 309 550 347
1 544 310 558 345
1 550 307 563 342
1 605 308 620 345
1 631 313 642 342
1 708 311 720 342
1 730 297 742 330
1 768 294 779 323
1 791 289 804 323
1 806 289 819 322
1 825 294 838 325
1 857 288 870 319
1 872 285 885 318
1 887 286 900 320
1 902 287 916 321
1 921 285 934 319
1 933 289 946 321
1 423 305 433 333
1 409 306 420 332
1 87 321 93 336
1 99 313 107 336
1 66 315 75 337
1 50 321 55 337
1 923 374 950 453
1 846 452 882 543
3 188 374 209 401
3 242 372 279 400
3 294 375 319 409
3 315 358 334 395
3 379 357 399 388
3 400 369 414 394
3 430 360 449 390
3 479 348 498 377
3 458 372 474 398
3 476 375 500 407
3 524 350 542 377
3 570 358 590 385
3 585 375 603 400
3 617 362 637 392
3 682 382 713 415
3 723 384 749 420
3 766 398 785 433
