43
1 0 228 28 310
1 13 191 49 281
1 97 222 132 307
1 152 218 188 309
1 107 184 146 281
1 161 188 199 280
1 201 217 237 307
1 211 192 247 279
1 257 213 296 309
1 312 214 351 309
1 358 220 392 305
1 410 215 448 308
1 349 189 387 281
1 404 189 440 278
1 447 185 482 274
1 465 220 498 302
1 518 212 555 304
1 502 184 539 277
1 550 183 586 274
1 566 217 601 303
1 594 177 634 276
1 619 224 649 301
3 60 178 94 210
3 53 201 85 228
3 315 172 338 196
3 264 171 286 202
3 36 327 62 381
3 79 325 112 362
3 96 312 120 344
3 153 311 178 341
3 54 377 129 430
3 138 363 188 414
3 159 336 202 380
3 186 311 223 357
3 292 309 336 341
3 337 303 370 349
3 424 332 463 377
3 486 299 520 343
3 522 304 544 358
3 548 320 570 367
3 580 345 621 398
3 591 306 634 363
3 490 385 573 439
