34
1 26 194 80 326
1 63 196 114 324
1 102 178 159 317
1 141 199 195 332
1 187 211 238 335
1 168 166 219 294
1 215 179 267 309
1 257 182 314 321
1 287 183 332 295
1 322 176 374 305
1 343 166 394 294
1 386 221 419 304
1 416 221 442 285
1 429 212 455 276
1 438 207 460 261
1 465 200 484 248
1 485 194 499 231
1 494 193 506 223
1 520 184 535 224
1 8 187 46 280
1 311 135 322 164
1 462 76 475 111
1 82 137 91 158
1 141 130 150 154
3 76 170 100 196
3 383 160 410 193
3 401 167 417 188
3 427 170 450 198
3 449 163 466 192
3 464 165 478 188
3 187 128 202 144
3 224 125 253 146
3 271 119 295 144
3 313 111 331 139
