30
1 694 291 795 538
1 762 282 828 474
1 732 303 827 537
1 592 261 691 506
1 637 284 727 505
1 529 273 624 508
1 442 283 520 475
1 368 278 441 456
1 321 285 384 439
1 285 277 340 413
1 246 276 297 403
1 217 272 266 392
1 196 274 239 382
1 153 277 190 370
1 174 271 214 371
1 138 279 171 363
1 120 269 154 353
1 106 271 138 349
1 97 274 126 347
1 85 275 112 341
1 73 275 97 336
1 58 269 83 329
1 19 270 42 327
3 363 253 389 283
3 438 264 466 300
3 693 259 730 312
3 280 249 302 281
3 590 257 616 298
3 803 275 826 324
3 321 250 338 282
