51
1 38 272 86 390
1 80 282 126 395
1 86 263 136 386
1 106 271 153 388
1 125 263 170 375
1 694 277 753 422
1 653 281 708 418
1 668 273 722 406
3 156 323 185 387
3 204 311 232 351
3 245 306 263 339
3 275 310 299 342
3 191 259 217 291
3 217 261 247 301
3 242 250 273 280
3 255 273 270 296
3 268 267 291 292
3 298 276 317 297
3 305 306 328 339
3 334 331 357 369
3 338 306 364 331
3 325 268 349 301
3 301 254 327 280
3 359 254 375 279
3 344 269 365 297
3 367 310 388 357
3 373 259 392 286
3 387 249 405 275
3 403 256 419 281
3 395 332 420 375
3 401 304 425 335
3 430 265 453 299
3 438 311 461 347
3 461 328 484 371
3 454 274 475 297
3 468 261 487 285
3 494 303 517 329
3 494 272 519 297
3 509 257 526 279
3 527 272 544 291
3 521 304 536 342
3 542 311 569 348
3 544 275 566 300
3 539 254 556 275
3 565 273 578 297
3 566 319 592 347
3 597 324 626 360
3 637 323 678 369
3 619 265 642 287
3 588 274 613 306
3 575 258 601 284
