33
1 19 276 46 342
1 39 265 66 330
1 77 273 106 344
1 186 290 211 352
1 153 277 180 346
1 143 267 170 333
1 230 286 254 346
1 210 281 235 342
1 282 266 305 324
1 295 284 321 348
1 326 276 348 330
1 339 287 357 333
1 402 281 423 334
1 385 274 405 325
1 418 266 440 321
1 440 276 463 335
1 464 270 488 328
1 506 258 525 306
1 518 271 538 321
1 454 199 470 238
1 400 187 410 214
1 583 259 603 308
1 573 254 591 297
1 666 239 684 283
1 521 189 531 217
1 530 183 543 214
1 552 186 561 210
1 575 191 587 224
3 156 356 243 408
3 293 376 360 407
3 413 347 505 412
3 613 227 631 250
3 630 241 647 265
