35
1 31 308 93 462
1 141 337 167 404
1 221 343 245 405
1 471 308 520 431
1 528 340 545 384
1 663 338 678 378
1 735 316 774 411
1 467 176 480 210
1 483 177 495 208
3 413 353 429 393
3 682 337 704 381
3 769 328 784 350
3 590 342 624 379
3 151 202 175 230
3 135 167 160 201
3 183 124 205 149
3 198 149 217 178
3 203 184 221 216
3 201 215 224 232
3 10 209 33 225
3 44 221 68 258
3 74 223 87 263
3 100 231 127 274
3 129 233 141 266
3 146 233 167 272
3 165 233 181 260
3 180 229 196 262
3 206 234 222 270
3 227 199 246 228
3 253 216 270 235
3 263 236 279 266
3 350 230 372 272
3 429 164 449 181
3 612 232 636 259
3 667 257 676 286
