37
1 77 326 121 437
1 159 315 201 419
1 264 335 289 396
1 317 334 343 400
1 6 322 34 390
1 0 323 17 390
1 35 330 59 389
1 19 327 45 391
1 413 337 434 389
1 351 336 372 387
1 279 335 298 381
1 226 330 245 378
1 241 333 258 378
1 289 334 305 374
1 304 329 323 375
1 389 338 407 382
1 397 337 415 381
1 372 335 390 378
1 364 335 381 378
1 380 335 397 376
1 440 341 458 384
1 448 338 465 381
1 585 327 611 393
1 456 337 472 379
1 480 332 494 369
3 7 212 22 236
3 25 219 33 241
3 42 219 56 245
3 60 227 68 248
3 73 223 85 251
3 87 230 96 257
3 107 239 115 260
3 136 239 145 261
3 125 235 134 262
3 152 239 162 263
3 191 251 212 274
3 279 320 290 338
