41
1 16 166 80 324
3 66 199 105 264
3 97 160 131 204
3 101 120 124 149
3 77 101 103 138
3 128 104 155 149
3 155 131 172 161
3 143 170 169 199
3 137 203 162 250
3 191 200 226 267
3 184 154 208 189
3 174 113 198 144
3 220 106 243 145
3 212 137 228 168
3 231 163 253 190
3 256 201 288 256
3 271 161 299 191
3 251 136 275 172
3 261 110 283 145
3 294 117 316 156
3 327 127 355 152
3 328 148 353 175
3 318 160 338 191
3 322 199 350 236
3 358 171 382 201
3 373 147 393 171
3 402 133 419 159
3 400 159 422 178
3 399 180 420 204
3 382 212 409 251
3 432 210 460 248
3 425 176 450 204
3 431 132 469 163
3 471 125 495 161
3 467 163 487 188
3 468 188 491 211
3 494 183 512 214
3 496 154 523 193
3 525 182 542 211
3 540 213 571 246
3 490 219 526 253
