48
1 164 232 183 280
1 353 235 366 267
1 468 231 473 247
1 404 229 413 254
1 384 230 394 254
1 375 231 385 255
1 323 233 333 261
1 270 231 284 265
1 255 232 269 266
1 251 232 263 264
1 244 233 255 263
1 235 231 248 264
1 218 231 231 262
1 209 235 220 265
1 197 235 211 272
1 193 235 207 270
1 174 236 190 275
1 158 235 174 274
1 147 235 163 277
1 139 235 155 274
1 133 233 149 272
1 125 236 138 270
1 119 235 133 270
1 96 235 110 270
1 88 234 100 267
1 72 231 85 263
1 66 232 78 263
1 61 228 75 263
1 41 227 54 260
1 33 228 45 258
1 28 226 39 255
1 277 232 288 260
1 290 231 301 261
1 282 235 293 262
1 307 231 315 254
1 339 231 347 254
1 349 231 357 251
1 365 229 374 250
1 393 231 399 249
1 266 231 277 261
1 310 231 319 256
1 459 229 466 247
1 453 227 458 243
1 444 229 450 246
1 436 227 444 246
1 427 229 434 248
1 416 230 423 247
5 179 226 478 241
