30
1 84 139 154 312
1 217 54 344 364
1 323 134 398 318
1 357 73 487 393
1 439 146 474 234
1 463 157 493 231
1 541 167 567 230
1 575 176 595 227
1 589 181 600 227
1 187 156 223 247
1 139 101 159 150
1 171 102 190 149
1 159 106 176 150
1 114 102 131 147
1 40 161 77 251
1 30 119 47 160
1 73 115 89 156
1 89 123 101 152
3 0 191 17 226
3 8 185 55 245
3 506 192 535 232
3 72 202 93 232
3 73 163 92 188
3 199 107 219 136
3 224 118 240 141
5 0 136 70 182
5 169 193 240 228
5 314 126 355 148
5 482 149 544 192
5 564 155 597 189
