64
1 28 49 69 150
1 50 47 88 139
1 112 23 148 110
1 282 281 327 392
1 237 239 277 338
1 198 193 238 290
1 170 162 205 251
1 127 152 166 247
1 169 89 212 193
1 180 61 220 161
1 359 385 401 489
1 326 231 375 352
1 382 311 423 411
1 391 302 430 399
1 384 218 431 333
1 222 87 266 196
1 240 102 280 203
1 296 108 340 216
1 333 120 375 223
1 364 83 399 169
1 393 117 428 202
1 413 0 444 78
1 469 123 510 223
1 490 101 532 205
1 501 199 541 299
1 527 337 564 428
1 547 400 587 499
1 564 409 601 500
1 641 273 684 381
1 682 356 720 477
1 687 292 720 392
1 650 1 685 87
1 676 7 712 94
1 701 0 720 67
1 695 129 720 208
1 260 71 292 152
3 29 4 57 41
3 190 2 226 44
3 482 1 498 27
3 500 0 519 37
3 552 2 574 40
3 361 464 405 502
3 371 448 408 471
3 435 449 474 502
3 476 454 506 499
3 677 484 716 502
4 33 149 59 232
4 61 140 82 225
4 130 239 164 317
4 262 400 310 472
4 321 354 361 452
4 458 231 489 323
4 484 294 530 393
4 629 377 669 477
4 512 423 550 499
4 476 25 495 90
4 497 32 512 99
4 514 28 520 80
4 545 35 571 114
4 598 2 630 94
4 645 80 671 156
4 675 92 691 173
4 697 70 712 147
4 691 200 716 303
