33
1 0 234 75 466
1 61 249 149 464
1 127 251 211 456
1 113 245 188 429
1 165 231 261 468
1 185 258 273 476
1 264 241 345 441
1 292 216 390 455
1 343 237 422 433
1 481 225 576 456
1 581 239 655 422
1 37 245 68 323
1 70 241 98 313
3 637 229 682 300
3 695 236 714 274
3 701 246 729 294
3 550 235 576 268
3 576 247 613 319
3 390 241 422 281
3 121 254 144 302
3 61 240 78 266
3 45 227 61 249
3 236 233 277 296
3 449 292 506 438
3 444 256 510 308
3 92 234 114 256
3 127 237 147 256
4 75 453 132 495
4 140 457 158 494
4 163 461 187 497
4 190 470 225 497
4 282 444 329 497
4 503 458 562 496
