42
1 0 378 61 540
1 35 343 95 492
1 80 382 146 542
1 111 340 171 490
1 160 377 228 546
1 248 383 310 536
1 189 340 249 486
1 274 347 330 485
1 317 381 381 538
1 345 345 400 483
1 374 296 431 437
1 404 372 471 539
1 429 339 487 483
1 497 373 561 532
1 523 341 580 481
1 582 375 647 537
1 670 378 734 537
1 755 368 820 529
3 598 334 637 394
3 677 335 716 384
3 771 332 803 379
3 7 289 32 319
3 9 221 38 263
3 50 261 73 290
3 85 290 114 328
3 150 298 175 320
3 149 220 174 252
3 103 194 134 218
3 177 188 210 216
3 213 224 240 249
3 330 250 358 290
3 360 223 384 257
3 407 258 437 292
3 440 89 464 116
3 565 55 591 89
3 283 130 306 170
3 735 50 757 74
3 400 32 437 83
3 125 41 160 78
3 104 76 129 109
3 211 144 239 181
5 5 6 861 332
