41
1 557 117 566 141
1 96 156 115 203
1 129 157 145 197
1 10 126 21 156
1 177 115 192 152
1 196 145 211 182
1 210 139 227 180
1 311 103 321 130
1 346 95 359 126
1 755 261 798 365
1 587 257 629 360
1 458 261 502 371
1 358 235 393 321
1 204 257 232 326
1 145 325 182 418
1 115 336 176 485
1 288 355 355 521
1 520 286 566 402
1 582 322 636 456
1 292 290 337 400
1 333 306 382 428
3 294 167 346 183
3 13 169 47 191
3 89 437 187 531
3 303 406 451 463
3 483 387 528 438
3 474 352 529 404
3 542 362 582 433
3 671 383 718 444
3 659 358 735 433
3 637 335 773 369
3 688 309 719 339
3 637 304 672 333
3 614 259 638 315
3 552 244 585 286
3 585 228 617 264
3 617 232 645 267
3 514 211 542 244
3 545 198 568 225
3 558 216 590 250
5 579 113 782 158
