34
1 3 89 56 220
1 41 95 84 202
1 79 97 117 190
1 118 98 152 181
1 146 101 174 171
1 172 94 202 169
1 205 102 233 173
1 232 97 264 175
1 260 103 289 177
1 294 103 330 192
1 323 106 357 188
1 364 107 403 208
3 88 87 112 112
3 118 84 138 110
3 336 159 372 213
3 341 143 376 176
3 302 143 341 191
3 268 151 290 161
3 279 141 307 201
3 246 158 301 238
3 239 138 263 160
3 220 143 241 159
3 190 127 217 165
3 169 134 194 154
3 72 151 96 184
3 47 163 92 244
3 81 148 124 246
3 104 175 168 269
3 154 172 227 282
3 221 184 275 291
3 210 153 231 176
3 226 158 257 188
3 149 149 201 196
3 109 151 123 171
