39
1 501 28 533 108
1 709 48 742 128
1 57 297 142 507
1 115 340 180 502
1 135 279 221 489
1 244 361 312 530
1 340 261 448 528
1 396 276 498 528
1 498 321 582 529
1 581 250 696 530
1 725 332 800 530
1 335 22 372 115
1 254 43 285 122
1 277 38 311 120
1 219 76 248 148
1 756 93 794 185
1 778 110 800 168
1 13 177 53 278
1 665 110 702 201
3 87 41 111 76
3 108 33 143 73
3 157 31 180 70
3 182 15 201 45
3 758 212 783 238
3 769 190 793 222
3 778 169 797 187
3 504 333 597 527
3 542 248 614 331
3 728 176 762 247
3 683 184 722 248
3 721 250 784 350
3 14 321 79 401
3 283 287 351 380
3 318 370 388 519
3 37 382 179 526
5 528 188 675 269
5 132 144 278 227
5 282 125 393 215
5 3 5 150 68
