49
1 1 828 96 1062
1 148 846 222 1028
1 233 843 287 978
1 316 844 428 1121
1 400 848 508 1115
1 445 855 508 1009
1 536 859 602 1022
1 580 858 645 1016
1 682 846 711 919
1 721 851 771 975
1 757 854 795 947
1 791 863 830 959
1 818 844 883 1005
1 880 848 943 1005
1 902 856 965 1011
1 961 862 1023 1014
1 986 840 1115 1156
1 1080 854 1193 1130
1 1315 852 1335 900
1 1330 852 1349 901
1 1344 851 1363 900
1 1362 852 1379 897
1 1380 848 1401 900
1 1406 843 1423 886
1 1419 846 1433 882
1 1434 847 1454 898
1 1485 851 1511 917
1 1515 848 1530 888
1 1534 836 1552 881
1 1474 849 1488 884
3 788 851 807 875
3 862 851 884 887
3 939 855 964 902
3 1015 851 1045 897
4 632 288 646 696
4 665 326 699 712
4 323 1101 406 1347
4 411 1110 503 1346
4 533 1012 601 1179
4 588 1011 642 1189
4 728 975 771 1076
4 798 960 824 1025
4 830 1009 890 1144
4 892 1009 921 1150
4 922 1007 953 1158
4 974 1015 1026 1121
4 1020 1165 1093 1354
4 1111 1151 1181 1353
4 7 1077 62 1294
