100
1 109 261 136 330
1 45 275 66 330
1 235 185 266 261
1 237 155 264 222
1 277 198 314 290
1 314 176 346 255
1 331 172 362 247
1 151 282 171 330
1 1 64 15 102
1 13 62 30 103
1 24 68 38 106
1 32 76 48 116
1 37 63 54 104
1 52 64 67 101
1 59 70 74 108
1 70 72 88 117
1 82 71 98 113
1 91 78 107 117
1 119 92 136 137
1 6 104 25 154
1 48 108 67 157
1 124 59 138 94
1 131 65 145 102
1 137 57 151 93
1 204 47 217 78
1 342 199 377 286
1 432 268 457 328
1 147 68 163 107
1 157 70 172 109
1 174 90 191 135
1 197 107 215 151
1 206 108 224 155
1 331 56 345 93
1 362 48 375 80
1 396 57 406 82
1 423 53 435 83
1 373 174 396 231
1 397 176 425 244
1 409 182 439 255
1 428 191 457 262
1 448 195 481 275
1 477 208 500 289
1 480 78 495 118
1 491 49 500 78
1 455 42 469 76
1 462 59 474 91
1 383 79 395 112
1 367 79 379 111
1 435 72 449 107
1 446 72 460 107
1 307 141 326 191
1 295 134 318 190
1 285 131 307 185
1 277 126 298 181
1 270 122 291 175
1 258 118 279 169
1 253 111 274 163
1 244 109 261 154
1 231 113 247 153
1 222 115 237 154
1 395 76 409 111
3 59 58 75 71
3 74 63 91 70
3 196 290 241 331
3 270 291 305 332
3 303 307 335 330
3 335 304 371 331
3 34 199 62 244
3 102 197 132 235
3 89 192 109 214
3 95 177 113 200
3 87 168 98 193
3 79 164 91 188
3 71 158 87 184
3 65 151 76 172
3 61 148 68 173
3 47 134 58 152
3 20 189 42 221
3 13 167 29 190
3 11 160 25 179
3 29 263 74 306
3 191 57 205 72
3 337 147 358 179
3 449 88 463 113
3 471 105 486 130
3 441 101 456 124
3 412 56 424 79
3 436 54 447 76
3 353 61 364 77
3 364 62 378 77
3 380 65 393 87
3 449 152 467 184
3 453 122 475 161
3 259 56 265 69
3 263 51 271 66
3 283 52 298 68
5 176 72 327 123
5 300 96 416 161
5 379 130 452 171
5 409 174 489 198
