59
1 1738 1184 1840 1434
1 1781 1216 1903 1515
1 1865 1218 1936 1435
1 1624 1532 1928 2273
1 1778 1525 1936 2203
1 1259 1306 1785 2588
1 1127 1443 1595 2587
1 1011 1495 1301 2206
1 807 1448 1168 2329
1 0 1536 186 2290
1 367 1426 613 2029
1 517 1306 700 1754
1 659 1270 815 1654
1 843 1174 988 1527
1 821 1151 952 1470
1 771 1136 882 1408
1 1171 1098 1240 1267
1 1223 1088 1297 1270
1 1307 1077 1391 1285
1 1382 1105 1464 1308
1 1431 1122 1512 1322
1 1485 1173 1574 1392
1 1624 1111 1685 1262
1 976 1112 1037 1263
1 740 1067 841 1314
1 635 1119 771 1450
1 0 1160 101 1546
1 57 1056 208 1426
1 137 1307 321 1755
1 231 1195 411 1635
1 333 1153 496 1554
1 476 1196 619 1544
1 388 1270 567 1707
1 551 1059 634 1265
3 1536 1471 1627 1584
3 1625 1534 1722 1639
3 1791 1568 1862 1656
3 1 1083 68 1169
3 165 1002 229 1155
3 154 1109 223 1206
3 217 1164 310 1264
3 243 1107 303 1178
3 299 1133 368 1206
3 439 1176 488 1229
3 484 1110 577 1198
3 571 1174 608 1221
3 491 1181 569 1271
3 596 1214 647 1307
3 611 1235 689 1358
3 1878 1145 1916 1215
3 1797 1118 1836 1200
3 1748 1122 1800 1218
3 233 1031 308 1103
3 318 1076 397 1201
3 408 1097 438 1132
3 436 1121 472 1167
5 99 953 959 1121
5 961 1015 1561 1139
5 1551 1056 1935 1181
