33
1 29 204 43 242
1 48 208 67 255
1 67 210 78 240
1 109 213 123 251
1 153 213 171 257
1 186 209 200 246
1 206 214 224 259
1 175 203 188 234
1 238 210 256 253
1 258 210 281 266
1 280 206 299 256
1 309 207 327 252
1 327 222 348 274
1 354 219 372 264
1 371 213 389 259
1 393 209 411 254
1 421 229 445 288
1 440 221 458 268
1 451 215 470 262
1 263 235 290 303
1 517 193 530 225
1 38 174 49 201
1 22 165 31 187
1 342 207 352 235
3 540 196 549 210
3 464 206 484 254
3 409 206 427 242
3 476 196 495 249
5 58 169 125 206
5 3 176 30 215
5 152 191 266 212
5 282 188 409 208
5 421 191 455 216
