31
1 0 118 64 360
1 6 148 92 361
1 39 161 91 288
1 57 164 95 257
1 73 179 128 316
1 119 177 175 315
1 153 182 193 281
1 169 176 225 314
1 195 176 242 291
1 217 184 272 318
1 256 178 300 286
1 280 176 336 315
1 322 177 377 315
1 365 178 419 312
1 397 181 450 312
1 442 179 496 310
1 494 171 529 260
1 510 170 543 254
1 392 165 440 282
1 308 169 346 262
1 123 175 135 204
1 117 177 126 202
3 98 170 121 208
3 149 177 165 209
3 149 169 158 180
3 160 168 170 191
3 176 170 189 195
3 225 173 241 201
3 249 180 272 213
3 282 169 295 203
3 474 172 484 199
