30
1 0 157 29 272
1 5 125 63 266
1 54 139 102 259
1 108 163 144 251
1 692 95 743 221
1 716 100 764 220
1 752 101 798 215
1 783 95 826 201
1 812 91 854 246
1 132 140 175 245
1 184 149 219 237
1 202 144 241 240
1 441 123 463 178
1 418 122 441 179
1 405 119 431 185
1 388 126 414 190
1 363 132 392 202
1 337 130 369 209
1 222 128 266 236
3 800 174 835 252
3 136 191 255 274
3 249 159 381 275
3 546 157 608 203
3 608 153 666 186
3 100 128 138 164
3 157 135 187 177
3 175 125 199 163
3 262 126 298 162
3 290 134 321 174
3 318 136 345 178
