150
1 0 2406 156 2984
1 32 2264 114 2467
1 155 2245 262 2505
1 260 2224 366 2482
1 319 2270 441 2569
1 307 2251 428 2549
1 371 2282 593 2825
1 513 2236 668 2614
1 469 2695 896 3739
1 609 2214 675 2378
1 642 2196 716 2380
1 580 2338 778 2822
1 662 2308 862 2799
1 705 2210 786 2411
1 736 2277 968 2846
1 901 2378 1179 3058
1 0 2235 57 2433
1 20 2198 100 2393
1 199 2187 271 2362
1 226 2183 297 2359
1 251 2226 315 2383
1 429 2171 499 2343
1 440 2175 520 2371
1 466 2197 545 2390
1 764 2160 827 2317
1 838 2224 956 2512
1 905 2214 1019 2495
1 963 2195 1043 2392
1 1014 2170 1072 2311
1 1040 2194 1133 2420
1 1074 2183 1147 2361
1 1123 2179 1199 2368
1 1143 2185 1235 2411
1 1170 2234 1272 2486
1 1179 2218 1328 2585
1 1255 2287 1446 2754
1 1335 2218 1480 2572
1 1389 2276 1519 2594
1 1446 2185 1554 2449
1 1492 2181 1595 2436
1 1570 2157 1645 2339
1 1529 2327 1777 2932
1 1618 2317 1843 2865
1 1667 2367 1917 2979
1 1797 2184 1898 2433
1 1835 2180 1950 2460
1 1902 2196 1997 2430
1 1962 2175 2057 2407
1 2021 2200 2128 2463
1 2096 2244 2234 2584
1 2144 2189 2252 2454
1 2264 2190 2370 2448
1 2356 2242 2515 2630
1 2461 2181 2571 2453
1 2519 2138 2579 2286
1 2434 2134 2503 2303
1 2252 2141 2298 2253
1 2216 2146 2259 2252
1 2550 2177 2655 2434
1 2572 2173 2682 2441
1 2632 2188 2739 2451
1 2714 2162 2832 2449
1 2669 2141 2750 2339
1 2799 2148 2850 2274
1 2483 2668 2921 3737
1 2146 2472 2526 3401
1 2278 2409 2679 3387
1 2824 2484 3262 3556
1 3041 2552 3468 3595
1 2733 2327 2990 2955
1 2783 2217 2967 2665
1 2913 2191 3017 2448
1 2940 2176 3038 2415
1 2877 2153 2968 2376
1 2980 2153 3060 2349
1 3069 2129 3122 2259
1 3093 2152 3169 2341
1 3126 2155 3216 2376
1 3176 2170 3278 2420
1 3250 2160 3360 2431
1 3228 2181 3328 2427
1 3323 2155 3396 2333
1 3350 2136 3441 2361
1 3409 2149 3501 2377
1 3449 2176 3525 2363
1 3480 2160 3578 2399
1 3521 2155 3641 2449
1 3624 2263 3844 2799
1 3908 2213 4064 2594
1 3866 2166 3974 2433
1 3617 2143 3681 2300
1 3691 2145 3753 2299
1 3730 2153 3791 2305
1 3764 2144 3831 2310
1 3796 2141 3866 2313
1 3850 2146 3934 2350
1 3937 2158 4057 2450
1 4050 2158 4169 2449
1 4175 2168 4305 2485
1 4140 2152 4257 2440
1 4216 2173 4342 2480
1 4250 2234 4441 2701
1 4330 2173 4557 2727
1 3999 2318 4292 3035
1 4466 2163 4586 2455
1 4536 2177 4683 2539
1 4534 2149 4642 2412
1 4599 2161 4777 2599
1 4677 2305 5042 3199
1 4721 2159 4895 2583
1 4859 2182 5115 2809
1 5075 2133 5220 2488
1 5125 2139 5248 2439
1 5170 2130 5295 2435
1 5253 2149 5412 2540
1 5246 2125 5402 2505
1 2919 2135 2963 2245
1 3023 2112 3064 2215
1 2981 2120 3013 2200
1 5453 2209 5616 2769
1 5402 2145 5507 2404
3 0 3110 517 3728
3 2221 2942 2815 3743
3 280 2179 333 2225
3 321 2185 377 2251
3 376 2187 427 2241
3 572 2160 621 2235
3 1293 2186 1369 2288
3 1387 2180 1468 2279
3 1740 2201 1784 2308
3 1667 2223 1771 2352
3 1765 2252 1877 2406
3 1612 2199 1688 2356
3 2368 2194 2408 2295
3 2384 2212 2457 2318
3 2957 2101 2989 2154
3 5462 2157 5575 2297
3 4755 2163 4858 2319
4 5305 1644 5542 1865
4 5549 1628 5615 1870
4 5040 1129 5421 1492
4 5496 1096 5612 1467
5 3930 2097 4308 2194
5 3384 2093 3971 2154
5 3828 1980 3973 2120
5 1621 2095 2157 2179
5 165 2114 945 2210
5 2169 2118 2742 2183
5 4319 2068 5616 2169
5 953 2113 1604 2197
