48
1 0 81 29 196
1 8 83 50 187
1 62 94 103 195
1 93 90 131 186
1 121 95 155 181
1 170 93 204 178
1 177 88 226 210
1 198 92 232 178
1 212 84 248 172
1 231 88 265 171
1 248 91 280 170
1 243 103 343 346
1 300 100 328 169
1 311 118 331 166
1 317 101 345 169
1 327 87 374 203
1 391 94 419 164
1 417 104 444 169
1 440 104 467 173
1 423 86 528 343
1 507 97 537 171
1 532 102 565 184
1 557 104 583 170
1 581 62 597 101
1 555 56 573 100
1 486 49 503 90
1 442 46 460 92
1 406 41 427 94
1 377 45 397 94
1 356 45 376 93
1 417 41 440 97
3 275 92 290 108
3 299 103 309 118
3 512 47 529 70
3 523 48 537 65
3 523 66 537 100
3 536 66 549 97
3 442 39 457 57
3 429 31 444 44
3 416 26 433 41
3 327 18 343 31
3 348 18 362 33
3 359 20 372 35
3 318 3 332 23
3 328 7 342 27
3 344 0 361 18
5 374 0 505 43
5 521 1 596 41
