31
1 0 108 16 157
1 13 107 36 166
1 33 106 47 144
1 45 106 58 137
1 49 105 67 151
1 49 97 85 184
1 71 109 91 159
1 78 93 124 207
1 122 96 150 165
1 112 103 126 139
1 120 102 134 140
1 143 104 161 151
1 179 101 201 158
1 186 97 220 179
1 189 87 253 245
1 240 102 260 153
1 262 100 291 174
1 280 99 300 150
1 319 113 327 134
1 330 102 347 146
1 336 100 360 161
1 348 98 383 184
1 378 97 395 141
1 386 105 400 169
3 309 113 319 135
3 293 114 305 136
3 8 105 23 119
3 104 105 115 116
4 94 196 299 231
4 73 170 200 195
4 227 176 376 198
