31
1 31 233 106 416
1 135 223 221 435
1 205 216 309 473
1 271 203 348 391
1 303 191 393 413
1 391 206 543 580
1 387 127 535 487
1 482 198 568 411
1 554 185 632 377
1 616 152 734 439
1 660 150 858 636
1 737 126 896 514
1 82 217 148 377
1 511 172 588 362
1 839 150 934 381
1 375 209 420 318
1 595 176 666 349
3 152 196 173 215
3 273 190 288 210
3 61 205 97 265
3 645 182 663 208
3 118 205 157 274
3 69 182 132 226
3 190 199 231 252
3 230 194 248 214
3 307 194 326 214
3 913 166 938 196
3 375 180 399 200
3 272 215 292 245
5 940 164 980 202
5 251 194 273 215
