31
1 0 258 130 605
1 222 196 416 669
1 246 244 349 495
1 90 267 188 509
1 139 277 200 427
1 166 268 199 350
1 192 269 222 342
1 230 256 304 440
1 352 260 388 348
1 360 254 394 337
1 388 261 412 322
1 390 259 432 363
1 424 258 446 314
1 431 256 462 334
1 443 256 472 327
1 450 248 514 405
1 473 240 580 501
1 584 262 640 440
1 576 245 605 317
1 545 252 584 347
1 584 253 635 380
1 61 264 87 327
1 0 263 57 444
1 217 280 231 315
1 382 257 403 309
3 136 259 158 307
3 157 256 178 282
3 239 263 267 287
5 411 251 437 275
5 492 243 521 283
5 573 243 605 283
