31
1 56 157 90 242
1 117 149 175 293
1 157 159 181 218
1 283 161 304 213
1 289 157 310 211
1 291 154 318 223
1 357 157 382 220
1 245 159 267 213
1 262 159 283 212
1 0 159 30 246
1 4 160 37 240
1 462 157 501 253
1 486 160 526 258
1 504 156 543 251
1 530 159 557 225
1 543 160 571 230
1 569 160 605 248
1 560 144 648 362
1 600 148 690 462
1 612 154 656 262
1 307 157 374 323
3 312 159 319 167
3 192 187 208 218
3 205 187 222 217
3 219 189 247 216
3 31 194 56 226
3 62 209 99 252
3 614 154 633 194
3 638 145 662 180
3 558 191 585 230
3 581 169 603 200
