45
1 372 257 414 360
1 389 260 430 363
1 413 260 452 356
1 453 260 493 358
1 469 262 503 347
1 495 261 538 365
1 521 262 564 368
1 536 265 572 354
1 556 262 594 358
1 3 321 53 442
1 80 316 129 436
1 131 318 179 437
1 196 314 248 443
1 247 333 291 441
1 286 334 329 439
1 340 332 390 456
1 327 362 366 458
1 391 353 433 455
1 429 359 469 458
1 457 340 501 449
1 552 332 601 451
1 596 340 642 452
3 99 387 130 423
3 66 242 114 296
3 1 382 19 416
3 10 405 48 446
3 40 432 76 460
3 77 444 115 460
3 138 421 164 448
3 148 433 183 456
3 182 397 206 422
3 167 408 199 439
3 227 423 272 459
3 239 410 323 458
3 518 332 548 393
3 525 362 570 455
3 650 354 670 376
3 616 359 661 451
3 641 370 689 458
3 666 342 689 370
3 412 335 432 355
3 355 335 384 369
3 495 334 514 359
3 424 337 442 361
3 373 435 404 459
