47
1 132 41 138 56
1 304 78 312 98
1 4 216 30 279
1 176 226 219 334
1 350 227 376 294
1 436 222 464 294
1 460 218 490 291
1 473 223 498 301
1 163 218 184 272
1 171 220 191 271
1 193 215 216 271
1 219 221 238 271
1 240 223 260 271
1 254 222 274 272
1 286 225 304 271
1 295 220 317 273
1 317 222 337 274
1 325 226 357 305
1 341 221 360 271
1 95 218 128 298
1 112 216 142 289
1 83 223 104 274
1 73 217 97 278
1 65 214 80 252
1 14 229 69 364
1 359 64 364 80
1 411 216 441 293
3 39 217 55 231
3 52 217 69 258
3 92 216 103 240
3 102 215 111 230
3 462 217 476 245
5 145 122 153 138
5 160 89 173 109
5 63 81 76 107
5 244 81 257 98
5 268 136 296 153
5 315 135 327 150
5 352 126 377 144
5 217 136 238 154
5 176 66 189 86
5 176 129 188 148
5 234 107 249 122
5 141 208 160 220
5 222 207 245 216
5 302 205 321 216
5 432 105 447 126
