33
1 0 160 32 244
1 29 160 55 224
1 22 161 47 225
1 52 160 74 217
1 108 160 130 213
1 131 164 153 220
1 121 158 146 218
1 138 165 173 253
1 147 164 181 250
1 218 158 253 247
1 234 166 267 246
1 333 169 370 262
1 348 166 385 258
1 267 166 286 216
1 100 162 112 193
1 201 162 216 198
1 194 163 208 200
1 213 165 223 189
1 258 164 270 197
1 98 162 106 185
1 50 161 64 196
1 325 165 358 249
1 68 159 95 225
1 169 163 188 209
1 209 167 217 188
3 266 165 274 179
3 304 174 314 192
3 70 159 79 172
3 254 163 261 181
3 316 171 328 195
5 180 160 197 206
5 281 165 292 217
5 367 159 387 179
