49
1 12 889 48 978
1 30 878 61 953
1 60 881 98 973
1 88 891 117 962
1 123 897 137 934
1 127 877 150 933
1 136 873 158 927
1 148 882 185 973
1 177 882 212 968
1 189 886 212 943
1 228 878 250 932
1 263 879 286 936
1 286 885 304 931
1 297 878 320 936
1 311 886 331 937
1 324 885 344 936
1 356 892 371 929
1 372 941 389 985
1 344 943 361 987
1 9 864 27 909
1 224 872 238 907
1 530 898 555 960
1 521 899 545 959
1 548 877 569 932
1 254 879 268 916
1 275 882 287 915
1 218 875 230 906
1 213 872 227 906
1 598 899 624 965
1 590 893 615 956
3 34 866 49 894
3 369 896 392 933
3 376 901 400 930
3 401 899 418 922
3 413 898 434 923
3 497 884 517 919
3 522 879 537 914
3 564 874 580 909
3 578 917 597 947
3 562 913 583 949
3 629 916 657 953
3 643 874 657 899
3 619 893 642 915
3 609 892 623 912
3 590 879 606 903
3 581 877 597 907
5 108 861 136 892
5 177 871 207 883
5 469 887 505 920
