73
1 292 126 325 210
1 227 168 271 279
1 346 172 390 280
1 437 170 472 259
1 459 176 496 266
1 484 173 526 277
1 496 171 546 293
1 514 171 572 312
1 112 163 172 311
1 122 167 173 293
1 140 168 185 280
1 153 172 191 267
1 167 174 200 256
1 319 176 361 282
1 251 192 290 287
1 0 175 21 241
1 12 176 37 240
1 23 174 47 235
1 44 159 68 218
1 50 155 72 212
1 61 158 83 214
1 92 159 113 213
1 195 158 218 214
1 203 159 224 212
1 180 159 202 213
1 575 180 600 254
1 412 173 435 229
1 430 173 456 236
1 395 156 414 205
1 274 159 291 200
1 571 181 587 220
1 72 160 92 212
1 103 160 124 213
3 227 225 386 300
3 258 184 294 247
3 218 193 315 297
3 312 210 413 295
3 314 178 371 273
3 82 179 101 214
3 214 181 233 215
3 392 185 414 217
3 383 187 396 217
3 380 180 389 217
3 287 161 300 188
3 42 145 58 165
3 262 142 276 159
3 276 147 285 161
3 283 148 298 160
3 259 160 278 191
3 275 159 289 191
3 366 147 378 158
3 375 146 386 159
3 395 146 405 157
3 416 156 436 194
3 436 165 449 181
3 444 151 455 166
3 446 166 456 179
3 492 182 503 196
3 468 177 478 195
3 409 156 421 172
3 332 164 348 183
3 347 159 360 182
3 355 159 367 178
3 363 158 373 176
3 73 159 86 181
5 0 156 45 184
5 65 153 100 176
5 125 151 187 176
5 192 155 205 170
5 216 155 267 170
5 318 153 374 177
5 374 156 403 177
5 454 151 535 182
