136
1 104 332 176 510
1 180 333 251 510
1 219 323 296 510
1 267 311 341 492
1 311 352 374 508
1 350 354 416 514
1 444 346 511 513
1 502 353 565 510
1 563 356 629 515
1 7 382 60 514
1 731 298 791 447
1 749 350 800 510
1 278 279 331 409
1 223 293 294 466
1 248 209 287 307
1 218 221 265 336
1 195 244 244 367
1 163 224 215 351
1 130 236 172 339
1 55 124 69 159
1 98 127 111 162
1 352 228 383 306
1 515 229 545 302
1 546 267 591 376
1 670 294 717 412
1 692 263 745 394
1 711 269 766 405
1 603 364 663 511
3 0 327 67 427
3 503 313 562 379
3 477 318 523 403
3 309 303 355 363
3 333 311 350 341
3 352 290 408 381
3 397 282 443 367
3 398 317 468 429
3 428 315 464 371
3 447 298 485 348
3 504 292 562 366
3 555 346 622 425
3 316 266 338 298
3 317 267 365 341
3 373 260 398 319
3 394 271 438 316
3 393 245 418 284
3 43 200 76 257
3 45 182 63 207
3 2 185 30 226
3 73 175 100 232
3 105 193 125 229
3 121 194 143 233
3 145 201 171 245
3 164 193 183 224
3 170 205 198 246
3 198 190 218 238
3 217 187 236 220
3 235 191 250 205
3 227 205 244 223
3 211 211 236 249
3 132 215 160 258
3 111 214 139 255
3 74 234 98 266
3 107 174 139 202
3 59 195 89 234
3 81 227 118 296
3 244 205 260 231
3 244 182 259 207
3 267 179 285 218
3 285 175 298 204
3 269 191 296 238
3 295 204 323 235
3 294 185 308 209
3 295 192 319 215
3 308 185 324 201
3 322 183 335 207
3 316 200 336 235
3 332 197 343 220
3 333 203 360 233
3 358 202 378 237
3 374 192 392 225
3 368 219 389 258
3 383 215 401 247
3 389 224 419 258
3 410 198 429 234
3 395 206 423 234
3 386 185 406 212
3 424 195 438 218
3 424 229 448 273
3 428 210 446 228
3 438 217 456 253
3 446 235 464 268
3 450 256 479 298
3 459 276 488 320
3 482 280 508 318
3 454 210 473 234
3 462 218 482 256
3 479 255 503 283
3 474 228 501 266
3 484 218 501 254
3 472 201 496 226
3 498 206 517 241
3 509 211 529 238
3 517 228 530 246
3 522 264 560 332
3 537 241 556 264
3 539 251 565 301
3 565 254 591 289
3 585 255 607 319
3 587 274 628 343
3 597 241 625 280
3 561 220 585 257
3 541 221 567 254
3 618 268 653 309
3 640 291 674 366
3 647 332 706 439
3 668 270 699 329
3 695 264 720 303
3 655 248 679 287
3 646 240 665 260
3 674 236 689 268
3 759 282 778 305
3 764 264 781 286
3 773 285 798 325
3 676 200 698 231
3 773 224 796 246
3 751 203 767 226
3 775 246 799 282
3 733 243 750 272
3 762 243 781 275
3 704 233 720 264
3 620 253 644 296
4 30 187 43 200
4 56 174 67 185
4 35 172 48 187
5 0 122 310 162
5 302 160 664 249
