255
1 0 336 26 453
1 5 332 53 452
1 30 335 76 450
1 52 332 101 455
1 85 331 136 456
1 118 335 167 456
1 143 332 193 455
1 173 326 225 453
1 201 333 251 456
1 227 335 277 459
1 255 335 304 457
1 285 339 330 452
1 305 342 351 456
1 332 337 381 456
1 441 337 490 456
1 418 332 468 456
1 474 334 521 452
1 502 330 551 453
1 527 332 578 456
1 559 335 605 451
1 587 332 635 452
1 611 332 658 446
1 643 328 692 450
1 678 334 724 448
1 706 330 750 449
3 344 370 476 498
3 703 213 716 239
3 728 221 738 246
3 694 222 707 243
3 409 338 436 372
3 379 335 411 369
3 361 315 380 335
3 375 312 388 334
3 368 299 385 319
3 395 318 409 334
3 407 322 423 335
3 423 310 439 330
3 439 312 457 338
3 426 301 441 315
3 416 300 429 316
3 410 286 423 302
3 395 283 409 298
3 399 302 412 321
3 388 298 398 315
3 379 287 395 302
3 375 270 394 291
3 364 250 383 270
3 395 266 409 283
3 418 273 434 291
3 416 260 425 277
3 406 257 418 273
3 395 255 406 267
3 385 255 396 269
3 350 285 368 305
3 344 267 363 280
3 340 255 356 268
3 352 255 362 269
3 318 252 339 267
3 310 263 326 277
3 312 272 330 289
3 337 310 357 332
3 330 295 350 321
3 322 291 337 314
3 309 289 326 306
3 302 318 326 339
3 300 304 319 323
3 292 290 309 312
3 282 284 301 306
3 275 270 291 293
3 289 262 307 284
3 289 253 305 271
3 269 236 289 252
3 271 224 282 239
3 255 220 268 233
3 261 266 275 282
3 259 285 279 301
3 261 294 280 314
3 275 311 287 325
3 278 319 290 337
3 237 317 255 332
3 244 300 255 318
3 211 320 226 333
3 217 308 231 325
3 204 295 217 314
3 220 289 236 308
3 222 280 235 293
3 211 272 224 291
3 203 263 215 279
3 199 253 211 265
3 214 253 225 272
3 228 260 237 275
3 246 251 251 271
3 259 250 270 263
3 254 242 265 250
3 237 246 244 264
3 224 239 234 253
3 240 226 251 249
3 220 220 237 240
3 204 219 220 237
3 212 238 220 249
3 197 232 209 249
3 197 246 210 257
3 185 240 198 253
3 181 222 191 235
3 191 224 203 234
3 175 229 185 243
3 192 285 203 306
3 192 273 206 291
3 188 268 201 283
3 175 266 191 284
3 175 255 190 270
3 172 246 183 260
3 162 244 175 256
3 179 298 194 318
3 170 314 185 333
3 158 300 170 318
3 146 312 159 329
3 125 323 139 335
3 120 308 134 323
3 130 302 141 323
3 145 287 156 308
3 168 291 181 307
3 167 274 176 293
3 155 274 168 291
3 136 281 148 294
3 139 273 151 286
3 130 267 141 279
3 121 285 136 301
3 110 277 121 293
3 99 271 110 288
3 95 322 109 335
3 96 304 115 322
3 99 296 113 311
3 91 282 105 300
3 79 291 93 311
3 70 314 80 330
3 54 326 67 341
3 38 310 49 331
3 19 318 34 332
3 3 313 20 334
3 50 294 65 311
3 22 298 38 314
3 10 284 24 301
3 0 292 7 309
3 42 282 55 302
3 35 277 45 296
3 12 271 24 282
3 10 256 20 270
3 20 257 27 270
3 22 239 32 254
3 0 223 12 267
3 31 259 42 276
3 69 287 79 299
3 64 278 76 291
3 56 266 67 283
3 51 256 62 271
3 42 242 54 258
3 37 253 48 270
3 59 232 76 243
3 81 263 93 280
3 119 232 135 251
3 120 219 135 235
3 136 225 144 240
3 146 230 159 240
3 147 259 159 270
3 148 246 159 257
3 122 255 138 266
3 100 256 111 270
3 104 248 115 262
3 103 239 113 248
3 93 231 104 246
3 94 217 107 232
3 73 235 84 253
3 158 225 170 243
3 469 324 488 343
3 467 309 484 325
3 454 303 470 322
3 457 287 473 304
3 471 280 482 296
3 453 267 468 282
3 437 256 450 268
3 426 256 436 266
3 432 267 443 282
3 503 313 520 332
3 485 298 503 318
3 484 285 496 301
3 495 280 506 298
3 502 286 515 305
3 518 294 528 313
3 530 313 543 332
3 538 297 556 319
3 531 281 550 296
3 523 271 537 287
3 505 256 519 273
3 493 253 505 266
3 478 260 494 278
3 475 252 491 261
3 465 256 475 270
3 450 250 469 260
3 450 256 462 265
3 494 233 510 250
3 515 248 533 270
3 536 261 553 274
3 550 249 564 266
3 550 274 569 288
3 557 315 571 334
3 573 311 584 325
3 588 319 601 335
3 574 301 585 310
3 559 294 572 308
3 450 285 455 298
3 443 285 450 298
3 578 294 594 304
3 575 276 589 289
3 568 260 584 274
3 582 256 593 272
3 598 287 613 301
3 602 305 616 325
3 618 309 635 326
3 640 304 656 327
3 630 295 643 312
3 613 279 626 298
3 625 277 637 293
3 604 259 618 278
3 608 249 619 264
3 625 256 646 280
3 648 258 660 274
3 663 247 672 263
3 675 246 689 260
3 643 283 654 297
3 653 299 665 316
3 666 317 680 328
3 672 305 686 321
3 668 289 680 306
3 657 277 671 297
3 665 267 679 284
3 686 283 699 298
3 694 305 711 316
3 696 318 714 333
3 708 295 725 317
3 728 313 741 330
3 700 273 712 286
3 694 262 710 270
3 700 253 713 268
3 690 250 701 264
3 717 253 728 269
3 727 269 739 284
3 731 256 742 272
3 742 244 748 260
3 731 289 747 299
3 736 301 747 312
3 741 309 749 326
4 14 43 47 94
4 44 36 92 111
5 72 241 89 268
