57
1 1 148 87 358
1 110 125 179 296
1 77 91 136 238
1 214 138 293 332
1 178 97 242 255
1 156 73 213 212
1 141 56 188 172
1 279 120 345 280
1 246 85 301 223
1 397 128 470 307
1 345 100 404 244
1 453 104 519 265
1 376 82 429 215
1 329 69 376 185
1 473 90 530 231
1 495 76 548 208
1 524 72 571 188
1 581 36 600 107
1 433 64 471 156
1 452 52 486 134
1 52 34 72 83
3 17 104 48 138
3 25 82 52 104
3 35 63 54 81
3 102 66 133 95
3 220 59 248 89
3 259 61 280 81
3 298 72 329 97
3 369 55 390 75
3 415 68 452 94
3 538 57 561 71
3 565 68 587 97
3 539 33 564 55
3 518 36 537 57
3 483 40 517 66
3 37 31 52 54
3 217 30 231 49
3 229 29 244 47
4 74 341 248 399
4 74 265 123 293
4 159 287 228 323
4 0 316 26 345
4 0 246 14 268
4 172 234 192 256
4 277 258 293 279
4 277 218 300 235
4 334 197 369 212
4 343 224 360 241
4 384 232 421 260
4 333 267 417 302
4 277 314 591 387
4 499 256 598 295
4 513 226 598 254
4 534 198 599 224
4 560 183 596 195
4 566 164 599 176
5 425 30 478 52
