209
1 679 295 700 380
1 669 280 700 359
1 654 267 684 342
1 641 259 669 330
1 632 249 659 316
1 623 238 650 303
1 611 224 638 289
1 604 218 628 280
1 594 211 616 267
1 586 202 606 253
1 577 194 597 244
1 569 190 588 238
1 563 184 582 230
1 560 179 577 220
1 651 130 661 154
1 673 129 683 157
1 642 126 651 150
1 601 128 610 149
1 587 307 623 397
1 581 299 611 376
1 573 283 604 361
1 566 272 597 347
1 559 256 588 329
1 552 247 581 318
1 549 238 576 304
1 544 231 569 293
1 540 223 562 278
1 534 213 556 267
1 530 204 549 254
1 527 197 545 242
1 520 192 538 235
1 485 306 521 394
1 480 297 510 374
1 462 170 474 203
1 383 297 421 390
1 293 302 324 380
1 305 287 336 363
1 315 280 343 349
1 321 271 349 341
1 331 258 358 325
1 339 249 366 315
1 345 236 370 299
1 353 230 376 288
1 357 222 380 279
1 361 216 383 269
1 366 210 385 259
1 371 205 389 252
1 202 297 235 378
1 217 284 248 363
1 231 271 261 344
1 243 261 272 332
1 252 249 280 320
1 260 241 286 306
1 271 231 295 292
1 282 223 305 282
1 289 218 310 273
1 317 201 334 246
1 310 198 330 247
1 323 192 340 237
1 328 190 344 232
1 119 289 153 373
1 140 290 167 355
1 154 275 182 344
1 172 268 198 332
1 189 256 213 316
1 46 286 80 370
1 70 284 98 356
1 92 270 120 338
1 1 287 27 350
1 0 155 7 174
1 26 153 35 174
1 20 151 28 173
1 14 153 22 173
1 647 201 668 252
3 377 407 422 463
3 504 444 535 463
3 692 214 700 235
3 680 211 692 231
3 669 204 678 222
3 642 189 650 206
3 633 184 640 196
3 624 178 632 190
3 617 175 623 188
3 610 169 618 183
3 604 167 609 180
3 595 161 602 178
3 587 161 595 173
3 491 282 509 295
3 488 271 503 287
3 489 260 500 271
3 483 252 498 261
3 483 242 494 252
3 483 236 498 244
3 482 227 494 236
3 397 275 413 292
3 402 266 416 278
3 406 255 418 270
3 408 242 420 258
3 411 234 421 247
3 416 226 425 236
3 417 219 426 230
3 419 213 427 223
3 418 206 428 217
3 421 200 429 211
3 205 238 221 262
3 217 234 228 251
3 228 226 240 242
3 236 220 248 234
3 247 212 259 225
3 257 206 269 217
3 267 202 278 215
3 274 196 284 209
3 280 191 290 204
3 286 188 295 199
3 295 183 302 194
3 304 178 310 190
3 310 174 316 183
3 318 171 323 179
3 322 168 326 177
3 326 163 331 173
3 329 162 335 171
3 115 255 128 270
3 128 254 141 268
3 150 242 162 254
3 161 231 176 249
3 176 226 190 235
3 190 217 202 234
3 202 211 212 228
3 210 205 218 221
3 219 202 228 216
3 227 197 235 211
3 239 190 247 206
3 248 185 254 199
3 255 182 264 194
3 264 175 274 188
3 272 173 279 184
3 278 168 286 183
3 286 166 292 177
3 21 266 38 291
3 44 257 56 275
3 66 249 82 263
3 85 242 98 252
3 104 233 116 246
3 121 226 134 240
3 135 220 145 232
3 146 213 158 225
3 158 208 170 219
3 171 204 180 215
3 181 199 192 209
3 194 194 204 202
3 205 188 217 197
3 217 182 227 192
3 1 256 14 271
3 24 250 36 263
3 46 241 57 253
3 67 235 82 246
3 84 226 95 237
3 99 219 111 231
3 113 215 123 230
3 127 211 136 221
3 2 238 10 253
3 12 234 26 247
3 32 227 43 237
3 46 223 54 234
3 26 218 35 229
3 40 211 52 223
3 4 223 14 235
3 60 217 72 228
3 54 205 66 216
3 78 209 89 221
3 90 207 100 216
3 102 203 112 211
3 69 202 76 212
3 78 197 86 206
3 88 195 96 204
3 96 191 101 202
3 105 192 114 199
3 114 199 123 206
3 123 194 131 202
3 131 192 138 200
3 114 188 121 198
3 122 185 129 191
3 130 182 136 192
3 138 178 144 187
3 138 190 147 198
3 149 185 157 193
3 156 181 162 190
3 104 158 111 166
3 114 156 121 166
3 217 147 228 156
4 116 348 176 444
4 211 383 278 461
5 2 89 109 130
5 114 85 204 116
5 204 80 345 113
5 350 66 511 98
5 516 74 644 97
5 643 68 697 95
5 502 130 591 176
5 454 137 529 190
5 464 178 495 223
5 376 135 438 200
5 338 146 371 181
5 293 142 335 173
5 230 147 292 185
5 132 152 230 177
5 168 178 192 192
5 7 164 97 216
5 97 162 128 185
