34
1 390 214 438 333
1 354 222 393 320
1 306 236 362 373
1 313 221 372 364
1 281 216 334 346
1 240 223 289 343
1 162 214 227 374
1 274 211 296 264
1 252 219 286 301
3 36 229 83 287
3 152 213 167 234
3 130 215 139 229
3 123 214 130 225
3 117 206 126 217
3 79 212 85 225
3 84 208 93 224
3 262 202 270 214
3 252 207 262 215
3 235 212 246 227
3 223 212 233 224
3 201 215 223 233
3 186 206 194 219
3 241 210 251 220
3 431 269 498 371
3 474 210 494 224
3 434 209 451 229
3 433 205 440 215
3 484 204 496 222
3 388 210 402 236
3 360 206 368 217
3 361 221 370 234
3 328 206 336 216
3 316 210 324 219
3 293 205 299 216
