31
1 645 274 815 688
1 597 294 721 600
1 377 272 529 645
1 213 299 322 567
1 342 283 415 462
1 163 297 225 449
1 112 299 152 400
1 57 312 151 542
1 501 304 556 440
1 904 308 991 523
3 2 304 28 332
3 19 306 38 331
3 38 299 61 349
3 61 283 100 344
3 1 356 146 630
3 212 305 228 440
3 341 368 359 419
3 411 298 423 469
3 504 307 529 439
3 491 305 506 441
3 555 303 574 450
3 585 300 603 452
3 613 308 635 459
3 953 242 994 674
4 1 648 167 727
4 67 484 145 531
4 180 462 311 567
4 315 467 725 660
4 317 423 387 467
4 756 544 995 652
4 751 478 963 539
