35
1 92 102 121 173
1 103 94 123 143
1 135 100 161 167
1 157 105 185 173
1 193 98 224 174
1 178 104 203 166
1 205 101 230 165
1 217 106 240 162
1 74 80 86 113
1 63 80 73 108
1 59 76 65 94
1 33 82 44 110
1 21 82 30 107
1 135 74 144 99
1 122 71 130 91
2 408 107 437 178
2 357 108 386 181
2 346 123 368 179
2 321 104 346 164
2 533 109 550 168
2 244 107 271 176
2 14 110 39 171
2 182 91 193 120
3 446 266 501 321
3 421 126 456 208
3 32 107 43 142
3 241 94 255 119
3 388 96 406 112
3 408 90 423 109
3 376 104 393 136
3 358 97 372 120
3 447 103 464 138
3 521 85 535 109
3 535 82 547 106
5 91 63 126 95
