50
1 89 225 108 275
1 122 218 134 250
1 135 216 149 252
1 145 218 157 249
1 175 226 184 247
1 164 216 176 247
1 186 215 196 240
1 180 215 192 245
1 203 215 212 240
1 208 212 219 241
1 228 209 242 243
1 238 218 247 243
1 245 214 256 243
1 241 215 252 241
1 256 212 269 243
1 275 214 285 239
1 288 214 296 234
1 285 208 328 313
1 318 213 330 242
1 312 214 323 240
1 343 215 356 246
1 328 217 332 230
1 353 214 365 243
1 375 215 386 242
1 383 217 392 242
1 395 214 405 242
1 554 209 600 351
1 522 214 530 235
1 533 214 541 233
1 487 213 498 242
1 480 216 489 238
1 472 212 482 239
1 467 212 477 239
1 453 214 464 242
1 444 211 456 240
1 435 216 446 243
1 419 211 430 241
1 429 219 436 236
1 413 216 421 236
1 404 211 414 239
1 42 213 50 233
1 31 214 39 235
1 221 215 227 232
2 35 222 75 319
3 7 215 35 246
3 66 212 86 234
3 87 216 97 230
3 53 211 62 221
3 495 210 502 218
5 98 210 132 223
