86
1 585 216 593 239
1 558 209 566 231
1 548 214 557 239
1 567 236 589 291
1 527 220 540 253
1 516 214 526 239
1 499 235 518 285
1 442 233 461 280
1 482 213 490 236
1 460 216 468 236
1 428 218 437 242
1 435 214 442 234
1 442 211 450 233
1 338 218 346 237
1 326 215 331 230
1 336 211 344 231
1 321 211 327 229
1 392 232 409 273
1 349 231 365 270
1 307 229 321 266
1 314 258 349 344
1 357 252 389 332
1 377 248 406 318
1 398 242 424 307
1 275 239 294 287
1 246 244 267 296
1 223 247 244 302
1 189 253 213 315
1 231 239 248 281
1 202 239 222 287
1 174 242 195 293
1 143 245 164 297
1 164 240 178 274
1 154 233 167 267
1 184 233 205 284
1 131 237 149 281
1 100 241 118 287
1 111 234 124 266
1 76 239 93 284
1 87 239 101 275
1 67 230 84 273
1 52 237 72 289
1 271 232 284 264
1 241 228 253 257
1 216 228 228 261
1 94 222 104 246
1 53 219 62 240
1 44 219 53 240
1 37 218 46 239
1 31 217 39 239
1 25 215 34 236
1 22 219 28 234
1 17 216 23 233
1 0 211 6 234
1 206 209 213 228
1 219 211 224 225
1 299 214 307 233
3 17 286 45 330
3 5 285 18 299
3 0 239 14 281
3 189 223 201 233
3 169 222 178 234
3 144 220 156 230
3 125 221 138 232
3 108 220 120 231
3 80 219 91 230
3 67 218 76 228
3 406 211 412 222
3 386 213 394 222
3 365 214 375 225
4 203 319 250 352
4 232 307 284 337
4 256 297 307 322
4 286 289 323 306
4 213 290 244 302
4 142 301 187 331
4 105 291 129 315
4 80 288 100 309
4 57 288 70 301
4 114 273 129 283
4 329 347 459 397
4 364 332 490 375
4 397 320 496 348
4 418 310 514 333
5 20 201 141 213
5 231 195 596 215
