44
1 192 101 329 438
1 130 85 246 368
1 173 114 266 340
1 310 133 430 428
1 375 127 491 412
1 453 129 565 403
1 498 128 603 384
1 577 126 680 380
1 425 130 510 337
1 261 112 360 356
3 3 366 103 457
3 134 151 173 454
3 155 34 198 82
3 217 77 243 107
3 280 79 306 102
3 518 101 544 135
3 522 131 545 160
3 481 88 516 125
3 443 72 477 113
3 486 47 512 91
3 526 72 553 110
3 583 103 611 145
3 654 126 668 176
3 673 96 688 180
3 663 206 689 374
3 383 96 408 122
3 359 81 378 112
3 390 48 405 93
3 631 53 644 92
3 405 87 423 114
3 329 98 343 122
3 311 100 329 120
3 269 46 285 96
4 307 426 685 445
4 472 410 688 425
4 467 392 689 407
4 555 377 686 388
4 396 372 511 383
4 409 349 660 361
4 553 338 672 343
4 155 394 431 407
4 175 375 334 380
4 193 353 360 362
4 287 332 364 346
