34
1 52 180 120 347
1 109 184 175 347
1 158 184 223 343
1 204 188 267 343
1 232 210 313 411
1 258 191 320 343
1 303 191 363 341
1 352 186 414 337
1 401 192 460 336
1 447 194 505 337
1 430 173 490 322
1 386 181 444 324
1 340 179 399 326
1 291 175 354 328
1 196 177 256 327
3 73 140 103 167
3 123 146 150 172
3 123 167 154 185
3 84 168 102 188
3 171 174 193 198
3 172 157 191 171
3 164 141 187 169
3 221 151 238 176
3 208 148 224 170
3 266 175 286 198
3 252 144 278 167
3 262 157 278 177
3 309 161 322 183
3 296 151 314 175
3 352 171 372 192
3 338 152 366 171
3 400 172 415 202
3 388 163 409 190
4 76 377 270 413
