53
1 0 205 39 308
1 108 225 137 299
1 195 224 227 302
1 202 241 235 324
1 218 242 251 326
1 234 241 268 327
1 249 242 284 327
1 282 244 314 325
1 306 249 338 329
1 328 246 362 328
1 350 245 384 330
1 363 246 399 335
1 384 248 419 336
1 401 248 436 333
1 423 249 457 335
1 531 258 562 334
1 512 250 546 333
1 552 253 583 329
1 568 249 600 327
1 589 248 621 326
1 613 249 642 322
1 635 245 677 347
1 758 239 797 334
1 780 232 824 343
1 896 229 935 326
1 884 230 920 321
1 937 251 965 319
1 962 230 999 324
1 1003 248 1024 301
3 123 222 139 274
3 270 264 298 331
3 1 339 61 370
3 7 327 123 360
3 31 303 147 351
3 333 405 432 440
3 171 396 353 428
3 182 376 316 410
3 276 364 398 402
3 347 340 431 397
3 464 250 537 406
3 459 353 544 389
3 468 390 579 456
3 561 334 666 393
3 607 383 780 423
3 644 322 767 391
3 689 376 850 420
5 30 251 115 290
5 143 243 207 296
5 217 219 333 245
5 334 221 532 255
5 535 235 673 261
5 714 239 773 319
5 831 240 890 312
