34
1 0 210 55 350
1 34 208 91 347
1 83 225 134 349
1 117 208 174 349
1 0 255 21 348
1 165 223 217 349
1 191 211 228 305
1 194 205 249 343
1 246 212 302 349
1 226 210 279 339
1 263 203 317 334
1 295 208 347 337
1 370 217 424 348
1 423 218 476 349
1 459 203 519 349
1 491 213 529 348
3 118 177 162 240
3 33 204 55 235
3 322 232 375 350
3 329 244 363 350
3 392 200 431 267
3 328 205 357 237
3 446 167 491 209
3 403 161 440 240
3 291 195 334 238
3 217 196 250 228
4 166 161 189 208
4 191 165 219 210
4 221 160 253 211
4 245 163 272 212
4 264 165 296 208
5 157 201 221 236
5 338 193 415 229
5 485 179 528 208
