31
1 403 459 439 549
1 8 457 50 562
1 98 461 111 496
1 84 462 96 491
1 75 457 91 496
1 63 457 78 494
1 52 462 64 491
1 148 460 160 490
1 230 457 268 550
1 252 460 288 547
1 418 458 452 544
1 549 460 567 504
1 523 458 541 503
1 871 473 913 575
1 907 476 944 569
1 937 468 978 568
1 959 457 1007 576
4 190 396 213 438
4 261 295 292 369
4 302 292 332 366
4 341 303 364 367
4 377 279 405 360
4 420 275 447 357
4 305 397 337 410
4 351 398 393 434
5 162 457 221 497
5 291 458 355 480
5 442 456 524 484
5 585 457 602 486
5 705 458 799 479
5 826 454 914 494
