31
1 141 77 278 413
1 14 84 159 439
1 0 108 74 470
1 0 8 35 172
1 31 0 91 148
1 75 0 136 151
1 266 180 418 552
1 405 137 563 525
1 523 132 665 481
1 631 116 769 454
1 756 109 891 439
1 124 0 173 119
1 192 1 257 163
1 245 0 310 160
1 348 38 448 283
1 389 18 486 254
1 518 33 619 281
1 612 61 717 317
1 682 0 776 231
1 709 1 809 244
1 800 0 895 231
1 742 0 831 217
1 452 0 514 155
1 327 1 402 186
1 491 0 584 226
3 175 1 213 80
3 381 0 426 88
3 421 0 468 65
3 608 38 656 135
3 672 38 729 188
3 599 0 667 80
