98
1 25 492 51 559
1 49 496 76 565
1 62 495 86 556
1 89 507 114 570
1 104 498 129 560
1 139 517 164 577
1 208 525 235 592
1 256 527 282 592
1 291 529 316 592
1 312 523 340 591
1 342 522 370 592
1 383 523 410 591
1 417 523 445 593
1 452 520 481 593
1 479 525 505 590
1 537 521 565 592
1 572 522 599 591
1 605 524 632 590
1 644 521 672 591
1 682 521 709 589
1 715 520 742 588
1 752 520 779 588
1 793 519 822 589
1 844 511 871 578
1 867 502 895 571
1 901 497 929 565
1 944 494 969 555
1 156 496 183 564
1 168 479 198 555
1 175 473 204 547
1 111 489 136 549
1 118 481 145 549
1 129 475 156 541
1 137 242 156 288
1 149 220 166 262
1 104 218 120 259
1 51 212 67 254
1 232 210 248 252
1 244 214 261 257
1 262 215 279 258
1 273 204 288 241
1 314 189 330 231
1 382 189 398 228
1 395 191 410 228
1 422 193 436 230
1 489 203 505 244
1 558 215 571 249
1 573 216 589 255
1 646 216 662 255
1 672 210 689 252
1 740 203 756 244
1 831 239 849 282
1 922 195 937 234
1 572 269 593 320
1 590 265 611 317
1 605 265 625 315
1 616 262 636 313
1 628 265 648 316
1 552 262 571 312
1 539 262 558 312
1 524 261 543 310
1 514 263 534 312
1 499 263 519 311
1 489 262 509 311
1 476 262 494 309
1 463 259 483 311
1 445 258 466 312
1 419 258 440 310
1 395 256 416 310
1 371 261 391 313
1 338 257 360 314
1 327 261 348 314
1 319 261 339 313
1 309 264 328 313
1 298 264 317 314
1 289 263 310 314
1 284 271 301 316
1 276 271 295 318
1 261 271 281 320
1 245 276 262 318
1 499 30 510 59
1 508 33 521 65
1 812 36 827 75
5 27 383 513 483
5 224 479 513 536
5 515 362 976 516
5 88 259 246 318
5 245 246 446 264
5 454 246 643 261
5 647 264 775 320
5 12 187 223 207
5 255 189 346 207
5 384 175 600 213
5 844 37 980 161
5 529 48 806 160
5 209 36 493 159
5 0 29 187 164
5 185 33 208 73
