55
1 0 113 19 169
1 63 134 110 249
1 108 130 142 215
1 65 129 92 197
1 294 129 318 190
1 308 132 331 190
1 326 132 350 190
1 350 130 376 193
1 332 129 358 192
1 274 129 297 187
1 252 123 274 178
1 204 120 224 170
1 195 119 215 169
1 187 121 206 168
1 178 120 197 169
1 167 119 189 172
1 161 118 181 170
1 151 126 169 173
1 136 124 156 173
1 103 125 122 172
1 58 127 77 175
1 44 123 64 173
1 36 125 54 171
1 25 118 47 171
1 19 126 36 171
1 10 121 30 172
1 401 135 423 191
1 413 129 432 178
1 434 133 458 192
1 478 134 501 193
1 505 133 527 186
1 527 138 549 195
1 548 138 567 185
1 563 133 583 184
1 573 139 595 194
1 586 140 600 188
1 463 124 484 178
3 192 128 263 214
3 45 116 66 129
3 66 117 77 137
3 90 119 104 138
3 189 334 267 400
3 275 231 369 396
3 374 245 487 397
3 281 117 295 187
3 293 124 307 142
3 301 119 311 128
3 307 121 328 142
3 324 124 339 192
3 391 125 405 163
3 376 118 391 152
3 363 116 381 156
5 69 108 179 120
5 219 110 244 128
5 399 115 495 140
