30
1 535 210 570 297
1 461 210 508 324
1 416 210 444 280
1 437 220 461 281
1 401 210 426 274
1 369 201 396 269
1 239 218 277 310
1 224 228 262 322
1 201 222 243 324
1 185 222 226 323
1 335 222 375 320
1 143 230 181 323
1 87 239 122 324
1 100 220 138 312
1 167 218 201 303
1 0 214 31 293
1 20 214 53 296
1 80 210 109 284
1 391 200 412 254
3 2 226 93 325
3 278 252 371 324
3 0 204 10 230
3 102 208 118 250
3 142 212 164 272
3 273 211 291 250
3 282 210 310 247
3 323 211 347 260
3 514 206 534 250
5 440 197 483 226
5 124 199 399 218
