40
1 0 181 17 243
1 39 175 59 226
1 162 204 214 332
1 189 194 239 315
1 210 193 240 269
1 227 179 251 241
1 254 183 269 223
1 243 181 259 223
1 270 161 283 195
1 287 196 343 334
1 337 193 394 334
1 390 210 440 335
1 450 200 501 326
1 536 212 578 317
1 570 202 600 307
1 523 191 568 303
1 494 226 521 293
1 432 192 461 266
1 501 166 523 221
1 516 169 532 209
1 314 192 361 309
1 381 178 410 252
1 279 173 296 218
1 364 184 386 240
3 56 218 86 264
3 93 202 126 251
3 137 191 160 233
3 177 179 194 204
3 190 182 200 198
3 204 176 219 189
3 241 169 256 188
3 567 176 594 213
3 511 274 550 320
3 294 194 306 223
3 475 164 488 190
3 336 174 349 197
5 293 169 344 202
5 347 165 395 207
5 401 164 450 202
5 448 167 497 202
