65
1 4 242 28 300
1 30 239 52 296
1 41 231 62 285
1 61 238 88 305
1 84 236 105 289
1 99 235 122 294
1 106 234 126 286
1 128 246 150 300
1 141 252 158 294
1 150 249 169 297
1 164 254 181 297
1 212 240 239 306
1 254 228 284 301
1 263 218 295 296
1 278 224 307 296
1 301 225 331 300
1 322 234 355 314
1 334 228 361 295
1 195 240 218 297
1 17 238 35 281
1 25 240 42 281
1 0 240 13 283
1 353 234 383 309
1 372 241 399 309
1 391 237 420 308
1 405 236 430 299
1 416 229 447 304
1 425 238 454 308
1 437 231 467 304
1 455 236 481 302
1 467 225 509 330
1 495 234 532 324
1 505 215 546 318
1 530 219 568 311
1 550 222 590 321
1 569 218 610 318
1 587 224 622 313
1 602 214 649 328
1 626 218 668 320
1 640 222 679 317
1 654 219 693 314
1 670 225 701 303
1 675 224 727 350
1 701 207 755 342
1 749 244 784 330
1 765 235 803 328
1 784 232 825 335
1 802 230 840 324
1 821 228 852 328
3 125 223 141 243
3 140 226 151 242
3 210 225 224 237
3 529 222 546 234
3 368 220 383 232
3 385 215 397 233
3 398 222 407 234
3 407 219 418 234
3 792 210 805 227
3 748 223 760 247
3 759 215 773 238
3 830 211 848 228
3 827 201 848 217
5 3 228 278 307
5 277 210 553 334
5 553 204 851 345
