48
1 0 185 51 353
1 62 202 94 281
1 110 196 150 293
1 139 191 163 251
1 151 194 183 275
1 168 190 191 246
1 187 195 215 264
1 181 189 203 245
1 210 195 249 293
1 239 199 272 282
1 264 195 293 269
1 280 190 307 257
1 257 186 279 240
1 295 190 318 247
1 302 187 326 245
1 311 188 330 238
1 317 185 336 235
1 321 186 341 234
1 330 197 373 301
1 346 195 381 283
1 357 193 388 271
1 366 192 394 261
1 434 195 503 366
1 420 186 433 218
1 433 182 454 237
1 496 186 517 238
1 506 186 527 240
1 514 187 540 250
1 525 188 551 254
1 532 188 562 261
1 552 193 582 270
1 574 194 600 287
1 93 185 107 220
1 105 186 116 215
1 110 182 124 216
1 127 180 141 214
1 138 182 148 210
3 232 185 246 201
3 246 182 266 198
3 264 179 287 196
3 203 178 213 202
3 214 180 224 199
3 214 192 227 208
3 59 192 75 214
3 48 196 62 209
3 154 179 167 194
3 181 178 191 193
5 1 183 71 224
