36
1 0 152 43 259
1 41 160 74 244
1 68 161 96 231
1 89 161 116 229
1 76 172 96 223
1 96 171 123 237
1 124 174 148 233
1 149 174 174 237
1 177 175 198 229
1 163 173 186 231
1 190 174 212 228
1 203 165 231 234
1 218 163 247 236
1 243 168 270 233
1 269 167 296 233
1 311 174 334 231
1 328 170 353 230
1 347 167 373 230
1 363 170 387 232
1 379 173 400 224
1 342 172 362 222
1 356 174 377 225
1 257 171 279 224
1 279 175 301 228
1 287 172 311 230
1 297 172 321 232
1 232 170 254 225
1 443 164 474 239
1 432 163 461 237
1 425 158 455 234
1 418 165 446 233
3 126 159 142 172
3 395 182 424 236
3 30 159 39 177
3 39 156 59 175
3 66 152 81 178
