36
1 397 127 447 250
1 365 125 407 227
1 553 118 613 264
1 595 106 634 220
1 535 92 577 197
1 501 82 543 184
1 496 63 537 163
1 113 149 174 298
1 85 105 120 192
1 136 86 188 213
1 176 70 225 189
1 147 75 187 175
1 188 60 236 178
1 200 52 247 168
1 214 54 254 154
1 226 56 263 150
1 240 54 274 139
1 269 54 301 133
1 77 2 82 15
1 273 39 307 125
1 295 53 330 138
1 312 39 348 130
1 331 58 363 137
1 359 55 394 142
1 392 65 423 144
1 421 64 452 141
1 438 51 472 133
1 449 68 489 167
1 453 67 487 153
3 591 64 618 101
3 570 81 587 103
3 622 85 632 111
3 525 50 541 77
3 59 66 109 122
3 90 59 130 92
3 136 43 160 88
