33
1 0 36 84 306
1 27 27 176 391
1 118 48 201 253
1 135 47 233 288
1 160 48 278 335
1 225 62 307 263
1 259 55 358 299
1 322 86 397 268
1 347 76 401 211
1 369 80 437 249
1 417 88 477 234
1 401 77 456 214
1 450 97 498 217
1 470 95 516 209
1 493 103 532 201
1 504 109 540 196
1 518 113 550 195
3 51 49 69 90
3 112 72 126 98
3 128 83 137 109
3 137 70 158 96
3 29 69 50 92
3 229 74 245 106
3 241 76 261 103
3 535 96 543 108
3 539 86 548 105
3 519 97 532 109
3 506 89 520 113
3 456 97 465 122
3 462 88 475 109
3 411 89 428 106
3 377 90 394 109
3 329 81 349 116
