32
1 20 218 98 408
1 62 226 129 390
1 27 125 75 242
1 94 145 147 274
1 118 123 171 254
1 153 136 287 466
1 411 120 552 467
1 291 86 444 460
1 528 200 619 424
1 621 214 670 345
1 593 235 659 396
1 155 62 205 184
1 95 18 137 120
1 71 122 121 244
1 0 48 25 145
1 19 25 64 136
3 312 181 401 434
3 619 178 652 224
3 605 142 634 169
3 582 147 618 174
3 552 146 589 183
3 526 124 552 182
3 474 69 503 130
3 416 90 444 173
3 304 71 338 109
3 199 109 221 181
3 230 60 263 126
3 133 92 161 142
3 56 16 91 53
3 64 51 94 79
3 54 75 85 90
3 65 91 91 148
