30
1 428 91 500 275
1 236 118 301 276
1 318 111 360 217
1 291 110 321 184
1 399 108 439 209
1 341 111 376 197
1 232 112 266 194
1 226 120 247 172
1 169 109 223 240
1 150 115 178 183
1 112 120 153 221
1 96 111 134 207
1 79 121 109 198
1 62 120 86 180
1 34 96 38 108
1 52 92 56 103
1 44 97 48 107
1 101 100 106 112
1 31 120 48 163
1 19 120 35 160
1 50 124 72 179
1 44 127 61 172
1 304 112 327 168
3 427 95 456 143
3 392 112 407 126
3 381 108 396 124
3 11 139 27 165
3 0 119 12 139
5 5 103 210 167
5 215 103 427 177
