111
1 27 140 71 248
1 241 126 291 247
3 84 4 105 19
3 64 3 83 15
3 43 3 63 15
3 23 1 38 12
3 16 4 30 18
3 7 1 21 14
3 1 17 14 29
3 21 17 33 30
3 40 17 59 27
3 63 15 75 28
3 83 21 101 38
3 83 36 103 46
3 80 46 107 67
3 71 64 94 79
3 60 33 78 48
3 37 34 53 46
3 11 24 30 43
3 18 47 33 59
3 36 48 49 61
3 58 48 75 59
3 55 61 73 74
3 14 63 32 75
3 28 80 50 100
3 52 77 69 95
3 77 79 102 100
3 70 91 95 113
3 75 114 98 133
3 53 95 67 110
3 31 99 42 115
3 2 114 21 135
3 14 142 33 163
3 8 170 26 192
3 64 143 84 159
3 61 157 79 173
3 149 217 166 231
3 148 204 164 219
3 174 216 196 240
3 200 218 217 244
3 234 217 253 243
3 180 194 205 213
3 200 194 223 211
3 200 180 219 195
3 165 175 187 189
3 175 150 193 166
3 153 147 172 167
3 130 107 157 136
3 198 148 219 168
3 157 3 177 19
3 173 3 187 18
3 152 17 172 34
3 155 29 172 51
3 155 53 176 64
3 160 58 172 72
3 168 63 184 77
3 147 78 167 99
3 215 110 233 131
3 199 85 219 103
3 220 84 244 107
3 202 67 223 84
3 224 65 235 83
3 225 52 242 65
3 202 48 223 64
3 178 49 197 73
3 177 34 196 47
3 179 20 193 33
3 197 10 215 30
3 199 31 216 44
3 220 18 234 35
3 222 5 233 23
3 237 6 253 20
3 238 19 258 35
3 223 34 238 53
3 242 36 260 51
3 261 7 273 23
3 281 5 299 20
3 267 20 280 32
3 283 20 296 32
3 267 34 280 45
3 265 47 284 65
3 271 61 289 80
3 286 51 305 64
3 286 34 301 46
3 304 5 319 23
3 341 4 360 23
3 366 2 378 18
3 386 8 399 20
3 383 24 398 42
3 366 21 384 34
3 344 23 360 40
3 373 36 387 50
3 376 53 391 66
3 383 68 397 89
3 370 85 390 99
3 358 67 374 81
3 352 53 368 65
3 230 148 255 166
3 293 147 304 162
3 294 161 310 171
3 311 146 322 164
3 323 149 335 173
3 310 182 327 201
3 313 203 326 223
3 292 193 312 210
3 287 206 307 217
3 293 220 311 236
3 362 184 378 200
3 342 151 362 170
3 366 144 386 171
3 387 210 399 230
