36
1 36 85 144 352
1 115 89 164 212
1 133 91 186 222
1 148 87 215 254
1 169 93 225 229
1 192 96 261 265
1 241 92 334 318
1 328 93 404 278
1 387 100 470 304
1 490 94 556 257
1 453 95 512 238
1 550 100 627 287
1 621 103 689 269
1 671 105 730 252
1 19 99 75 238
1 11 90 56 200
1 0 97 36 207
1 282 99 344 253
1 310 102 357 216
1 586 101 636 225
1 520 104 569 227
1 730 96 750 144
3 228 84 248 110
3 244 95 257 109
3 377 89 390 109
3 392 95 413 120
3 439 89 457 105
3 434 104 452 114
3 481 95 500 113
3 495 107 510 126
3 705 71 723 96
3 672 73 685 108
3 658 111 675 130
3 656 93 673 106
5 0 29 400 142
5 400 25 745 145
