33
1 0 244 11 283
1 10 242 26 282
1 26 243 41 282
1 52 243 67 283
1 63 240 104 342
1 79 228 127 348
1 118 236 168 361
1 166 244 186 292
1 198 247 215 292
1 186 249 197 279
1 223 239 268 349
1 270 241 317 359
1 317 238 365 355
1 380 236 431 361
1 420 243 463 349
1 498 240 545 358
1 522 246 563 347
1 629 248 670 353
1 617 252 634 297
1 620 255 657 347
1 574 251 591 296
1 591 253 611 301
1 607 250 622 286
1 561 252 571 280
1 485 251 502 295
1 459 253 478 300
1 475 248 490 286
1 370 246 388 291
1 308 246 327 296
1 42 244 55 277
1 209 248 220 275
5 2 229 265 302
5 269 235 668 313
