102
1 0 137 33 273
1 15 118 60 228
1 39 135 101 287
1 76 121 119 229
1 109 135 171 288
1 156 134 209 263
1 176 125 221 238
1 213 139 276 293
1 233 118 280 236
1 255 95 286 173
1 289 149 346 291
1 324 131 368 238
1 378 196 453 379
1 468 137 532 293
1 514 123 562 240
1 553 142 618 302
1 616 142 684 308
1 384 91 414 167
3 384 144 438 193
3 623 151 641 195
3 588 11 613 37
3 617 9 640 28
3 594 27 611 44
3 611 30 630 46
3 565 47 588 67
3 590 44 611 62
3 621 41 642 60
3 655 39 675 62
3 667 62 685 77
3 632 57 658 77
3 595 61 615 80
3 571 66 592 79
3 578 80 595 108
3 605 85 625 113
3 638 81 653 116
3 660 83 682 115
3 470 97 491 128
3 469 61 492 94
3 459 4 488 42
3 431 9 459 39
3 434 36 458 65
3 431 58 455 75
3 425 81 455 98
3 431 93 453 121
3 401 63 417 91
3 397 39 416 64
3 404 27 422 45
3 405 6 431 28
3 377 10 398 32
3 380 28 395 47
3 375 44 392 61
3 370 59 399 76
3 373 77 395 100
3 339 81 361 113
3 345 44 369 68
3 347 24 367 42
3 348 8 367 27
3 329 11 351 28
3 319 25 343 41
3 313 38 334 60
3 305 59 331 87
3 270 78 296 108
3 277 43 294 71
3 289 7 312 43
3 267 9 293 36
3 253 24 275 39
3 249 38 269 50
3 254 48 267 59
3 248 62 268 82
3 237 76 260 103
3 213 82 233 102
3 217 62 230 77
3 222 40 244 57
3 222 24 242 49
3 231 7 249 29
3 209 6 233 27
3 200 22 223 42
3 195 43 209 58
3 184 60 208 81
3 173 78 196 96
3 144 77 166 100
3 156 58 181 80
3 160 41 190 65
3 171 25 191 48
3 175 5 197 27
3 120 2 140 17
3 95 6 111 26
3 70 6 88 19
3 51 18 75 43
3 81 18 103 43
3 112 14 129 39
3 133 18 158 35
3 132 35 153 55
3 122 54 148 78
3 113 77 136 98
3 95 57 118 79
3 101 30 120 53
3 85 77 111 107
3 52 75 83 108
3 17 88 37 116
3 41 37 60 67
3 64 50 83 73
