39
1 13 262 55 368
1 28 259 70 361
1 45 265 87 369
1 61 261 104 367
1 78 258 122 368
1 94 276 134 377
1 114 264 159 377
1 139 274 180 374
1 178 266 220 372
1 154 275 197 379
1 201 268 245 378
1 222 273 264 379
1 245 266 290 376
1 265 271 306 373
1 293 273 333 372
1 314 272 356 375
1 337 269 379 371
1 360 270 401 370
1 383 265 425 367
1 396 269 439 375
1 407 268 447 366
1 421 266 464 372
1 445 265 490 374
1 471 264 515 371
1 499 271 541 375
3 109 247 129 260
3 113 260 126 275
3 143 255 154 276
3 168 252 184 272
3 180 261 191 277
3 207 263 216 284
3 243 254 257 280
3 270 260 285 282
3 304 255 318 270
3 327 257 342 269
3 340 263 353 280
3 448 262 462 282
4 555 126 575 156
4 63 143 82 167
