32
1 100 197 154 330
1 26 249 59 331
1 150 147 211 296
1 172 149 199 217
1 227 111 269 216
1 0 90 25 170
1 27 93 51 155
1 92 91 125 175
1 130 98 160 172
1 147 68 166 116
1 158 62 180 115
1 215 71 236 125
1 205 60 224 106
1 226 83 245 130
1 272 91 298 157
1 112 66 132 118
1 105 69 125 121
1 72 77 95 136
1 55 82 83 150
1 48 72 68 124
1 169 59 189 108
1 80 65 100 115
1 11 90 36 154
1 237 58 257 109
1 250 57 270 107
1 263 58 278 98
1 127 52 143 92
4 10 50 24 74
5 253 23 464 90
5 49 49 177 68
5 27 49 65 79
5 218 27 240 62
