55
1 29 109 86 250
1 76 107 140 263
1 128 105 191 262
1 168 109 230 260
1 212 116 273 265
1 252 117 310 260
1 295 112 355 261
1 344 116 403 262
1 394 159 438 267
1 442 149 488 261
1 1 88 22 139
1 27 85 49 141
1 65 88 84 137
1 81 92 102 145
1 97 83 119 136
1 125 90 142 132
1 204 61 218 99
1 239 65 254 104
1 243 15 266 72
1 3 28 20 69
1 23 27 43 75
1 40 29 57 74
1 50 23 71 76
1 73 26 92 73
1 90 31 106 72
1 146 28 159 63
1 168 26 186 71
1 187 16 203 58
1 203 30 219 70
1 210 12 227 57
1 226 20 238 51
1 273 15 287 53
1 291 19 307 59
1 310 6 328 52
1 325 10 344 58
1 339 3 359 54
1 362 1 382 53
1 380 6 398 50
1 399 1 418 50
1 427 0 446 47
1 466 2 487 55
1 484 0 500 48
3 1 191 19 249
3 16 178 29 207
3 26 191 40 243
3 50 200 63 247
3 65 195 78 239
3 125 186 140 211
3 145 86 164 108
3 148 69 163 104
3 122 49 135 87
3 135 51 153 89
3 6 57 23 88
3 165 63 194 95
3 221 49 236 94
