53
1 0 221 104 596
1 90 198 184 430
1 214 215 352 552
1 319 252 402 458
1 369 261 469 506
1 441 265 559 555
1 567 309 685 598
1 495 248 590 479
1 434 244 513 439
1 300 240 353 371
1 272 238 350 429
1 208 238 269 390
1 189 235 243 370
1 171 235 218 350
1 730 316 800 595
1 529 246 600 423
1 614 235 701 448
1 563 221 621 364
1 698 228 782 435
1 423 230 483 379
1 713 278 800 579
3 138 334 245 520
3 225 421 366 598
3 221 197 240 240
3 242 197 261 230
3 266 201 289 226
3 330 222 348 246
3 395 215 417 248
3 437 190 457 229
3 474 221 493 255
3 491 234 513 275
3 521 223 549 256
3 507 213 520 248
3 529 206 549 231
3 548 210 565 247
3 565 213 580 233
3 574 184 600 220
3 606 213 622 248
3 623 221 643 252
3 630 205 651 234
3 657 211 673 246
3 676 221 694 253
3 691 220 716 251
3 754 220 773 256
3 773 223 793 256
3 697 202 714 226
3 712 185 732 209
3 735 182 750 212
3 754 185 774 209
3 764 202 781 223
3 774 179 791 213
3 731 205 747 224
3 739 208 757 230
