35
1 310 187 365 323
1 345 165 404 311
1 432 187 487 323
1 384 132 442 276
1 72 165 135 318
1 133 190 186 321
1 179 172 241 323
1 212 162 275 316
1 23 148 69 261
1 6 134 52 246
1 49 124 98 245
1 276 114 313 207
1 264 103 299 189
1 468 118 500 223
1 449 123 493 230
1 432 121 469 215
1 418 109 453 196
1 207 86 235 155
1 189 86 212 143
1 163 79 194 155
1 147 79 170 138
1 133 104 165 185
1 163 133 217 265
1 303 152 346 257
1 364 143 422 286
3 126 151 170 200
3 395 95 421 141
3 420 68 449 112
3 455 71 491 123
3 259 111 274 157
3 236 111 255 157
3 328 135 358 176
5 64 61 155 144
5 177 56 281 95
5 290 77 373 132
