41
1 17 267 29 298
1 29 267 39 294
1 49 266 64 303
1 58 268 70 301
1 72 263 97 325
1 96 268 116 318
1 254 270 277 328
1 242 272 265 330
1 186 266 199 298
1 197 270 207 298
1 207 269 217 297
1 216 270 228 302
1 232 274 243 302
1 275 269 287 301
1 286 266 299 301
1 305 272 320 309
1 313 266 335 321
1 320 288 341 340
1 338 230 451 506
1 360 215 481 511
1 328 263 353 327
1 495 262 523 334
1 484 266 508 328
1 529 269 552 327
1 517 259 542 322
1 515 269 535 321
1 552 266 572 318
1 566 290 581 328
1 582 269 605 328
1 569 269 589 317
1 609 272 621 305
1 467 273 478 300
1 454 267 468 303
1 481 270 489 290
1 639 258 690 398
1 649 257 690 413
1 644 275 662 320
5 108 267 184 294
5 543 269 561 303
5 620 268 638 303
5 351 262 384 303
