78
1 0 156 32 236
1 15 153 46 232
1 29 166 56 235
1 46 166 75 236
1 62 165 92 239
1 82 168 109 237
1 97 170 121 228
1 517 165 550 246
1 496 175 524 246
1 479 170 508 243
1 458 176 486 244
1 436 165 462 230
1 415 170 441 236
1 500 165 531 242
1 443 162 472 236
3 429 187 453 253
3 410 189 432 251
3 387 189 408 251
3 366 182 390 251
3 350 183 366 259
3 327 185 344 251
3 304 190 326 255
3 280 185 304 258
3 259 185 280 249
3 231 184 258 253
3 213 184 229 258
3 184 185 209 254
3 157 184 183 254
3 47 152 68 182
3 499 152 523 170
3 85 154 101 172
3 91 144 102 168
3 102 147 116 168
3 115 152 127 170
3 124 147 141 166
3 115 170 128 195
3 112 190 130 257
3 129 187 154 256
3 128 171 151 208
3 149 166 158 183
3 154 174 166 197
3 176 169 193 193
3 199 171 212 194
3 225 174 233 190
3 245 173 263 193
3 270 169 287 190
3 292 171 312 198
3 317 170 340 193
3 340 172 353 189
3 345 162 356 174
3 358 175 373 189
3 364 164 374 174
3 374 169 392 192
3 396 172 413 184
3 404 159 421 181
3 382 160 404 181
3 379 147 395 163
3 402 146 412 163
3 416 150 433 172
3 430 152 447 172
3 445 147 461 167
3 462 149 487 174
3 135 147 153 167
3 150 140 168 157
3 154 155 167 171
3 178 153 191 168
3 210 162 222 179
3 226 156 240 173
3 215 144 230 166
3 244 147 263 173
3 257 155 271 180
3 265 143 284 172
3 280 151 297 169
3 295 150 309 169
3 314 156 333 174
3 314 146 326 164
3 330 147 341 171
3 199 145 216 166
