71
1 0 1544 169 2203
1 0 1589 207 2183
1 30 1408 380 2261
1 313 1503 622 2256
1 211 1528 487 2201
1 558 1572 803 2170
1 371 1511 645 2183
1 882 1639 1082 2130
1 822 1462 941 1755
1 498 1434 602 1690
1 546 1470 634 1686
1 656 1454 758 1706
1 786 1466 881 1700
1 204 1399 303 1643
1 41 1433 127 1642
1 0 1418 59 1659
1 583 1459 690 1723
1 67 1424 143 1610
1 847 926 1569 2686
1 1504 1624 1696 2092
1 1623 1645 1801 2080
1 888 1340 1031 1691
1 1696 1357 1823 1667
1 1690 820 2450 2676
1 2301 783 3085 2695
1 2794 1557 3032 2140
1 2999 1514 3254 2136
1 3083 1513 3329 2113
1 3413 1490 3686 2156
1 3394 1606 3581 2064
1 3287 1427 3434 1787
1 2910 1433 3030 1726
1 2940 1374 3043 1626
1 3038 1369 3151 1648
1 3642 1415 3764 1716
1 3142 1378 3214 1556
1 3156 1367 3262 1629
1 3217 1365 3325 1630
1 3409 1412 3517 1675
1 3530 1325 3660 1642
1 2842 1367 2928 1580
1 3716 1404 3833 1693
1 3737 1457 4020 2148
1 3910 1703 4051 2049
1 3946 1559 4137 2026
1 3842 1391 3968 1700
1 3746 1412 3871 1717
1 3925 1394 4047 1691
1 3876 1371 4010 1697
1 3530 1336 3636 1595
1 4046 1341 4319 2007
3 331 1408 441 1509
3 434 1447 478 1516
3 466 1472 495 1523
3 594 1396 656 1497
3 760 1420 822 1522
3 702 1434 733 1485
3 883 1430 914 1505
3 1670 1381 1729 1533
3 1530 1391 1623 1505
3 1589 1389 1645 1480
3 1436 1412 1484 1466
3 1423 1429 1471 1516
3 3118 1455 3185 1546
3 2913 1335 2975 1483
3 2892 1376 2912 1416
3 3447 1368 3501 1460
3 3685 1351 3758 1447
3 3830 1380 3889 1461
3 4005 1352 4051 1424
3 3902 1339 3949 1380
