59
1 464 121 498 204
1 504 168 544 269
1 461 176 504 282
1 492 177 513 230
1 440 175 482 277
1 404 167 448 278
1 437 186 457 234
1 393 180 411 223
1 372 172 411 268
1 431 123 461 200
1 431 154 452 206
1 385 151 404 198
1 389 127 417 199
1 367 117 401 200
1 350 185 379 256
1 365 234 387 288
1 350 122 378 190
1 337 118 357 170
1 318 126 343 190
1 284 168 322 261
1 309 185 323 223
1 300 125 326 188
1 263 125 294 201
1 111 126 145 209
1 97 167 137 265
1 128 180 155 249
1 121 178 142 231
1 175 170 202 235
1 153 115 180 182
1 66 230 94 301
1 256 226 283 293
1 308 227 334 291
3 51 228 74 301
3 97 216 113 293
3 114 236 135 297
3 126 228 149 291
3 155 235 173 292
3 151 213 166 238
3 198 209 217 264
3 228 232 241 287
3 136 128 154 168
3 169 130 189 159
3 186 133 201 166
3 204 125 236 158
3 207 151 227 169
3 204 170 219 212
3 224 176 237 218
3 235 172 253 231
3 251 182 273 216
3 280 171 292 200
3 286 149 303 183
3 244 147 265 183
3 253 125 273 160
3 239 127 258 153
3 251 220 267 238
3 263 207 306 299
3 324 223 353 301
3 394 227 416 306
3 339 176 352 207
