35
1 0 185 66 386
1 10 197 78 365
1 27 191 99 366
1 48 200 114 360
1 64 180 134 353
1 89 198 151 352
1 100 201 161 351
1 144 218 199 354
1 171 235 216 344
1 193 224 240 342
1 209 226 256 340
1 224 236 265 338
1 239 224 284 333
1 260 232 301 332
1 290 237 321 316
1 300 242 329 316
1 325 237 355 314
1 340 236 372 317
1 370 238 401 316
1 389 238 418 312
1 402 232 435 313
1 423 227 458 316
1 439 230 470 309
1 450 230 485 315
1 473 223 507 309
1 487 220 526 317
1 512 220 551 316
1 526 223 563 315
1 547 218 586 316
1 563 213 600 317
1 130 267 150 319
1 145 265 162 310
3 174 273 205 358
3 408 268 433 328
3 268 108 369 249
