44
1 0 594 39 773
1 0 604 63 779
1 36 621 99 774
1 344 605 412 771
1 401 628 458 767
1 429 621 487 766
1 467 631 523 770
1 489 628 544 762
1 69 588 148 783
1 94 554 191 793
1 146 550 254 813
1 210 518 339 832
1 442 597 520 789
1 516 575 609 802
1 590 592 670 788
1 645 557 744 802
1 682 587 765 793
1 748 626 809 775
1 756 577 846 797
1 801 518 932 841
1 884 568 986 818
1 982 562 1081 805
1 1046 589 1131 799
1 954 621 1017 778
1 973 618 1039 779
1 1106 607 1178 786
1 1209 598 1280 787
1 1243 616 1280 783
1 1162 662 1211 784
1 1178 617 1245 781
3 313 682 341 761
3 325 662 345 692
3 308 657 330 687
3 322 631 339 657
3 410 637 426 662
3 39 594 59 614
3 60 590 81 618
3 526 631 543 668
3 581 661 600 687
3 594 638 612 672
3 744 628 760 669
3 1165 616 1183 659
3 1177 624 1196 668
3 1270 575 1278 612
