32
1 40 262 76 352
1 77 262 98 316
1 99 251 124 312
1 90 259 111 314
1 102 206 124 260
1 119 259 148 331
1 166 267 192 332
1 193 257 219 323
1 195 236 217 292
1 288 208 307 254
1 361 207 379 250
1 379 250 403 311
1 345 252 370 313
1 308 251 330 307
1 268 255 290 308
1 460 234 476 275
1 471 236 485 273
1 495 250 522 318
1 477 250 500 308
1 560 246 585 310
1 582 235 605 293
1 581 202 597 242
1 504 244 519 280
1 621 246 640 309
3 4 313 54 362
3 89 307 143 367
3 170 299 224 347
3 241 299 282 343
3 284 301 319 359
3 537 300 575 348
3 513 287 554 334
3 600 285 636 340
