29
1 36 182 82 297
1 9 170 52 278
1 0 169 17 235
1 64 164 97 244
1 90 167 119 238
1 102 165 130 233
1 113 193 179 357
1 150 198 216 362
1 190 203 256 365
1 120 167 148 235
1 150 163 172 217
1 180 170 207 235
1 208 155 239 230
1 228 158 259 235
1 262 168 289 234
1 284 166 312 235
1 301 169 332 244
1 328 166 361 248
1 362 178 427 338
1 424 180 496 358
1 484 187 550 365
1 476 171 520 279
1 418 165 461 272
1 390 163 429 261
1 358 164 394 252
1 250 149 268 192
1 141 162 157 203
3 41 168 56 203
3 450 159 469 179
