83
1 108 292 138 366
1 64 235 85 290
1 98 242 118 292
1 102 229 124 284
1 138 254 159 308
1 131 234 149 278
1 169 245 190 298
1 182 262 203 317
1 221 275 242 326
1 263 265 285 320
1 289 284 312 342
1 326 293 349 350
1 334 275 354 327
1 357 298 381 356
1 369 282 390 333
1 381 308 404 364
1 395 294 415 345
1 425 315 449 376
1 439 298 461 355
1 487 306 513 369
1 215 257 236 310
1 505 222 530 285
1 558 228 584 294
1 550 213 574 273
1 21 104 31 130
1 58 101 68 126
1 98 97 108 124
1 137 96 146 119
1 358 81 366 103
1 389 79 397 102
1 452 77 460 97
1 544 75 553 97
1 579 77 586 96
1 552 74 560 93
1 499 72 507 93
1 96 72 104 91
1 325 85 332 105
3 45 425 100 450
3 336 363 379 417
3 252 359 285 417
3 146 359 179 409
3 89 345 123 397
3 22 338 47 393
3 32 327 66 380
3 22 317 40 335
3 11 311 25 331
3 8 299 23 310
3 5 285 16 304
3 30 281 56 326
3 26 269 48 291
3 17 255 38 275
3 49 243 66 284
3 82 239 100 280
3 121 237 137 275
3 150 237 173 277
3 187 239 205 273
3 235 236 261 276
3 278 239 302 281
3 336 244 362 286
3 401 260 418 300
3 432 262 458 307
3 457 268 473 310
3 473 275 492 319
3 505 291 527 327
3 533 291 552 334
3 557 305 580 332
3 557 324 581 365
3 547 343 574 398
3 530 337 548 377
3 466 347 505 404
3 404 350 440 404
3 57 152 76 176
3 76 151 89 176
3 41 144 54 168
3 18 148 32 165
3 28 152 41 176
3 585 232 600 266
3 295 79 306 111
3 583 70 588 92
5 64 121 364 165
5 175 69 251 92
5 7 73 24 92
5 258 65 432 89
