40
1 264 389 373 656
1 357 417 455 656
1 450 388 559 655
1 551 434 641 653
1 603 421 697 654
1 648 377 762 655
1 748 406 849 654
1 795 433 885 654
1 828 430 920 655
1 865 403 966 650
1 936 480 998 635
1 949 429 1033 634
1 1006 416 1103 656
1 27 374 143 656
1 112 400 215 655
1 231 405 333 654
1 927 423 988 573
3 117 377 164 423
3 222 401 261 653
3 340 408 369 448
3 354 393 400 645
3 426 412 454 460
3 447 416 471 455
3 527 394 575 470
3 554 420 567 441
3 571 426 583 449
3 607 426 640 459
3 482 417 497 438
3 723 397 735 425
3 735 407 769 451
3 772 416 794 453
3 835 404 860 427
3 838 429 863 466
3 883 433 905 463
3 913 409 933 427
3 921 421 938 440
3 973 426 992 454
3 1006 423 1031 461
3 1069 422 1093 441
3 1077 431 1100 604
