92
1 116 120 179 276
1 218 114 284 277
1 379 125 441 277
1 20 44 40 94
1 381 27 408 95
1 447 25 475 96
1 45 128 75 204
3 0 29 16 92
3 0 0 18 30
3 19 0 37 19
3 18 8 38 46
3 40 0 65 12
3 40 13 59 39
3 37 30 58 62
3 59 15 77 30
3 59 29 78 37
3 58 37 80 51
3 56 49 80 95
3 77 0 106 20
3 79 16 94 33
3 95 14 108 27
3 107 0 127 16
3 127 0 149 17
3 106 7 126 40
3 127 8 151 34
3 124 28 147 49
3 81 31 103 50
3 80 49 98 94
3 97 46 120 91
3 112 39 125 62
3 126 53 147 95
3 146 38 169 92
3 170 48 192 92
3 149 27 172 43
3 151 19 169 34
3 172 10 194 32
3 150 0 173 16
3 172 0 195 19
3 171 29 198 56
3 193 45 214 91
3 197 35 212 52
3 214 0 239 22
3 195 0 213 10
3 214 10 236 32
3 214 27 237 39
3 212 36 233 52
3 220 44 240 95
3 242 42 262 92
3 261 48 280 94
3 284 54 302 94
3 286 39 304 53
3 284 31 304 42
3 260 30 282 47
3 240 27 261 42
3 238 10 257 28
3 239 0 256 9
3 260 12 281 33
3 258 1 279 16
3 282 9 303 35
3 282 0 299 14
3 305 1 324 14
3 304 10 325 37
3 305 30 325 56
3 302 41 329 94
3 326 48 354 94
3 357 53 375 94
3 374 53 387 94
3 327 30 345 50
3 347 29 365 51
3 345 10 361 32
3 325 14 342 30
3 323 0 344 13
3 347 1 373 12
3 361 8 374 40
3 372 26 384 57
3 372 7 387 29
3 387 16 395 26
3 396 17 412 38
3 416 47 445 94
3 435 29 456 53
3 429 10 445 23
3 433 8 459 37
3 411 9 435 45
3 432 0 457 15
3 411 0 435 13
3 375 0 394 16
3 396 0 417 22
5 0 114 36 277
5 440 117 491 253
5 88 116 140 147
5 156 124 243 142
5 260 118 404 147
