42
1 497 232 544 350
1 428 228 472 338
1 401 232 449 349
1 386 226 426 326
1 345 228 388 335
1 307 236 354 351
1 283 231 320 323
1 263 230 306 335
1 210 237 256 353
1 169 227 213 337
1 145 227 189 334
1 194 226 231 319
1 231 224 275 331
1 132 229 172 328
1 97 222 133 312
1 470 230 478 253
1 47 224 76 295
1 477 232 484 252
1 482 228 492 253
1 0 227 12 271
1 34 224 62 292
3 345 223 365 245
3 374 226 389 323
3 301 222 316 238
3 324 228 337 239
3 262 229 275 316
3 235 221 247 237
3 219 229 234 241
3 172 226 188 246
3 134 227 146 316
3 122 227 134 316
3 97 223 111 312
3 86 219 96 309
3 64 225 74 243
3 74 221 84 242
3 390 228 401 243
3 80 226 89 236
5 527 225 640 255
5 492 227 519 248
5 426 226 442 249
5 4 223 22 241
5 23 224 47 242
