54
1 399 189 447 309
1 415 187 452 278
1 363 181 391 252
1 311 175 336 237
1 498 200 524 266
1 694 268 718 330
1 704 218 732 286
1 656 219 688 298
1 600 202 628 272
1 580 207 611 282
1 550 204 577 273
1 256 176 277 228
1 273 173 297 231
1 237 170 265 240
1 66 156 93 221
1 78 156 104 219
1 229 149 244 185
1 158 165 185 231
1 146 164 164 211
1 123 147 141 192
1 224 144 233 166
3 31 170 49 231
3 39 167 60 208
3 46 162 64 182
3 100 161 116 204
3 105 157 126 195
3 116 144 130 168
3 154 147 167 170
3 167 146 178 170
3 175 162 182 177
3 183 161 191 176
3 244 158 258 174
3 371 152 385 164
3 395 169 405 180
3 564 194 575 209
3 583 205 592 260
3 516 261 547 280
3 360 180 375 243
3 444 181 469 241
3 196 178 213 218
3 30 107 49 123
3 118 109 130 123
3 130 112 139 124
3 139 110 147 127
3 149 112 159 125
3 527 126 541 136
3 480 126 495 137
3 419 137 429 148
3 370 137 380 146
3 391 138 400 146
5 244 123 308 152
5 207 129 262 155
5 288 120 365 135
5 180 112 266 128
