45
1 78 173 98 225
1 107 174 127 225
1 122 162 139 205
1 144 175 164 224
1 179 178 197 225
1 210 176 229 222
1 292 180 308 222
1 248 175 266 222
1 256 164 272 205
1 284 171 300 213
1 329 170 344 207
1 323 166 338 203
1 335 177 352 220
1 373 175 392 222
1 360 169 375 209
1 391 167 405 203
1 400 172 415 210
1 412 178 428 220
1 457 166 474 210
1 489 146 502 178
1 356 166 370 203
1 266 136 278 168
1 225 137 238 169
1 94 162 109 200
1 17 141 30 172
1 48 142 60 174
1 76 141 88 172
1 105 141 116 171
1 129 141 141 171
1 153 140 166 171
1 431 141 443 173
1 406 142 418 171
1 381 142 394 173
1 362 142 373 169
1 11 140 22 169
1 216 163 234 208
3 229 125 242 139
3 265 126 275 135
3 110 167 119 173
3 187 169 195 181
3 193 163 200 176
3 249 168 265 176
3 289 163 302 171
5 18 101 212 161
5 279 114 479 157
