44
1 16 189 67 313
1 49 203 94 314
1 73 198 119 312
1 99 197 146 311
1 125 200 169 311
1 150 198 195 311
1 177 190 228 317
1 208 197 256 316
1 235 196 285 317
1 266 197 314 315
1 299 197 346 315
1 328 195 376 315
1 355 192 404 314
1 389 190 439 313
1 422 188 472 311
1 455 196 501 310
1 483 196 531 315
1 27 165 73 279
1 49 175 92 279
1 76 170 121 279
1 101 166 145 277
1 125 172 167 276
1 146 174 188 276
1 170 180 210 277
1 198 170 242 278
1 226 166 270 277
1 256 169 299 277
1 283 161 329 276
1 319 169 362 275
1 347 166 391 275
1 377 168 421 275
1 407 172 450 277
1 434 167 478 278
1 467 170 512 279
3 71 225 114 328
3 122 228 150 331
3 157 224 194 332
3 203 227 239 328
3 240 226 276 330
3 279 224 319 327
3 322 223 359 332
3 362 224 402 333
3 397 221 440 332
3 441 226 485 329
