29
1 41 178 81 277
1 76 173 118 279
1 114 205 150 296
1 255 191 298 295
1 342 183 355 214
1 412 175 430 219
1 463 161 474 190
1 477 186 512 275
1 239 154 250 182
1 264 155 275 181
1 304 147 316 176
1 310 145 322 175
1 317 147 328 174
1 549 128 624 313
1 557 180 632 362
1 588 124 640 333
1 528 175 553 236
1 516 157 538 212
1 507 155 528 210
1 493 170 507 204
1 542 169 572 243
1 502 154 517 193
3 552 149 568 170
3 568 142 579 156
3 538 154 557 179
3 526 147 535 161
3 532 149 543 166
5 347 165 421 186
5 472 159 502 181
