64
1 98 70 124 133
1 124 72 147 130
1 151 73 174 131
1 167 71 191 130
1 194 72 219 134
1 18 202 63 311
1 1 196 43 301
1 38 214 85 330
1 68 238 118 362
1 82 259 124 365
1 102 260 145 364
1 3 151 41 243
1 227 253 273 365
1 197 246 246 365
1 183 233 234 359
1 154 224 193 320
1 111 184 151 281
1 87 153 127 251
1 69 138 108 233
1 54 132 82 203
1 344 245 392 363
1 307 229 361 363
1 292 221 345 351
1 223 190 265 296
1 213 176 257 287
1 198 171 238 272
1 188 144 227 239
1 177 147 213 234
1 170 135 205 224
1 152 128 184 207
1 454 241 504 364
1 433 221 487 355
1 410 211 461 339
1 369 192 409 291
1 340 186 378 280
1 328 179 365 272
1 311 167 349 263
1 288 161 327 256
1 477 191 522 304
1 451 190 492 293
1 398 176 434 267
1 503 169 543 270
1 454 145 493 243
1 56 224 102 339
3 110 172 128 206
3 149 194 178 227
3 153 218 171 239
3 155 253 216 345
3 147 127 159 161
3 69 131 88 168
3 39 116 58 138
3 1 143 18 183
3 158 159 184 214
3 276 239 321 329
3 277 200 308 246
3 381 152 401 186
3 389 158 416 201
3 425 182 454 223
3 440 208 458 234
3 383 233 438 321
3 494 239 537 321
3 528 178 549 243
3 537 144 549 191
3 54 129 80 167
