32
1 0 197 18 278
1 10 201 38 272
1 39 183 103 339
1 75 206 108 287
1 89 212 112 270
1 133 210 166 292
1 185 206 219 289
1 221 204 247 270
1 205 215 227 269
1 232 206 259 274
1 391 206 415 267
1 409 208 432 267
1 420 206 444 267
1 490 202 512 277
1 137 186 200 340
1 252 189 311 336
1 272 186 343 363
1 347 193 404 334
1 438 197 491 330
1 254 217 272 264
3 108 207 121 229
3 117 205 140 230
3 134 201 143 220
3 325 205 341 238
3 343 210 363 235
3 477 211 498 253
3 252 201 275 225
3 46 202 59 223
4 40 336 165 398
4 147 331 306 399
4 284 331 476 397
4 352 330 510 381
