70
1 0 199 21 260
1 18 189 45 258
1 47 198 69 252
1 76 186 102 252
1 107 193 130 250
1 135 188 159 249
1 27 147 36 169
1 36 146 42 164
1 63 150 73 174
1 166 183 190 244
1 185 182 209 242
1 215 181 238 238
1 234 191 252 237
1 256 174 279 233
1 295 167 321 231
1 331 173 353 228
1 368 169 390 223
1 412 169 431 219
1 450 162 469 212
1 491 159 510 207
1 530 158 549 206
1 549 158 567 205
1 569 153 588 200
1 594 151 613 198
1 628 146 648 194
1 649 145 668 192
1 674 145 692 189
1 687 140 707 188
1 698 138 716 185
1 710 141 726 183
1 716 140 733 182
1 721 139 738 180
1 730 130 748 175
1 741 125 759 171
1 773 111 786 145
3 765 122 774 138
3 760 126 770 141
3 768 49 778 62
4 3 265 21 314
4 26 261 46 315
4 54 259 78 311
4 80 255 103 312
4 106 253 132 302
4 134 250 156 301
4 168 248 193 297
4 192 245 213 287
4 217 241 236 287
4 235 238 251 268
4 260 237 284 288
4 299 234 316 281
4 332 229 351 270
4 370 226 388 270
4 412 223 430 261
4 451 220 471 257
4 491 214 513 251
4 528 208 550 246
4 547 211 567 243
4 568 206 586 241
4 592 203 614 240
4 626 200 642 231
4 647 195 663 229
4 671 193 690 227
4 688 191 703 221
4 701 188 714 219
4 712 187 723 208
4 724 187 732 206
4 728 186 736 201
4 733 184 744 209
4 744 179 753 202
4 771 166 780 195
