48
1 1 165 52 293
1 35 166 78 272
1 52 170 96 280
1 76 172 113 265
1 89 169 132 274
1 118 165 157 260
1 141 160 182 262
1 169 158 209 258
1 194 155 233 250
1 224 159 258 245
1 245 162 276 239
1 270 162 300 235
1 286 162 314 230
1 297 159 324 227
1 313 163 338 225
1 328 160 354 224
1 341 162 362 216
1 351 162 374 221
1 360 162 382 216
1 369 163 390 215
1 380 162 399 211
1 392 157 412 209
1 399 162 415 203
1 408 160 426 207
1 414 160 431 205
1 420 160 437 204
1 425 157 443 204
1 433 160 449 202
1 440 159 457 200
1 450 161 465 197
1 455 160 469 198
1 461 163 474 196
1 469 162 478 186
1 489 161 498 186
1 495 162 504 186
1 505 162 514 186
1 529 162 543 196
3 0 164 16 195
3 32 165 47 185
3 73 167 86 189
3 91 165 108 188
3 110 158 132 189
3 140 162 153 183
3 164 162 180 183
3 188 159 202 182
3 223 159 235 182
3 266 164 277 184
4 351 138 361 157
