97
1 403 291 451 410
1 431 263 475 374
1 462 238 500 334
1 484 219 520 310
1 506 190 544 285
1 525 168 550 259
1 280 288 322 394
1 310 259 351 361
1 340 228 379 326
1 368 201 404 291
1 391 179 428 270
1 414 160 449 245
1 432 139 468 226
1 458 117 490 198
1 477 99 510 180
1 498 82 529 158
1 516 66 546 141
1 138 266 184 379
1 183 233 227 341
1 213 214 253 311
1 247 185 286 280
1 277 165 314 256
1 303 145 338 232
1 327 125 362 212
1 349 108 381 186
1 376 90 407 168
1 398 71 429 147
1 419 60 448 132
1 436 44 465 117
1 449 33 478 105
1 468 24 493 87
1 481 11 508 80
1 493 1 519 67
1 505 0 529 58
1 0 249 32 358
1 43 220 83 319
1 87 198 124 290
1 130 169 168 262
1 166 152 200 237
1 195 135 226 214
1 228 115 258 191
1 259 101 289 174
1 288 81 319 157
1 305 66 336 141
1 331 58 358 124
1 349 40 380 115
1 369 29 396 98
1 387 20 412 81
1 403 4 431 74
1 419 0 445 63
1 436 0 456 51
1 451 0 467 40
1 0 181 26 266
1 35 161 68 245
1 64 140 99 225
1 106 120 138 200
1 135 105 168 185
1 170 88 198 158
1 198 74 226 145
1 228 60 254 125
1 246 48 274 118
1 270 33 297 101
1 288 25 313 85
1 306 15 331 77
1 320 4 346 70
1 342 0 363 51
1 11 112 43 192
1 43 96 76 180
1 75 82 106 158
1 106 68 137 146
1 134 53 164 127
1 161 40 190 110
1 183 28 211 96
1 208 15 235 83
1 227 8 253 71
1 246 1 270 60
1 266 0 287 53
1 0 74 22 152
1 12 60 46 144
1 44 51 72 122
1 79 37 106 104
1 103 23 127 85
1 126 13 151 74
1 149 2 173 60
1 167 0 189 56
1 191 0 208 42
1 0 30 23 95
1 32 20 58 84
1 58 9 83 71
1 78 1 103 61
1 102 0 122 48
1 13 0 36 57
3 35 0 63 23
3 212 388 290 412
4 326 321 393 408
4 363 304 420 381
4 167 323 282 379
