48
1 38 129 111 310
1 123 215 226 468
1 93 192 185 418
1 204 186 300 420
1 255 200 347 428
1 310 212 421 484
1 358 202 451 430
1 404 200 497 428
1 449 201 543 433
1 511 217 596 428
1 546 178 631 388
1 606 168 669 323
1 74 169 157 373
3 103 139 136 186
3 130 128 160 174
3 149 141 178 184
3 131 174 174 212
3 162 166 203 225
3 187 216 219 264
3 177 122 214 168
3 190 158 223 201
3 258 179 291 230
3 300 176 329 223
3 326 211 356 253
3 351 166 381 215
3 315 154 342 195
3 268 150 300 186
3 210 150 255 214
3 247 128 276 165
3 285 125 316 177
3 327 131 349 160
3 346 128 381 190
3 373 148 399 184
3 381 170 406 217
3 411 159 446 213
3 437 172 469 206
3 440 152 466 185
3 387 126 413 167
3 421 132 447 158
3 449 114 471 157
3 464 136 496 165
3 473 155 498 204
3 488 168 539 232
3 526 168 570 219
3 498 129 526 166
3 522 143 550 176
3 563 150 591 179
3 585 150 624 200
