31
1 586 195 640 381
1 514 208 584 379
1 494 199 547 328
1 449 195 510 347
1 415 202 482 365
1 393 194 458 355
1 344 198 381 289
1 301 188 336 277
1 266 205 293 270
1 168 188 223 322
1 239 204 256 249
1 213 193 236 249
1 202 207 220 251
1 118 197 136 243
1 132 199 147 236
1 142 198 157 236
1 152 197 167 233
1 160 199 174 233
1 172 195 189 236
1 332 198 347 235
1 371 195 387 236
1 394 196 409 235
3 303 195 315 211
3 483 196 506 227
3 450 193 474 221
3 594 146 611 165
3 575 152 590 166
3 566 149 579 165
3 583 146 593 164
3 627 154 639 177
5 213 164 639 203
