43
1 0 121 36 209
1 25 124 60 212
1 174 174 232 315
1 197 178 252 314
1 273 181 327 316
1 251 174 309 315
1 148 129 191 235
1 148 122 177 192
1 206 105 221 145
1 416 101 428 134
1 431 102 446 140
1 453 104 466 136
1 446 102 458 134
1 299 118 323 179
1 319 114 348 187
1 344 114 372 182
1 335 114 362 182
3 160 164 191 237
3 287 130 305 172
3 309 142 337 192
3 349 147 370 200
3 375 142 403 189
3 366 136 384 162
3 363 128 371 147
3 394 142 442 187
3 371 163 419 250
3 467 132 493 202
3 489 124 506 181
3 499 122 518 169
3 111 110 126 126
3 129 111 144 124
3 158 110 171 123
3 170 108 185 121
3 95 110 108 124
3 82 107 98 124
3 72 112 84 124
3 17 106 27 122
3 3 111 18 123
3 28 105 43 124
3 39 106 53 125
3 212 76 290 259
5 289 83 518 124
5 0 88 253 125
