32
1 554 135 646 361
1 618 118 669 245
1 643 122 690 315
1 546 116 598 244
1 476 123 554 315
1 392 134 493 384
1 301 126 385 334
1 335 118 391 254
1 369 116 412 224
1 250 124 325 307
1 218 119 285 283
1 173 116 233 265
1 141 112 194 243
1 117 112 165 230
1 91 115 134 220
1 63 112 103 209
1 50 116 80 189
1 22 110 56 196
1 25 84 44 134
1 122 92 136 128
1 128 94 140 124
1 160 91 175 129
3 298 115 333 175
3 411 124 436 179
3 439 124 475 183
3 452 110 478 159
3 578 112 616 173
3 254 117 277 157
3 218 115 247 156
3 171 112 198 149
3 142 111 162 139
3 85 98 100 137
