79
1 259 76 364 332
1 148 120 234 331
1 53 142 119 305
1 39 144 94 280
1 22 153 64 258
1 5 152 43 246
1 225 146 259 231
1 349 132 398 253
1 457 107 500 274
1 430 121 467 214
1 416 114 444 184
1 327 108 364 199
1 248 115 286 210
1 203 122 236 203
1 141 134 171 208
1 433 76 460 141
1 451 71 479 141
1 473 71 500 139
1 351 97 378 162
1 369 94 396 161
3 104 148 135 205
3 84 145 108 180
3 0 132 20 186
3 19 132 42 159
3 39 135 54 156
3 55 132 75 148
3 82 130 101 150
3 105 122 133 155
3 131 122 152 176
3 2 110 27 134
3 26 114 48 134
3 50 111 76 135
3 73 112 88 134
3 92 110 112 131
3 111 109 129 128
3 132 106 153 133
3 0 80 14 116
3 10 80 32 110
3 25 79 47 117
3 41 79 53 93
3 44 76 69 117
3 65 76 78 88
3 71 69 96 109
3 96 69 122 107
3 135 69 160 107
3 125 81 138 95
3 124 70 136 84
3 159 69 182 100
3 151 89 171 121
3 169 93 188 120
3 190 111 207 133
3 211 104 232 130
3 241 105 264 137
3 234 95 253 118
3 192 82 217 116
3 182 72 205 91
3 207 67 227 92
3 222 66 240 95
3 228 83 249 100
3 240 67 254 92
3 325 82 346 102
3 336 69 356 90
3 347 88 361 106
3 348 61 367 81
3 364 64 386 90
3 384 89 400 108
3 404 55 425 93
3 404 84 420 104
3 406 104 426 133
3 375 125 395 159
3 394 122 417 165
3 431 55 448 82
3 416 56 436 83
3 417 84 438 105
3 429 102 446 121
3 455 99 477 127
3 448 55 463 78
3 464 53 479 80
3 479 52 499 79
