29
1 0 86 72 265
1 19 71 93 253
1 482 98 499 153
1 470 99 485 138
1 459 98 478 145
1 442 100 454 130
1 410 90 437 158
1 295 106 322 174
1 321 91 357 180
1 172 148 245 327
3 137 180 274 329
3 350 190 439 330
3 431 151 494 300
3 320 130 394 226
3 241 140 306 262
3 136 130 191 190
3 185 122 214 162
3 93 111 122 153
3 121 113 133 134
3 163 92 175 125
3 174 94 183 120
3 182 96 196 120
3 166 112 193 137
3 212 115 240 150
3 208 99 227 118
3 227 94 240 116
3 244 92 262 116
3 238 94 289 157
3 404 84 424 106
