39
1 140 664 163 722
1 147 448 309 843
1 228 455 384 839
1 200 573 359 964
1 334 455 492 840
1 369 579 525 961
1 419 608 597 1046
1 576 608 754 1046
1 487 574 646 961
1 725 629 895 1043
1 857 638 1024 1046
1 796 569 955 959
1 620 571 778 960
1 720 568 881 963
1 902 584 1056 960
1 992 639 1161 1052
1 1081 573 1241 964
1 1115 618 1291 1049
1 1186 575 1344 964
1 1232 627 1403 1047
1 1301 572 1462 964
1 1335 480 1483 843
1 448 454 608 844
1 529 449 686 833
1 627 437 792 841
1 716 445 881 848
1 809 456 970 850
1 902 428 1073 847
1 1001 469 1158 851
1 1104 458 1266 853
1 1220 462 1378 851
1 1530 682 1542 714
1 1538 687 1548 713
1 1555 685 1566 712
1 1563 686 1574 715
1 1579 683 1592 715
1 1649 685 1664 721
1 1694 688 1706 718
3 1040 581 1119 686
