43
1 176 134 235 277
1 120 104 168 221
1 83 82 123 181
1 65 74 98 155
1 48 77 73 140
1 31 67 56 130
1 20 59 45 119
1 118 59 138 108
1 103 56 122 106
1 125 66 148 122
1 149 71 175 138
1 176 76 213 169
1 225 97 265 196
1 279 123 329 244
1 345 109 389 216
1 406 156 458 285
1 305 183 346 285
1 468 138 517 257
1 284 91 319 176
1 234 71 264 146
1 203 68 228 131
1 276 74 303 143
1 339 85 370 161
1 374 79 404 153
1 416 99 452 190
1 455 89 490 175
1 496 84 521 145
1 511 119 554 225
1 544 104 582 200
1 572 94 600 185
1 439 68 464 129
1 405 75 430 139
1 315 69 341 132
1 520 64 538 109
1 534 64 549 104
1 426 59 445 107
1 402 60 423 112
1 336 57 358 110
1 272 65 294 118
1 310 63 331 114
3 164 259 227 285
3 552 260 599 283
5 9 35 597 83
