68
1 539 234 598 379
1 588 211 620 308
1 508 223 557 342
1 480 215 522 320
1 356 226 417 374
1 349 215 400 341
1 333 209 376 317
1 185 226 247 379
1 213 219 262 340
1 26 226 89 381
1 70 219 122 347
1 96 212 139 320
1 119 184 146 250
1 25 204 60 292
1 0 207 26 316
1 525 187 552 253
1 509 187 535 250
1 496 186 523 252
1 475 188 500 249
1 460 188 485 248
1 449 166 473 225
1 429 160 452 218
1 448 149 471 205
1 424 132 445 186
1 97 182 123 245
1 88 185 111 244
1 69 186 92 245
1 47 186 71 245
1 30 185 54 246
1 27 129 49 185
1 587 117 604 160
3 166 154 188 172
3 164 130 188 149
3 197 128 216 147
3 196 156 217 172
3 223 154 247 171
3 225 127 247 150
3 250 128 277 150
3 286 130 304 149
3 318 131 336 150
3 347 131 367 151
3 371 132 387 151
3 392 131 415 151
3 252 153 269 170
3 271 156 289 170
3 300 153 316 171
3 323 153 339 172
3 342 155 361 173
3 371 154 392 172
3 398 155 414 173
3 414 159 427 171
3 7 119 31 161
3 593 159 610 187
3 574 160 592 183
3 556 157 572 181
3 540 150 556 180
3 529 140 544 157
3 549 147 561 160
3 544 135 559 150
3 565 142 581 164
3 581 142 599 165
3 597 142 617 166
3 559 126 575 145
3 575 126 589 144
3 601 114 611 132
3 568 114 585 130
3 549 115 565 132
5 2 0 617 112
