35
1 0 100 29 193
1 58 115 116 260
1 383 115 450 279
1 318 124 367 245
1 278 45 338 194
1 133 115 186 247
1 188 120 247 266
1 244 115 297 247
1 262 106 328 267
3 37 177 145 280
3 102 199 279 303
3 246 173 352 285
3 210 136 279 184
3 46 24 70 54
3 21 26 43 59
3 2 31 14 39
3 6 15 25 37
3 23 13 46 34
3 43 12 64 31
3 65 14 86 51
3 85 3 110 40
3 73 1 88 17
3 50 0 64 15
3 25 0 45 18
3 10 1 29 18
3 210 100 227 118
3 228 104 254 139
3 260 103 277 116
3 88 102 110 143
3 103 100 112 112
3 353 1 383 24
3 389 1 415 20
3 415 0 439 22
3 449 0 480 20
4 117 109 157 211
