33
1 6 172 119 449
1 53 179 154 429
1 96 201 154 344
1 135 184 193 326
1 110 193 155 306
1 152 207 190 301
1 162 199 199 290
1 188 204 225 296
1 201 197 239 289
1 222 196 260 289
1 253 200 288 287
1 270 195 313 303
1 300 194 337 288
1 324 194 363 290
1 351 199 388 290
1 374 203 411 295
1 394 200 431 293
1 419 198 456 289
1 440 202 475 287
1 456 206 489 286
1 470 206 503 288
1 490 200 526 290
1 523 189 564 291
1 547 193 587 291
1 0 203 30 329
1 499 199 534 287
1 578 200 600 294
3 18 174 57 259
3 248 203 262 220
3 300 200 315 222
3 391 195 410 226
3 417 197 429 220
3 441 198 457 217
