65
1 74 128 87 163
1 176 119 189 150
1 2 174 17 214
1 40 186 54 224
1 61 165 75 201
1 93 173 108 211
1 77 199 94 240
1 119 210 136 253
1 139 182 155 221
1 130 147 146 186
1 164 159 178 194
1 170 224 187 268
1 183 188 201 232
1 176 138 190 172
1 200 167 215 206
1 206 147 221 185
1 212 133 226 167
1 227 241 245 288
1 233 207 250 250
1 243 175 258 215
1 245 158 262 200
1 241 143 253 173
1 246 130 259 163
1 275 137 286 167
1 276 147 291 183
1 285 167 300 204
1 290 189 303 224
1 287 220 305 263
1 332 177 346 215
1 325 157 340 195
1 318 139 331 173
1 360 150 374 185
1 366 166 381 203
1 351 202 368 246
1 395 189 413 232
1 401 154 417 194
1 430 178 445 218
1 459 171 473 208
1 512 126 524 158
1 502 11 508 26
1 471 3 476 18
1 296 24 303 42
1 289 23 295 40
1 294 31 297 41
1 270 86 281 114
1 248 71 258 96
1 237 69 248 96
1 229 70 240 96
1 215 75 223 95
1 204 65 214 91
1 170 60 181 87
1 182 65 191 87
1 145 74 154 95
1 58 63 66 85
1 75 73 84 98
1 84 70 90 87
1 71 35 80 57
2 61 23 68 43
2 103 29 111 49
2 300 6 305 22
2 267 4 272 19
3 303 294 329 320
5 337 228 528 319
5 276 69 529 153
5 2 52 295 97
