32
1 89 94 141 220
1 112 94 156 205
1 130 118 227 356
1 193 183 262 353
1 274 89 363 309
1 332 116 392 262
1 373 138 454 337
1 401 95 478 282
1 467 105 521 238
1 455 110 475 159
1 470 112 492 167
1 515 109 543 178
3 0 142 34 270
3 23 137 105 286
3 2 121 22 156
3 44 121 73 163
3 41 112 60 133
3 68 123 125 263
3 104 146 156 250
3 119 135 136 148
3 198 118 217 144
3 194 148 219 190
3 211 128 259 208
3 228 119 248 157
3 262 136 286 198
3 250 115 288 185
3 340 134 354 175
3 339 115 358 140
3 351 104 362 120
3 467 110 479 128
3 506 110 517 135
4 475 234 500 350
