57
1 42 306 62 355
1 74 298 99 358
1 68 301 86 348
1 86 300 106 348
1 98 300 115 344
1 111 296 133 351
1 127 295 153 359
1 141 296 162 347
1 154 295 176 352
1 167 292 191 354
1 183 292 213 365
1 218 291 243 355
1 238 290 264 357
1 252 289 285 370
1 275 287 300 351
1 293 287 321 359
1 305 282 334 355
1 324 290 346 345
1 338 281 368 356
1 343 287 379 374
1 362 286 394 366
1 377 284 403 348
1 391 286 420 360
1 399 286 432 366
1 416 284 445 354
1 425 290 454 362
1 440 283 470 357
1 453 281 493 380
1 485 278 521 368
1 479 281 506 348
1 500 278 535 365
1 514 279 552 373
1 532 277 567 363
1 554 279 588 362
1 568 279 599 355
1 581 281 609 351
1 590 270 633 375
1 601 273 648 389
1 620 273 659 369
1 644 272 681 364
1 658 266 704 381
1 677 268 719 370
1 696 271 734 364
1 711 274 744 356
1 761 265 812 389
1 789 265 842 398
1 804 265 854 387
1 834 265 874 364
1 737 288 748 315
1 749 288 759 312
1 759 288 769 313
1 873 283 883 310
1 206 293 226 343
3 460 278 471 298
3 443 278 451 288
3 880 280 896 310
3 182 291 195 315
