77
1 97 330 148 457
1 86 316 124 411
1 0 302 40 417
1 152 307 191 405
1 217 299 261 408
1 271 300 314 408
1 365 308 406 408
1 466 301 507 401
1 557 304 595 400
1 612 302 651 397
1 679 310 712 393
1 6 219 24 265
1 57 287 92 375
1 18 302 59 404
1 7 306 47 406
1 92 212 109 253
1 108 212 125 255
1 0 218 12 264
1 283 219 300 262
1 305 217 318 250
1 292 217 306 255
1 358 222 374 263
1 424 222 442 265
1 431 221 450 268
1 412 221 428 261
1 402 223 417 263
1 534 214 547 249
1 515 214 528 249
1 172 296 208 384
1 454 300 491 392
1 548 297 584 388
1 532 291 566 377
1 667 299 700 382
1 655 289 690 374
1 640 284 674 369
1 629 280 663 362
1 602 294 640 387
1 582 293 618 380
1 343 219 357 256
1 585 214 599 252
1 573 214 587 252
1 771 304 800 389
1 760 296 795 385
1 747 289 784 379
1 740 289 774 373
1 729 286 763 368
1 720 286 751 361
1 710 276 743 357
1 698 272 731 355
1 25 296 63 392
1 193 266 222 338
1 241 296 271 371
1 362 299 397 388
1 375 305 408 387
1 355 298 392 388
1 447 290 482 378
1 432 287 463 366
1 424 282 455 359
1 491 269 520 342
1 498 273 528 346
1 508 270 545 363
1 525 288 558 371
1 518 290 551 373
3 695 275 711 310
3 560 229 576 262
3 545 231 557 253
3 601 221 622 256
3 599 221 615 239
3 672 270 695 300
5 2 237 198 382
5 206 219 282 348
5 286 247 330 388
5 329 240 400 391
5 399 241 457 370
5 600 227 799 288
5 646 218 677 236
5 455 235 628 311
