28
1 68 439 126 582
1 157 439 216 582
1 316 432 376 581
1 377 439 433 579
1 527 446 583 582
1 574 427 637 581
1 803 421 842 517
1 822 430 854 511
1 764 422 797 504
1 364 421 395 500
1 459 423 495 511
1 486 429 520 511
1 557 419 605 539
1 646 422 693 536
1 668 460 717 583
1 739 464 786 581
1 709 433 746 524
1 362 422 381 470
1 508 426 529 479
1 690 427 724 511
3 530 426 553 475
3 614 429 641 481
5 269 414 354 457
5 409 418 477 487
5 485 419 542 448
5 549 422 572 455
5 609 417 666 493
5 682 412 859 463
