29
1 0 78 34 212
1 20 93 45 157
1 22 77 114 302
1 52 171 108 309
1 132 154 185 285
1 196 148 243 266
1 219 132 255 223
1 248 133 283 222
1 261 98 299 192
1 287 120 307 171
1 218 89 269 216
1 194 94 223 166
1 167 90 207 188
1 159 89 195 177
1 130 80 187 221
1 77 92 115 186
1 305 170 364 313
1 353 145 393 246
1 372 147 409 238
1 411 194 473 349
1 394 144 446 271
1 387 140 433 256
1 440 181 500 346
1 336 129 376 229
3 326 141 342 160
3 480 171 499 249
3 448 165 471 197
3 376 127 393 148
5 285 112 351 167
