28
1 0 232 120 552
1 61 259 171 529
1 0 317 68 485
1 139 316 203 473
1 190 295 265 481
1 206 250 319 529
1 229 266 328 508
1 283 309 352 480
1 310 351 347 445
1 366 258 474 525
1 361 279 453 504
1 347 289 428 488
1 343 344 390 459
1 442 290 519 481
1 495 290 574 484
1 515 274 610 507
1 591 303 665 486
1 655 288 739 492
1 737 294 815 488
1 810 297 880 471
1 897 315 950 475
1 691 322 747 461
1 618 309 685 473
3 343 353 353 374
3 594 336 611 399
3 873 383 928 484
3 873 318 915 397
3 844 310 870 377
