40
1 40 156 72 234
1 84 154 105 206
1 117 157 138 208
1 244 137 256 170
1 519 162 535 201
1 550 159 566 198
3 4 269 100 353
3 129 236 175 292
3 179 220 229 267
3 194 253 266 330
3 255 257 305 302
3 226 222 269 256
3 253 205 286 251
3 286 213 325 267
3 320 200 354 253
3 354 193 377 224
3 324 164 347 197
3 301 166 325 201
3 278 169 296 187
3 264 166 290 192
3 256 169 267 185
3 237 165 258 192
3 206 169 226 193
3 179 167 199 190
3 163 166 177 180
3 148 164 161 185
3 134 163 151 180
3 103 165 121 188
3 101 154 112 168
3 374 195 397 218
3 459 257 532 346
3 440 221 474 262
3 420 205 450 240
3 410 190 434 216
3 468 194 489 214
3 456 204 478 227
3 474 213 514 252
3 518 227 548 274
5 1 142 61 190
5 426 145 512 204
