45
1 194 138 206 171
1 108 231 128 279
1 29 188 47 233
1 37 189 57 237
1 52 200 67 237
1 59 201 75 242
1 69 199 88 247
1 82 209 99 252
1 93 194 111 237
1 122 234 141 283
1 130 216 148 259
1 152 212 169 254
1 139 206 157 250
1 167 204 183 245
1 178 219 190 252
1 185 244 203 291
1 204 247 218 285
1 212 221 229 264
1 225 221 240 261
1 235 225 251 266
1 253 217 272 265
1 267 221 285 265
1 278 223 295 265
1 309 214 324 253
1 321 218 333 249
1 325 218 340 257
1 338 217 355 262
1 348 221 365 262
1 383 213 397 250
1 371 211 387 252
1 360 210 375 246
1 421 185 435 220
1 412 184 427 221
1 404 173 418 210
1 396 183 410 218
1 382 182 395 217
1 396 151 409 184
3 355 238 372 268
3 368 236 385 270
3 26 173 35 195
3 17 173 28 185
3 9 181 21 191
3 21 185 34 202
3 102 148 114 157
5 56 143 398 216
