60
1 13 70 21 93
1 36 76 47 102
1 244 89 253 111
1 275 86 282 104
1 345 82 355 108
1 365 84 372 103
1 357 86 363 103
1 8 184 21 219
1 13 188 41 260
1 20 185 53 265
1 29 187 61 268
1 39 190 72 272
1 51 187 88 278
1 62 194 98 284
1 136 192 172 280
1 123 189 159 277
1 110 186 147 276
1 102 183 139 273
1 89 187 122 269
1 76 182 109 264
1 151 184 183 262
1 165 187 198 268
1 177 186 213 274
1 186 189 222 277
1 210 192 246 279
1 225 185 259 268
1 237 184 273 274
1 253 193 286 275
1 272 187 313 287
1 291 184 325 267
1 309 185 343 270
1 321 186 356 274
1 349 190 385 277
1 365 182 401 270
1 386 183 422 274
1 419 185 457 278
3 476 83 491 103
3 81 81 89 94
3 90 79 99 99
3 103 79 113 94
3 120 79 127 99
3 126 78 136 97
3 146 78 154 96
3 157 80 168 98
3 56 182 65 199
3 79 183 92 197
3 128 179 141 198
3 148 180 161 196
3 206 180 216 193
3 216 179 229 188
3 253 176 266 194
3 270 175 281 191
3 279 176 289 189
3 285 170 299 184
3 317 175 330 188
3 333 173 350 189
3 301 173 315 187
3 356 179 369 189
5 1 72 355 162
5 374 79 497 153
