61
1 490 231 539 351
1 474 199 505 277
1 502 165 521 213
1 491 166 509 211
1 513 165 531 209
1 528 174 546 230
1 386 196 414 266
1 349 221 385 308
1 313 218 345 296
1 325 193 352 260
1 320 173 338 216
1 314 281 350 371
1 259 209 297 303
1 241 233 278 324
1 185 235 221 322
1 121 242 157 333
1 168 182 186 226
1 98 221 128 298
1 24 201 49 265
1 82 174 97 211
1 95 166 107 195
1 119 174 138 223
1 106 167 116 195
1 14 158 28 192
1 23 162 38 198
1 36 162 47 191
1 41 155 54 190
1 54 156 66 189
1 64 159 77 191
1 74 158 86 189
1 130 157 143 188
1 145 156 156 185
1 139 156 152 187
1 155 157 167 186
1 162 158 173 184
1 175 159 184 184
1 188 160 197 184
1 200 157 211 184
1 210 155 222 186
1 220 153 232 186
1 237 154 249 185
1 248 155 261 187
1 256 155 266 183
1 267 154 277 182
1 278 156 289 183
1 285 150 297 180
1 294 153 304 181
1 303 152 313 179
1 311 154 321 180
1 340 152 351 181
1 333 149 345 179
1 328 150 338 177
1 318 152 329 178
1 356 150 366 178
1 365 153 375 179
1 491 143 502 170
3 480 175 501 201
3 102 193 113 208
3 110 200 125 218
5 0 107 324 148
5 358 95 540 179
