40
1 398 502 435 592
1 429 492 461 570
1 460 494 484 555
1 478 490 500 545
1 481 497 508 563
1 495 490 515 538
1 505 500 527 557
1 526 491 548 544
1 534 496 556 552
1 554 495 569 531
1 567 496 584 537
1 590 503 626 593
1 614 496 652 592
1 693 490 735 594
1 650 495 668 542
1 740 501 787 616
1 375 503 408 586
1 837 502 856 552
1 845 503 862 547
1 902 504 932 578
1 881 505 898 549
1 791 504 809 547
1 773 500 792 548
1 956 505 986 581
1 975 492 1024 658
1 954 510 968 544
1 934 504 951 549
1 871 507 881 534
1 807 506 822 546
1 688 508 706 555
1 665 501 683 548
3 347 493 369 520
3 360 487 376 514
3 300 491 323 511
3 270 487 290 503
3 228 475 244 493
3 210 475 224 488
3 74 463 95 482
3 3 460 26 483
5 2 451 569 562
