43
1 64 217 96 297
1 124 219 156 298
1 199 216 230 295
1 262 214 296 297
1 36 139 59 198
1 66 120 87 174
1 369 97 383 135
1 347 99 363 138
1 353 99 368 138
1 292 116 310 159
1 284 117 302 160
1 269 126 284 166
1 245 132 263 177
1 183 119 202 169
3 10 146 31 191
3 194 127 211 158
3 201 108 214 124
3 211 109 224 123
3 242 97 260 111
3 342 139 367 183
3 328 140 346 174
3 333 127 350 145
3 305 144 323 178
3 364 127 381 162
3 383 126 397 163
3 229 132 250 166
3 254 114 270 136
3 239 111 254 125
3 256 127 270 142
3 112 114 130 124
3 142 115 164 125
3 164 133 183 150
3 150 135 165 148
3 128 135 144 152
3 132 123 143 134
3 74 147 102 174
3 91 126 112 149
3 101 118 124 133
3 38 107 49 129
3 27 128 49 147
3 3 122 25 141
3 52 107 71 124
5 82 139 336 256
