39
1 327 75 348 129
1 345 73 381 160
1 394 75 423 149
1 408 78 429 132
1 422 76 445 132
1 511 78 545 161
1 524 74 552 146
1 570 302 587 347
1 577 305 593 346
1 531 303 553 357
1 510 305 533 361
1 468 305 489 359
1 428 300 443 337
1 408 308 427 355
1 399 303 412 335
1 360 305 385 365
1 342 300 356 337
1 329 300 342 334
1 311 299 334 355
1 290 282 311 335
1 260 286 264 298
1 245 283 249 295
1 235 283 241 297
1 203 283 209 299
1 185 285 191 301
1 99 284 119 335
1 83 281 117 367
1 10 273 36 339
1 27 220 33 236
3 34 93 81 161
3 87 97 127 160
3 138 103 184 162
3 200 102 235 160
3 249 109 286 161
3 555 315 573 345
3 446 317 466 344
3 442 297 454 316
5 1 215 162 306
5 160 232 316 303
