121
1 0 122 16 185
1 371 99 387 138
1 362 101 376 138
1 352 102 365 135
1 335 103 350 142
1 323 105 337 140
1 306 107 320 142
1 296 109 308 140
1 279 106 293 143
1 267 107 279 139
1 254 107 268 141
1 228 109 241 142
1 213 111 226 142
1 237 108 250 140
1 185 112 196 140
1 91 118 107 158
1 99 115 119 163
1 109 116 129 165
1 120 121 137 163
1 129 119 147 166
1 139 122 158 172
1 150 125 168 171
1 162 130 178 170
1 171 128 188 173
1 185 133 201 175
1 193 129 212 178
1 204 130 224 181
1 219 133 239 184
1 231 133 252 184
1 245 134 266 186
1 257 134 280 190
1 267 135 291 193
1 282 139 305 197
1 300 144 322 199
1 314 143 338 202
1 330 147 352 204
1 344 148 366 205
1 362 150 383 204
1 379 153 402 209
1 394 152 418 211
1 412 158 436 217
1 428 159 451 217
1 449 159 472 217
1 465 158 491 222
1 489 162 513 224
1 507 160 535 232
1 533 167 561 237
1 567 159 595 230
1 555 172 581 239
1 578 172 607 246
1 602 177 630 247
1 635 182 660 245
1 656 185 683 251
1 680 190 706 256
1 706 191 736 265
1 738 191 770 269
1 770 198 796 265
1 802 204 833 283
1 838 206 873 294
1 874 197 913 292
1 905 188 941 279
1 917 270 971 404
1 863 276 921 418
1 813 290 873 439
1 803 254 855 380
1 755 259 808 389
1 763 314 830 479
1 710 348 778 514
1 696 278 752 415
1 680 256 725 367
1 0 399 62 553
1 119 447 164 558
1 223 451 266 558
1 312 412 372 558
1 269 357 343 541
1 150 335 209 482
1 68 307 136 476
1 93 248 140 364
1 159 260 200 363
1 201 279 247 394
1 283 291 329 405
1 298 260 345 377
1 346 319 401 455
1 431 332 488 472
1 509 342 577 507
1 614 378 681 545
1 637 301 697 448
1 561 286 611 407
1 546 255 589 360
1 450 204 485 292
1 479 271 529 394
1 382 223 422 321
1 356 277 405 400
1 316 236 355 334
1 238 245 281 351
3 165 110 183 123
3 132 110 149 120
3 690 232 721 257
3 621 217 654 237
3 634 237 658 263
3 630 260 657 297
3 435 226 466 244
3 389 490 442 538
3 457 494 513 550
3 405 430 458 480
3 570 229 599 266
3 558 207 580 230
3 504 199 528 228
3 501 222 527 247
3 501 239 530 262
3 195 235 233 260
3 264 221 302 253
3 347 217 372 243
3 361 236 401 275
5 0 48 161 91
5 194 51 329 95
5 351 48 440 89
5 447 52 551 93
5 565 52 754 94
5 758 51 998 101
5 628 101 998 295
