30
1 24 158 51 225
1 50 155 97 271
1 60 158 126 319
1 99 148 161 299
1 133 146 180 262
1 147 155 206 302
1 193 156 252 302
1 216 140 291 322
1 248 138 317 308
1 301 131 387 342
1 357 140 424 307
1 407 136 488 337
1 465 146 507 265
3 4 155 20 171
3 39 148 51 164
3 46 147 59 164
3 60 144 74 164
3 103 145 121 163
3 146 146 158 171
3 175 145 190 168
3 197 156 214 175
3 207 147 220 165
3 232 143 249 163
3 266 146 283 162
3 303 148 323 174
3 317 136 337 166
3 353 143 370 168
3 424 151 439 174
3 465 151 480 175
3 410 151 426 169
