35
1 0 233 101 614
1 3 224 174 641
1 49 235 219 652
1 162 232 322 624
1 244 228 419 656
1 379 249 544 654
1 418 244 586 654
1 508 258 671 657
1 551 230 725 654
1 659 241 829 658
1 756 232 850 623
3 9 5 49 69
3 66 51 84 79
3 39 48 64 81
3 91 54 113 80
3 112 55 136 81
3 128 42 148 65
3 492 72 516 98
3 524 73 554 110
3 568 83 594 114
3 601 66 631 97
3 624 62 649 88
3 656 60 682 81
3 679 47 700 67
3 701 52 726 75
3 733 47 766 74
3 797 50 819 79
3 168 229 219 288
3 273 227 314 275
3 346 223 389 290
3 385 227 432 286
3 527 225 561 277
3 679 209 721 266
3 650 226 691 288
5 4 1 848 170
