46
1 455 252 468 286
1 480 230 495 266
1 440 210 452 239
1 420 220 432 252
1 396 231 406 257
1 374 239 385 267
1 347 247 359 277
1 319 252 329 279
1 299 254 312 286
1 276 263 286 289
1 250 269 261 296
1 224 270 234 298
1 190 266 203 298
1 166 267 179 300
1 148 262 157 286
1 138 246 150 276
1 149 236 161 265
1 160 223 171 250
1 176 213 188 242
1 191 203 203 235
1 206 198 216 223
1 219 193 228 216
1 229 181 241 210
1 242 176 254 205
1 252 167 265 198
1 259 159 271 191
1 265 156 276 183
1 277 154 288 182
1 284 153 293 177
1 293 151 301 174
1 298 142 308 170
1 312 141 322 168
1 322 138 333 166
1 338 137 349 164
1 354 134 366 163
1 372 131 382 156
1 391 128 403 157
1 408 133 417 158
1 420 135 430 163
1 430 139 439 164
1 436 143 445 166
1 445 152 456 178
1 455 156 465 184
1 456 199 467 228
1 470 187 482 216
5 455 162 485 197
