38
1 411 265 427 304
1 385 200 401 239
1 376 182 391 220
1 306 204 320 242
1 301 186 314 220
1 289 161 303 197
1 227 165 241 200
1 259 195 273 230
1 248 194 259 224
1 278 190 289 220
1 414 182 426 215
1 426 179 437 206
1 400 180 410 205
1 406 178 416 203
1 450 178 466 218
1 534 177 547 212
1 546 174 561 212
1 513 178 526 209
1 502 175 514 205
1 596 127 603 146
1 482 81 491 104
1 35 176 46 206
1 56 235 69 270
1 79 243 93 279
1 107 251 122 288
1 126 260 139 294
1 252 273 265 308
1 286 274 300 311
1 323 278 336 313
1 346 277 359 312
1 376 276 390 312
1 368 230 383 267
5 216 13 343 50
5 352 18 604 153
5 396 153 592 220
5 23 143 399 217
5 13 75 352 143
5 122 23 191 84
