29
1 18 216 67 339
1 122 223 156 308
1 161 234 191 309
1 183 232 213 308
1 209 233 240 309
1 202 226 232 300
1 154 224 186 303
1 115 223 143 293
1 222 224 252 299
1 234 230 265 308
1 244 227 273 299
1 261 232 291 308
1 283 227 313 301
1 292 232 322 309
1 309 215 343 301
1 327 227 360 308
1 339 219 373 301
1 355 229 388 311
1 376 227 409 311
1 401 223 436 312
1 422 224 460 319
1 438 216 476 312
1 453 223 492 320
1 464 212 506 314
1 495 210 539 318
1 535 213 579 322
3 430 216 444 238
3 404 217 424 241
4 266 189 321 237
