32
1 351 110 410 255
1 379 71 434 206
1 370 85 423 218
1 332 113 383 237
1 311 122 364 255
1 274 117 329 255
1 239 111 297 255
1 204 113 263 258
1 170 111 228 256
1 134 104 191 244
1 101 97 159 238
1 69 94 127 237
1 36 95 94 238
3 35 72 65 146
3 52 78 88 127
3 103 89 127 125
3 92 56 127 103
3 118 78 135 101
3 130 88 154 131
3 143 80 165 115
3 157 84 185 136
3 171 76 193 108
3 183 87 217 139
3 197 55 218 98
3 202 77 223 112
3 214 87 247 140
3 244 106 271 141
3 258 89 284 140
3 282 88 318 140
3 318 95 345 149
3 332 73 358 131
3 357 71 388 114
