34
1 4 191 30 256
1 73 183 97 245
1 86 186 112 251
1 144 177 166 232
1 312 142 339 207
1 280 152 297 196
1 241 161 262 213
1 215 149 235 197
1 242 140 261 189
1 257 131 270 164
1 270 128 288 172
1 263 112 274 142
1 253 109 264 138
1 237 118 251 153
1 231 113 243 144
1 216 108 226 136
1 209 103 218 128
1 199 104 210 133
1 183 104 192 128
1 175 105 184 128
1 164 96 173 121
1 144 100 153 124
1 125 96 137 125
1 104 95 113 118
1 101 92 107 110
1 89 94 97 115
1 69 91 77 112
1 60 90 69 112
1 49 90 57 109
1 34 87 43 111
1 16 87 23 107
1 9 87 17 107
1 292 133 309 175
5 278 109 310 151
