30
1 254 374 306 503
1 300 370 322 426
1 401 366 408 386
1 403 366 412 388
1 366 448 382 490
1 383 437 403 485
1 370 432 389 478
1 393 413 403 438
1 402 411 415 443
1 408 409 421 442
1 414 411 425 439
1 420 412 429 436
1 536 505 557 556
1 544 505 568 567
1 555 500 584 571
1 411 538 431 590
1 376 561 403 626
1 404 581 429 643
1 636 376 652 416
1 626 374 641 412
4 573 357 603 384
4 499 422 507 462
4 592 466 597 517
4 570 466 579 507
4 687 528 702 589
4 719 539 732 611
4 725 369 738 416
4 699 370 714 406
4 676 368 698 417
4 252 372 266 409
