75
1 12 230 40 300
1 102 230 132 306
1 216 233 245 304
1 298 234 325 302
1 420 227 448 296
1 439 200 460 251
1 467 178 477 206
1 458 171 467 195
1 29 189 51 242
1 88 192 107 240
1 140 192 160 243
1 215 198 234 246
1 271 192 292 245
1 322 190 343 242
1 59 170 74 208
1 97 173 113 212
1 139 176 152 208
1 85 155 96 184
1 111 165 123 194
1 117 160 128 188
1 119 152 129 177
1 126 156 135 180
1 134 150 142 172
1 147 147 156 168
1 147 167 159 197
1 152 160 164 189
1 160 154 170 180
1 169 150 177 173
1 177 146 186 168
1 184 164 197 197
1 187 154 200 187
1 197 150 205 172
1 202 147 209 167
1 250 133 255 148
1 217 177 227 205
1 210 168 223 199
1 225 163 234 188
1 219 156 227 177
1 237 148 244 166
1 238 153 249 179
1 248 167 261 200
1 254 181 269 219
1 293 182 309 221
1 279 172 290 199
1 268 162 278 187
1 265 151 275 177
1 283 149 291 170
1 289 152 296 172
1 291 156 299 178
1 298 159 308 183
1 320 171 332 201
1 333 176 348 213
1 364 171 376 202
1 398 171 411 202
1 438 173 451 207
1 306 149 312 167
1 319 154 326 173
1 328 149 336 169
1 332 157 340 179
1 345 154 352 173
1 348 161 358 189
1 362 159 372 183
1 379 164 389 189
1 360 153 367 173
1 385 158 393 180
1 391 156 399 176
1 414 159 423 184
1 420 164 430 192
1 424 160 433 182
3 220 149 230 158
3 245 151 255 163
3 265 147 272 156
3 348 148 356 161
3 364 147 370 160
3 106 152 117 164
