44
1 0 167 40 327
1 9 168 63 299
1 57 162 111 296
1 102 163 153 288
1 157 168 204 283
1 197 167 239 270
1 219 161 319 408
1 294 168 368 349
1 381 162 447 323
1 438 172 494 308
1 487 169 532 281
1 506 168 545 265
1 477 166 521 273
1 584 167 626 273
1 362 176 384 232
1 352 175 372 223
1 651 180 662 209
1 659 181 671 213
1 671 181 683 211
1 635 182 646 210
1 625 180 637 211
1 613 180 626 211
1 532 178 548 218
1 537 181 550 216
1 542 181 557 217
1 547 180 561 215
3 683 180 687 211
3 672 181 676 188
3 660 180 665 189
3 382 172 389 192
3 428 171 440 192
3 438 171 448 192
3 450 171 459 190
3 481 175 488 188
3 490 174 495 182
3 526 171 533 184
3 297 166 321 193
3 364 177 372 188
3 348 170 354 186
3 353 175 360 184
3 154 170 162 184
3 198 165 212 185
3 236 164 266 202
5 554 175 600 194
