60
1 243 99 297 231
1 286 95 332 211
1 317 80 398 279
1 384 115 436 244
1 414 114 450 262
1 404 98 450 241
1 8 101 30 157
1 28 107 49 159
1 18 100 39 155
1 40 105 60 157
1 49 105 74 165
1 79 103 102 162
1 59 104 81 158
1 66 107 86 156
1 91 105 113 162
1 104 110 124 161
1 117 105 132 144
1 220 106 248 174
1 239 117 268 190
1 232 106 259 172
1 122 123 186 281
1 173 120 237 277
3 0 86 14 195
3 189 101 204 135
3 161 104 179 135
3 182 109 191 121
3 180 101 184 112
3 174 101 179 113
3 144 113 163 142
3 30 97 37 109
3 42 101 47 112
3 38 95 42 104
3 49 97 57 112
3 76 105 81 114
3 82 99 87 108
3 93 98 101 107
3 110 100 120 111
3 128 102 139 111
3 125 108 135 120
3 140 103 148 114
3 149 104 156 113
3 155 108 159 117
3 204 103 210 111
3 208 113 216 119
3 218 113 226 128
3 215 104 222 115
3 224 106 233 118
3 239 107 244 121
3 256 105 263 112
3 252 112 264 123
3 324 99 335 118
3 316 86 327 107
3 279 103 293 126
3 288 99 303 119
3 373 98 377 120
3 377 100 385 121
3 380 97 392 121
3 396 102 405 122
3 402 103 416 115
3 441 99 449 111
