59
1 10 192 106 427
1 0 159 45 320
1 164 171 236 349
1 455 186 536 385
1 530 163 590 310
1 383 223 472 443
1 303 154 353 279
1 133 151 179 266
1 87 142 122 230
1 208 148 246 242
1 256 135 292 223
1 249 127 276 195
1 291 126 316 186
1 330 131 362 211
1 365 153 405 252
1 420 142 456 233
1 454 139 481 207
1 231 109 251 158
1 203 121 220 163
1 385 124 409 186
1 475 128 497 185
1 498 124 522 182
1 522 123 535 154
1 537 117 552 156
1 551 115 564 148
3 52 156 73 198
3 74 159 91 198
3 163 116 175 144
3 150 134 162 152
3 134 147 147 175
3 113 149 128 180
3 183 134 193 159
3 175 144 189 179
3 245 126 254 178
3 278 123 286 140
3 275 119 279 133
3 266 114 271 121
3 289 129 297 146
3 314 118 324 138
3 336 118 345 149
3 359 109 364 128
3 368 106 373 129
3 374 106 378 122
3 387 106 393 133
3 395 108 403 118
3 409 123 417 155
3 422 122 432 142
3 414 112 419 123
3 429 111 439 117
3 433 119 441 136
3 439 121 448 134
3 451 121 458 134
3 463 113 471 131
3 456 111 462 124
3 445 112 456 119
3 476 115 483 125
3 471 114 479 127
3 492 115 503 126
3 516 120 525 143
