40
1 135 130 217 331
1 440 149 500 350
1 398 135 477 330
1 284 127 354 301
1 192 130 262 304
1 68 111 135 274
1 17 113 60 221
1 338 106 394 245
1 259 90 296 183
1 248 84 280 165
1 237 84 265 156
1 127 78 155 150
1 0 74 22 142
1 60 69 84 127
1 74 85 96 141
1 196 62 216 113
1 167 65 182 102
1 176 66 192 106
1 384 85 424 184
1 33 81 64 158
3 201 117 241 157
3 213 91 240 125
3 213 77 235 103
3 288 84 316 119
3 323 90 358 137
3 337 80 354 103
3 414 88 453 145
3 464 82 493 131
3 460 70 484 93
3 430 73 461 98
3 411 67 438 92
3 397 62 420 82
3 369 62 390 84
3 367 76 393 107
3 247 74 264 92
3 245 62 260 78
3 226 63 240 77
3 114 64 134 85
3 24 76 45 105
5 1 44 499 81
