38
1 92 169 153 320
1 179 166 235 306
1 573 173 624 300
1 472 178 506 262
1 442 186 473 265
1 404 183 439 269
1 361 181 399 274
1 77 177 133 315
1 67 184 110 288
1 155 185 200 294
1 145 186 184 284
1 142 190 164 244
1 237 185 279 289
1 222 188 261 283
1 292 182 330 277
1 351 188 381 263
1 384 186 417 268
1 418 181 451 262
1 454 179 485 255
1 433 184 459 250
1 335 181 372 274
1 486 163 555 332
1 258 178 305 292
1 314 184 355 284
1 541 175 597 315
3 134 180 147 210
3 185 174 201 196
3 217 184 228 198
3 222 177 234 206
3 255 178 273 200
3 286 179 299 197
3 302 189 308 198
3 318 186 326 202
3 340 184 349 200
3 387 188 395 200
3 409 179 418 198
3 61 190 80 283
3 76 180 87 203
