30
1 14 120 31 162
1 22 120 40 163
1 46 154 80 238
1 78 151 113 239
1 104 128 134 203
1 93 126 121 198
1 120 134 150 207
1 150 138 181 214
1 187 144 217 221
1 244 140 274 217
1 225 163 250 225
1 267 156 296 226
1 303 155 332 225
1 285 134 316 210
1 316 137 350 219
1 358 151 388 225
1 403 154 446 258
1 433 159 475 262
1 536 134 566 209
1 504 132 537 216
1 76 123 88 153
1 336 114 340 126
3 473 128 499 178
3 441 126 466 160
3 412 133 434 174
3 63 125 73 143
3 71 124 80 138
3 55 125 63 148
3 192 120 200 138
3 214 122 224 141
