34
1 21 517 53 596
1 55 512 88 595
1 6 522 36 596
1 141 528 179 624
1 188 519 228 618
1 262 525 299 618
1 295 523 336 623
1 235 515 267 593
1 125 505 157 586
1 221 513 251 589
1 158 509 184 575
1 333 508 361 576
1 351 518 392 620
1 391 502 438 618
1 432 502 454 570
1 204 517 237 601
3 0 515 16 593
3 42 513 57 558
3 67 484 80 518
3 147 522 159 537
3 151 510 161 525
3 160 485 177 514
3 144 488 160 508
3 175 483 199 509
3 217 491 240 521
3 245 479 262 511
3 258 483 274 514
3 272 488 284 505
3 280 496 294 516
3 372 497 391 543
3 265 509 276 536
3 257 506 269 528
3 285 520 299 544
3 279 508 291 525
