30
1 412 183 526 464
1 448 141 580 465
1 551 153 642 377
1 329 180 448 471
1 112 187 212 433
1 43 178 163 470
1 533 136 567 222
3 2 246 116 475
3 189 197 261 363
3 279 167 338 253
3 604 182 690 330
3 546 254 696 466
3 190 231 347 469
3 24 154 71 252
3 22 161 48 184
3 102 151 134 217
3 158 164 190 217
3 179 140 211 198
3 379 149 412 221
3 403 138 436 216
3 426 152 454 211
3 648 156 682 191
3 616 143 643 176
3 680 145 692 170
3 658 140 677 165
3 641 132 658 162
3 655 121 673 146
3 667 122 682 148
3 558 147 592 213
5 3 113 625 178
