74
1 49 282 107 427
1 63 254 121 397
1 60 228 105 338
1 84 203 133 326
1 105 92 130 155
1 230 84 257 149
1 236 79 262 144
1 271 88 295 146
1 303 89 328 149
1 341 85 366 146
1 366 90 391 150
1 398 88 422 150
1 411 57 430 104
1 415 24 426 54
1 384 21 400 61
1 365 23 380 59
1 358 18 373 55
1 353 15 367 53
1 341 22 354 56
1 334 24 347 56
1 315 23 332 64
1 307 25 322 65
1 303 35 314 62
1 287 29 302 67
1 481 28 494 63
1 503 32 516 66
1 522 31 535 63
1 542 28 557 68
1 552 25 567 62
1 561 25 578 68
1 575 27 590 66
1 584 30 598 66
1 593 34 606 69
1 676 37 690 73
1 213 285 266 417
1 204 228 248 337
1 218 210 261 314
1 311 281 369 423
1 297 253 348 381
1 297 231 346 350
1 404 287 457 416
1 393 260 442 381
1 384 218 425 321
1 446 214 492 327
1 454 236 498 344
1 469 251 519 375
1 485 285 536 409
1 589 282 643 414
1 569 254 618 377
1 544 234 590 346
1 528 217 571 325
1 10 1 24 35
1 121 5 135 40
3 317 201 346 258
3 386 231 439 297
3 244 45 261 69
3 245 56 256 70
3 247 63 260 80
3 242 68 254 85
3 277 45 289 67
3 277 60 292 80
3 273 70 284 86
3 272 78 283 95
3 299 50 317 68
3 327 52 341 69
3 374 51 387 73
3 378 60 392 79
3 362 68 378 95
3 356 63 373 84
3 354 55 366 79
3 536 25 548 39
3 521 28 531 40
3 498 18 511 34
3 520 20 537 33
