38
1 848 333 951 588
1 700 313 782 514
1 620 291 703 494
1 431 286 529 525
1 508 294 603 526
1 315 441 413 681
1 344 279 452 543
1 387 276 485 517
1 164 282 248 487
1 673 234 741 400
1 747 242 820 423
1 822 296 903 495
1 904 326 980 513
1 958 262 1024 429
1 257 295 325 464
1 559 285 635 473
3 7 321 65 449
3 98 310 165 416
3 57 265 91 329
3 1 256 45 319
3 70 225 97 287
3 108 228 136 294
3 140 253 169 306
3 223 242 259 301
3 273 216 320 305
3 334 241 383 329
3 342 316 385 393
3 376 221 416 285
3 488 238 527 324
3 529 248 570 311
3 566 233 590 276
3 572 241 603 304
3 641 235 685 307
3 935 253 975 324
3 932 308 973 369
3 1007 239 1019 371
3 511 599 594 679
3 380 543 637 679
