44
1 88 177 110 232
1 140 177 162 233
1 178 178 200 233
1 189 168 215 234
1 213 177 236 235
1 223 172 236 203
1 246 177 271 237
1 264 177 288 237
1 285 175 309 235
1 279 177 296 221
1 282 129 296 165
1 322 142 332 170
1 319 175 342 234
1 309 175 335 242
1 299 177 323 235
1 328 172 354 237
1 339 173 363 235
1 337 139 394 278
1 479 51 595 335
1 396 103 495 345
1 580 174 600 239
1 416 165 447 243
1 414 180 434 232
3 270 162 285 180
3 346 162 358 182
3 367 143 376 160
3 380 149 389 172
3 391 148 402 182
3 399 175 414 212
3 359 192 417 267
4 179 26 191 56
4 197 48 216 77
4 214 50 231 80
4 234 46 246 70
4 265 46 275 67
4 282 58 297 87
4 305 48 317 68
4 317 46 324 69
4 335 62 353 89
4 330 64 343 86
4 368 38 380 67
4 393 54 416 83
4 403 26 422 47
4 427 44 435 62
