56
1 140 196 156 235
1 218 194 235 237
1 323 193 339 234
1 379 165 393 200
1 386 131 397 157
1 348 142 361 177
1 334 127 344 154
1 302 166 314 199
1 287 143 297 170
1 280 131 290 156
1 218 166 230 195
1 219 145 227 166
1 166 135 176 159
1 160 144 172 175
1 152 166 166 201
1 117 134 128 160
1 101 145 112 172
1 78 169 91 201
1 50 193 68 236
1 14 171 26 202
1 42 149 55 180
1 62 132 74 161
1 12 131 23 157
3 216 128 230 143
3 378 91 388 102
3 159 55 164 64
3 154 56 159 62
3 153 60 160 68
3 147 61 154 68
3 142 60 147 69
3 138 55 145 64
3 104 56 110 65
3 109 54 114 67
3 99 55 105 65
3 99 51 104 59
3 298 77 303 86
3 238 54 246 66
3 224 7 231 16
3 318 68 325 78
3 310 68 317 78
3 303 66 311 77
3 128 51 134 60
3 118 50 126 59
3 81 63 88 73
3 76 61 82 75
3 71 61 78 74
3 47 81 53 95
3 6 82 12 92
3 0 81 6 92
4 219 237 237 260
4 320 232 357 260
4 356 194 407 235
4 155 203 177 222
4 142 234 160 259
4 13 205 33 238
5 0 1 407 98
