41
1 72 82 166 313
1 0 92 71 289
1 41 107 100 250
1 119 106 199 301
1 148 107 208 257
1 175 106 229 239
1 210 109 281 285
1 244 120 298 251
1 271 106 356 317
1 327 119 406 312
1 402 132 465 285
1 432 130 489 272
1 473 136 520 253
1 498 144 538 245
1 524 150 561 241
1 539 152 572 233
1 553 151 586 233
1 567 154 597 229
1 584 158 609 220
1 594 160 617 217
1 603 163 624 215
1 608 163 628 213
1 617 166 634 209
1 401 143 440 239
1 382 142 415 225
1 623 167 640 209
1 216 131 243 197
1 200 120 232 199
3 0 102 10 162
3 52 106 68 134
3 84 104 102 141
3 104 113 113 133
3 41 102 55 124
3 8 96 24 122
3 337 118 356 152
3 292 127 305 142
3 484 144 494 159
3 472 144 481 159
3 531 150 537 168
3 522 149 529 165
5 216 118 247 135
