31
1 513 78 588 262
1 476 84 542 245
1 424 87 483 234
1 401 87 454 220
1 357 94 403 209
1 340 86 388 203
1 395 99 414 147
1 307 95 346 193
1 297 95 331 181
1 267 93 301 175
1 282 96 313 171
1 251 102 282 179
1 240 95 272 174
1 317 93 357 190
1 211 94 243 173
1 202 94 231 168
1 187 96 220 178
1 178 88 209 165
1 134 82 175 182
1 153 86 184 163
1 114 102 144 175
1 124 92 153 166
1 101 92 132 171
1 85 96 113 168
1 50 83 90 182
1 0 39 96 293
3 343 94 359 132
3 347 86 363 115
3 304 127 355 202
3 153 91 174 120
3 48 87 86 182
