37
1 138 32 195 173
1 241 64 272 140
1 264 85 282 129
1 275 95 283 117
1 280 97 288 117
1 238 95 246 118
1 229 90 241 121
1 209 84 226 126
1 199 98 207 117
1 194 96 203 120
1 192 98 198 116
1 146 94 157 120
1 140 99 145 115
1 130 98 138 119
1 121 83 138 126
1 91 63 125 145
1 88 93 99 120
1 80 95 88 117
1 62 77 86 135
1 44 84 61 126
1 33 85 47 123
1 21 89 34 120
1 15 95 23 117
1 12 98 18 116
1 8 97 15 115
1 6 99 12 113
1 4 101 8 113
1 58 100 66 119
3 84 95 90 107
4 166 149 297 191
4 107 137 208 147
4 186 128 235 133
4 230 122 253 126
4 71 131 145 138
4 47 121 86 129
4 275 134 299 144
5 118 98 130 115
