66
1 129 183 195 347
1 189 158 255 320
1 248 112 321 293
1 315 139 386 313
1 526 187 550 273
1 513 189 544 264
1 492 188 521 258
1 504 186 529 250
1 483 185 515 266
1 466 188 495 260
1 449 190 479 267
1 432 188 460 260
1 417 187 442 251
1 394 193 424 268
1 384 195 408 257
1 375 193 393 238
1 314 198 341 266
1 307 194 333 260
1 304 189 328 248
1 302 195 320 241
1 242 195 271 268
1 174 184 212 280
1 231 188 253 244
1 104 190 135 266
1 120 197 144 259
1 99 192 126 260
1 93 196 118 257
1 79 195 110 272
1 75 196 100 259
1 56 197 85 269
1 68 187 95 254
1 34 186 70 276
1 0 195 18 267
1 51 189 78 256
3 26 192 34 228
3 37 185 46 204
3 18 188 29 230
3 14 190 21 206
3 7 190 14 209
3 90 183 99 195
3 98 188 106 202
3 104 187 113 199
3 84 187 94 203
3 140 195 150 212
3 146 190 154 204
3 139 187 145 196
3 130 189 141 199
3 170 192 178 204
3 176 192 187 206
3 307 188 314 199
3 405 185 417 197
3 415 184 423 197
3 420 184 427 196
3 376 186 385 197
3 362 188 388 278
3 467 183 477 201
3 482 184 490 197
3 534 183 542 197
3 516 185 526 200
3 456 180 466 196
3 432 185 437 198
3 281 205 313 270
5 69 183 153 193
5 256 184 271 201
5 300 185 308 200
5 385 182 535 190
