50
1 427 221 563 553
1 637 249 750 557
1 582 224 712 544
1 526 229 647 524
1 498 244 600 493
1 313 220 451 556
1 271 257 391 550
1 253 227 374 523
1 213 217 329 499
1 201 234 298 472
1 168 222 255 438
1 155 236 232 425
1 136 229 211 411
1 33 238 166 562
1 0 225 76 558
1 0 229 89 524
1 88 211 212 514
3 391 230 442 285
3 426 211 456 262
3 415 216 442 251
3 416 181 455 227
3 456 177 504 231
3 505 203 529 257
3 529 207 564 258
3 559 201 596 251
3 585 209 608 247
3 613 216 633 252
3 633 206 665 243
3 653 206 666 240
3 666 211 676 243
3 674 216 688 252
3 702 214 733 261
3 717 203 740 241
3 699 195 728 218
3 647 171 682 217
3 373 178 411 226
3 330 175 368 231
3 290 173 331 218
3 256 185 294 220
3 290 212 314 255
3 282 215 303 250
3 232 212 264 243
3 213 178 254 219
3 178 183 224 225
3 171 205 192 252
3 101 214 130 259
3 73 209 108 251
3 8 210 56 269
3 0 211 14 229
3 52 219 80 249
