30
1 1276 1079 1747 2228
1 1556 1206 1973 2223
1 1815 1206 2239 2240
1 2049 1225 2455 2217
3 210 1117 429 1689
3 460 1145 680 1691
3 680 1171 887 1692
3 562 993 747 1264
3 793 1002 963 1243
3 856 1233 1036 1763
3 1017 1248 1195 1762
3 1188 1205 1421 1763
3 995 987 1169 1225
3 1159 992 1333 1234
3 1347 997 1561 1252
3 1607 980 1822 1206
3 1820 971 2053 1411
3 2030 1015 2256 1374
3 2203 973 2437 1278
3 2372 1140 2638 1801
3 2648 1191 2843 1800
3 2811 1206 3004 1800
3 2946 1183 3134 1800
3 2397 1006 2608 1313
3 2582 1006 2780 1374
3 2744 1042 2946 1376
3 3103 1205 3291 1825
3 3288 1214 3489 1821
3 3333 1119 3591 1824
3 3019 984 3238 1316
