32
1 67 179 184 465
1 133 191 246 466
1 210 228 305 462
1 257 233 349 460
1 314 226 411 462
1 352 189 466 467
1 421 219 520 463
1 474 221 574 464
1 513 223 611 463
1 592 257 677 466
1 634 231 700 464
1 10 209 42 290
1 0 219 20 310
3 53 205 67 237
3 69 201 82 230
3 257 202 272 224
3 282 190 299 220
3 294 202 316 229
3 313 212 330 231
3 444 213 471 242
3 610 215 635 251
3 581 213 612 249
3 566 199 583 219
3 682 204 699 236
3 646 215 661 240
3 639 208 653 230
3 622 203 639 223
3 656 210 670 229
3 663 218 679 241
3 494 208 509 232
3 81 195 91 214
5 242 191 694 222
