66
1 81 250 135 382
1 42 249 72 323
1 0 237 32 372
1 1 251 30 325
1 24 252 37 285
1 33 253 40 273
1 36 252 51 288
1 76 250 89 285
1 71 250 83 283
1 622 235 665 356
1 576 257 622 370
1 545 240 566 295
1 533 239 547 274
1 517 244 534 285
1 506 238 519 273
1 485 248 502 289
1 481 241 495 275
1 473 242 487 276
1 454 244 467 277
1 421 242 439 286
1 336 252 353 293
1 313 248 321 267
1 303 244 313 268
1 572 236 589 281
1 561 241 575 278
1 297 244 305 264
1 433 246 449 288
3 185 272 213 311
3 195 283 233 350
3 234 272 270 302
3 239 288 295 353
3 282 264 308 297
3 277 259 287 272
3 305 280 342 379
3 360 272 419 357
3 361 252 378 272
3 386 269 410 306
3 401 265 432 314
3 396 261 416 287
3 390 239 407 267
3 405 245 425 268
3 415 244 427 257
3 443 262 464 290
3 458 264 487 311
3 489 271 525 339
3 523 271 567 350
3 589 237 608 268
3 656 226 663 295
3 616 249 647 330
3 117 247 125 273
3 148 253 158 266
3 140 254 151 265
3 163 264 176 277
3 250 247 257 262
3 260 247 264 257
3 269 248 276 261
3 214 252 221 261
3 211 256 218 266
3 583 272 596 311
3 611 277 631 331
3 200 260 205 272
3 207 263 217 273
3 189 260 197 274
3 179 261 189 274
5 125 244 448 257
5 35 247 55 266
