36
1 53 186 168 467
1 11 232 103 456
1 159 290 213 424
1 126 292 181 428
1 227 332 256 405
1 316 321 350 407
1 378 317 415 410
1 415 272 484 443
1 403 274 468 436
1 459 267 536 457
1 446 273 518 450
1 502 193 619 478
1 536 165 626 485
1 477 205 581 460
1 490 174 610 470
1 392 303 438 418
1 402 300 451 419
3 226 98 334 292
3 303 326 329 408
3 510 228 547 444
3 196 312 214 336
3 205 327 217 351
3 194 295 207 318
3 210 350 234 388
3 218 316 244 353
3 203 297 221 328
3 126 263 146 435
3 31 219 56 269
3 16 201 39 246
3 9 207 28 263
3 9 166 44 214
3 0 138 28 507
4 268 448 395 498
4 7 733 134 814
4 3 433 207 581
5 349 382 382 399
