305
1 660 514 686 580
1 654 484 679 548
1 579 518 604 582
1 565 545 587 599
1 509 544 530 598
1 495 516 518 574
1 488 492 509 546
1 551 491 573 547
1 429 509 457 577
1 423 483 447 545
1 368 546 387 596
1 376 516 400 578
1 265 499 297 578
1 291 543 313 599
1 283 482 305 538
1 296 453 321 514
1 361 452 388 517
1 410 459 431 512
1 471 460 492 512
1 535 452 558 510
1 606 454 631 518
1 672 454 699 521
1 718 446 744 513
1 790 444 811 499
1 836 429 863 494
1 270 428 291 481
1 201 448 230 518
1 156 441 181 505
1 184 414 208 475
1 98 426 127 498
1 116 397 139 455
1 121 368 145 429
1 36 415 64 484
1 1 418 20 468
1 8 363 28 414
1 78 336 102 396
1 69 314 93 376
1 59 304 79 355
1 0 275 12 330
1 1 249 20 299
1 31 204 53 261
1 68 188 87 235
1 85 242 106 297
1 174 322 197 379
1 147 293 167 344
1 161 265 182 319
1 228 290 249 345
1 217 264 241 323
1 291 324 314 381
1 280 292 302 347
1 298 273 317 323
1 328 255 349 306
1 361 287 385 347
1 384 317 405 370
1 434 327 461 396
1 379 255 402 311
1 448 258 472 316
1 475 284 498 341
1 526 332 550 393
1 590 306 615 367
1 575 282 597 338
1 561 254 585 312
1 509 255 531 308
1 751 399 770 449
1 801 367 822 422
1 871 380 894 439
1 706 369 726 421
1 691 335 712 387
1 785 333 806 388
1 861 310 885 369
1 752 294 774 351
1 746 263 765 313
1 669 291 690 342
1 657 266 675 312
1 646 238 666 288
1 685 197 701 239
1 741 195 757 235
1 737 236 759 289
1 793 261 814 312
1 832 250 855 306
1 885 249 900 291
1 874 216 896 270
1 812 240 831 287
1 795 217 814 265
1 835 196 852 240
1 845 178 861 218
1 863 156 877 193
1 781 186 802 237
1 778 175 796 218
1 779 132 799 180
1 809 118 826 163
1 822 109 837 149
1 852 111 869 153
1 849 95 861 128
1 844 72 859 111
1 849 40 866 84
1 885 56 900 95
1 877 12 896 58
1 849 8 868 54
1 816 5 833 46
1 773 0 789 38
1 725 170 743 216
1 712 153 728 192
1 628 207 648 258
1 628 190 646 235
1 654 170 673 217
1 562 211 581 261
1 557 189 573 230
1 479 211 500 266
1 443 188 462 238
1 397 229 420 286
1 388 189 405 231
1 359 204 380 256
1 338 229 359 280
1 302 209 320 256
1 277 229 297 279
1 217 232 233 272
1 206 204 224 250
1 256 200 273 241
1 139 231 157 277
1 143 247 162 295
1 127 212 147 262
1 98 222 121 279
1 159 200 176 244
1 220 174 242 227
1 292 161 310 208
1 309 179 328 226
1 286 151 303 192
1 341 160 360 207
1 401 155 423 208
1 453 156 473 206
1 507 167 524 211
1 548 155 567 205
1 597 157 617 205
1 632 148 651 194
1 673 135 692 182
1 748 107 768 155
1 735 119 751 161
1 776 106 790 143
1 87 166 107 214
1 112 139 129 183
1 161 157 179 202
1 127 112 145 157
1 64 109 82 154
1 78 88 96 135
1 101 68 120 116
1 53 75 72 123
1 0 78 14 129
1 16 57 31 94
1 43 61 62 107
1 82 52 99 94
1 96 28 114 75
1 62 17 81 64
1 36 31 56 81
1 19 5 38 53
1 7 0 22 37
1 106 0 119 34
1 143 1 154 29
1 148 5 163 44
1 155 13 171 54
1 141 49 155 85
1 162 71 175 105
1 167 138 183 177
1 175 118 193 164
1 222 81 241 129
1 221 68 235 105
1 196 45 212 87
1 174 36 189 74
1 204 13 220 55
1 239 8 253 46
1 257 0 268 29
1 207 163 219 196
1 208 140 225 181
1 240 120 258 163
1 254 105 272 148
1 272 83 287 123
1 279 59 297 102
1 289 54 302 87
1 295 34 308 69
1 279 11 298 57
1 282 132 301 181
1 348 136 367 185
1 325 120 340 158
1 329 96 349 146
1 336 83 350 119
1 360 32 376 72
1 345 16 358 48
1 319 9 333 45
1 371 0 382 29
1 386 56 403 98
1 389 98 402 133
1 392 125 405 160
1 464 126 481 167
1 432 95 452 146
1 419 78 433 115
1 428 26 447 76
1 460 51 479 98
1 475 84 492 127
1 527 75 541 111
1 527 121 546 167
1 537 100 553 141
1 598 123 615 165
1 591 99 607 139
1 592 75 610 119
1 557 61 575 104
1 567 42 583 84
1 534 37 548 71
1 659 122 676 163
1 653 96 672 143
1 646 81 660 118
1 631 66 645 101
1 643 45 655 78
1 627 31 643 70
1 622 20 635 52
1 598 4 610 37
1 555 11 569 47
1 686 19 702 60
1 676 3 692 42
1 710 0 725 35
1 748 22 765 64
1 734 8 749 46
1 713 47 727 84
1 713 89 726 122
1 714 104 730 144
1 729 62 743 100
1 578 25 593 65
3 262 579 298 600
3 354 579 386 598
3 436 576 466 600
3 436 546 467 584
3 519 581 545 602
3 659 549 707 599
3 581 580 628 601
3 360 489 405 518
3 880 448 900 504
3 61 0 74 29
3 327 62 357 83
3 331 35 347 61
3 388 36 410 52
3 392 17 414 37
3 390 1 415 23
3 229 244 255 267
3 790 147 808 171
3 886 170 899 199
3 885 192 900 221
3 863 133 885 152
3 864 115 890 139
3 889 68 900 123
3 788 90 808 109
3 790 71 809 93
3 793 39 814 56
3 743 0 767 15
3 637 0 663 42
3 620 0 650 34
3 664 0 695 35
3 720 125 741 153
3 542 0 573 27
3 582 0 606 25
3 469 25 493 69
3 476 19 495 40
3 480 0 505 33
3 427 0 455 19
3 439 12 456 32
3 342 0 364 17
3 301 0 342 18
3 265 0 298 21
3 225 0 271 29
3 179 0 229 26
3 1 29 19 65
4 0 471 278 555
4 310 500 347 596
4 403 517 432 595
4 456 507 510 598
4 523 532 575 600
4 587 534 640 602
4 619 515 784 598
4 745 503 897 545
4 709 424 830 492
4 522 388 603 426
4 613 381 685 399
4 599 347 660 367
4 614 323 657 352
4 509 309 592 343
4 465 346 544 378
4 369 374 522 418
4 274 374 371 412
4 225 341 304 376
4 169 377 248 410
4 114 309 164 339
4 18 300 57 348
4 486 135 526 143
4 551 122 584 147
4 494 99 517 120
4 309 89 322 110
4 300 104 315 128
4 265 164 278 190
4 135 88 159 108
4 113 39 140 49
4 227 55 280 68
4 503 51 516 66
4 510 38 521 56
4 499 65 520 78
4 499 79 527 96
4 621 123 640 149
5 789 37 819 91
