51
1 392 175 460 341
1 529 175 587 320
1 563 178 608 291
1 581 181 617 271
1 192 173 274 376
1 124 174 194 344
1 81 175 143 328
1 35 169 93 310
1 0 171 45 292
1 251 168 308 309
1 309 171 372 325
1 449 172 503 307
1 494 173 540 287
1 505 175 543 268
1 516 178 548 256
1 439 176 472 260
1 352 173 390 268
1 299 170 336 262
1 381 176 429 296
1 378 178 407 251
1 623 184 640 231
1 610 189 624 227
1 186 171 235 294
3 181 185 187 196
3 186 196 205 244
3 295 196 311 227
3 246 179 266 231
3 374 196 386 226
3 491 191 502 215
3 534 194 547 215
3 605 183 615 197
3 619 179 626 194
3 30 184 47 230
3 36 194 53 251
3 83 199 99 245
3 130 196 144 243
3 108 165 126 193
3 151 164 168 189
3 176 204 189 250
3 73 176 80 193
3 2 175 9 260
4 3 361 225 418
4 4 340 146 380
4 3 321 104 346
4 243 331 413 387
4 256 317 330 348
4 457 317 546 351
4 387 300 462 327
4 520 289 576 309
5 186 178 199 193
5 616 168 638 192
