69
1 34 532 83 653
1 130 594 182 720
1 90 410 132 514
1 181 461 226 573
1 211 360 248 453
1 271 414 311 513
1 240 528 288 648
1 310 598 356 714
1 333 462 380 580
1 357 353 399 455
1 424 417 464 517
1 418 528 467 651
1 528 595 582 726
1 529 463 575 575
1 514 356 553 453
1 623 419 662 516
1 648 538 694 652
1 722 463 766 570
1 691 355 731 453
1 798 423 837 520
1 849 355 889 455
1 815 594 867 721
1 857 529 902 642
1 909 470 951 573
1 962 420 1001 518
1 980 364 1018 456
1 1002 590 1052 714
1 1046 529 1093 643
1 1071 467 1113 571
1 1190 592 1243 722
1 1059 196 1082 252
1 1070 204 1098 272
1 1112 245 1140 314
1 0 216 17 278
1 18 215 44 282
1 52 217 78 281
1 91 203 119 272
1 71 201 98 269
1 77 184 106 254
1 51 184 78 250
3 140 2 168 54
3 1033 0 1058 63
3 1063 1 1082 67
3 1090 0 1102 68
3 1155 1 1190 36
3 1191 0 1224 36
3 1180 42 1214 84
3 1196 73 1216 123
3 1217 73 1244 124
3 1243 78 1262 131
3 1241 43 1270 91
3 1269 44 1282 91
3 1268 96 1282 159
3 1248 148 1276 208
3 1227 131 1256 180
3 1187 127 1229 187
4 325 151 397 272
4 436 146 506 272
4 544 171 620 299
4 650 159 718 296
4 27 650 118 736
4 138 720 217 801
4 306 708 394 813
4 423 635 480 808
4 342 568 376 704
4 1182 700 1243 810
4 980 700 1053 805
4 1041 630 1084 731
4 818 709 874 810
