65
1 491 179 533 284
1 455 181 496 283
1 431 180 472 281
1 419 180 458 276
1 407 193 442 280
1 394 186 431 277
1 379 182 419 281
1 362 184 401 279
1 346 184 384 279
1 338 182 378 281
1 326 185 364 280
1 255 176 294 274
1 241 179 278 269
1 212 182 248 270
1 52 184 97 297
1 32 186 78 300
1 0 176 47 304
1 9 164 63 297
1 0 176 32 318
1 497 128 505 151
1 529 142 535 156
1 479 135 487 156
1 471 148 478 168
1 465 153 473 174
1 468 130 474 146
1 466 131 471 147
3 463 146 472 158
3 509 161 519 172
3 489 152 496 160
3 496 162 504 167
3 413 170 426 193
3 365 172 383 189
3 337 176 354 188
3 322 166 343 184
3 322 174 338 200
3 310 178 327 199
3 303 165 323 182
3 298 170 313 190
3 289 176 306 194
3 281 173 293 187
3 278 173 288 190
3 282 167 292 176
3 265 163 286 175
3 241 172 256 191
3 227 170 246 186
3 208 162 226 181
3 206 172 223 189
3 203 178 215 196
3 175 175 195 197
3 190 178 208 210
3 167 179 184 201
3 168 166 181 185
3 139 172 163 215
3 122 175 139 204
3 133 163 149 184
3 111 174 128 192
3 106 160 128 180
3 87 182 116 227
3 92 175 105 193
3 99 180 116 197
3 69 171 87 184
3 60 176 74 200
3 42 162 64 185
3 485 198 506 260
5 473 158 503 177
