53
1 18 252 55 343
1 82 251 114 329
1 118 253 143 317
1 147 241 190 348
1 182 246 214 327
1 200 248 227 315
1 288 240 331 348
1 388 243 414 309
1 377 244 401 305
1 408 241 442 325
1 428 234 473 343
1 548 237 587 332
1 501 242 533 321
1 473 239 502 309
1 249 248 263 286
1 269 265 275 283
1 263 246 275 278
1 452 243 474 300
3 63 267 71 279
3 68 253 76 267
3 77 222 102 246
3 140 252 164 310
3 218 251 228 301
3 296 239 324 327
3 293 227 304 238
3 291 216 305 228
3 307 225 318 240
3 322 226 331 236
3 332 228 339 236
3 342 226 351 236
3 548 238 558 256
4 289 129 322 151
4 230 327 304 358
4 252 314 300 334
4 268 306 297 319
4 269 300 297 309
4 134 326 161 355
4 155 317 192 336
4 181 309 210 322
4 136 300 152 310
4 111 308 135 319
4 74 314 105 335
4 12 329 35 351
4 335 329 448 350
4 339 314 415 331
4 337 305 399 316
4 336 296 390 308
4 463 324 554 338
4 450 310 512 323
4 422 301 482 310
4 409 296 457 304
5 1 229 286 296
5 318 217 599 273
