40
1 166 119 263 357
1 201 119 295 351
1 226 122 317 347
1 246 134 331 345
1 266 120 358 345
1 294 122 383 339
1 321 116 412 337
1 343 115 432 334
1 362 112 452 334
1 382 112 472 334
1 405 108 495 331
1 440 113 528 331
1 455 106 543 324
1 473 115 558 322
1 491 100 582 325
1 513 103 600 318
1 128 121 224 355
1 95 112 197 363
1 58 109 160 361
1 19 116 125 374
1 0 109 62 376
1 0 127 84 368
1 533 105 600 312
3 25 110 41 145
3 69 116 99 169
3 111 117 132 154
3 166 101 206 150
3 125 101 152 130
3 74 100 110 138
3 223 96 261 128
3 266 120 301 155
3 314 92 349 140
3 369 98 400 129
3 405 89 434 125
3 444 93 484 124
3 486 91 508 119
3 501 101 523 120
3 535 74 561 107
3 555 94 588 140
3 578 96 599 142
