29
1 37 127 61 186
1 71 146 97 211
1 92 148 119 213
1 118 135 138 187
1 174 133 201 202
1 213 141 241 212
1 251 140 279 209
1 283 124 300 165
1 305 127 320 173
1 272 123 286 158
1 260 133 281 188
1 245 124 255 150
1 250 125 266 167
1 231 124 244 158
1 219 128 232 159
1 200 131 222 187
1 195 124 208 156
1 162 130 177 167
1 156 122 167 148
1 160 126 173 158
3 73 134 93 148
3 82 125 101 138
3 99 129 116 145
3 143 129 161 148
3 180 122 195 133
3 262 119 273 131
3 304 172 319 212
3 110 146 188 213
4 35 117 220 142
