81
1 14 261 53 358
1 58 255 91 337
1 88 262 128 359
1 114 256 148 338
1 136 268 173 360
1 159 256 192 337
1 177 266 215 360
1 197 255 230 339
1 225 264 264 359
1 243 255 277 338
1 275 264 313 359
1 285 255 318 336
1 334 269 372 361
1 400 274 438 369
1 389 263 419 339
1 380 244 403 303
1 543 281 576 365
1 480 250 503 307
1 291 247 321 320
1 300 243 326 308
1 308 232 329 285
1 256 247 284 319
1 267 243 291 302
1 216 247 245 318
1 541 200 550 224
1 555 203 563 225
1 563 204 571 225
1 582 205 592 230
1 590 207 600 233
1 464 200 468 213
1 468 201 472 211
1 473 201 475 209
1 501 200 505 213
1 493 200 496 211
1 489 198 495 213
1 411 201 416 214
1 436 199 441 215
1 356 204 362 221
1 365 199 370 213
1 360 199 363 210
1 344 200 349 215
1 337 200 341 212
1 331 202 334 213
1 325 201 329 212
1 318 203 322 215
1 91 201 96 213
1 65 202 71 218
1 5 200 10 213
1 0 202 4 213
1 100 204 102 211
1 106 204 109 211
1 146 205 147 211
1 572 201 578 217
1 518 199 524 213
1 514 201 519 213
1 511 199 515 211
1 509 200 513 211
1 506 198 510 210
3 95 241 118 260
3 124 234 144 256
3 152 243 169 260
3 173 238 188 253
3 188 231 199 245
3 179 225 197 236
3 190 213 201 229
3 188 245 204 257
3 198 241 214 253
3 208 237 220 250
3 239 238 251 251
3 260 233 274 250
3 273 235 284 253
3 284 235 295 253
3 351 253 365 273
3 338 247 358 263
3 347 239 364 257
3 390 247 409 275
5 111 200 158 207
5 180 196 289 203
5 297 198 372 204
5 461 196 537 208
5 561 198 599 209
