40
1 258 199 341 401
1 321 209 380 355
1 370 192 426 330
1 412 199 453 299
1 443 195 483 294
1 577 189 601 247
1 594 198 612 245
1 549 189 564 227
1 533 185 549 224
1 355 180 375 231
1 347 187 362 223
1 312 176 335 233
1 256 178 280 237
1 267 180 286 230
1 243 173 270 241
1 233 181 258 244
1 230 174 252 227
1 215 179 236 233
1 175 181 204 251
1 667 195 685 268
3 25 187 60 246
3 255 161 265 176
3 247 163 257 182
3 241 153 254 172
3 277 173 287 186
3 287 171 294 188
3 293 171 306 195
3 301 176 312 193
3 325 172 333 191
3 372 188 387 206
3 401 177 417 200
3 416 181 425 204
3 425 177 438 203
3 463 179 472 199
3 488 189 497 205
3 595 183 605 201
3 651 181 667 203
3 213 178 227 232
5 496 181 529 213
5 229 162 320 178
