57
1 0 292 45 445
1 16 279 48 360
1 47 268 71 329
1 52 289 103 415
1 94 279 137 386
1 122 265 149 334
1 132 281 166 366
1 134 296 195 446
1 181 292 231 415
1 213 287 254 387
1 239 275 274 364
1 253 273 286 357
1 272 271 299 339
1 289 266 312 324
1 182 263 198 302
1 172 263 189 305
1 167 266 177 293
1 209 263 219 291
1 200 259 206 273
1 192 257 198 271
1 221 263 231 290
1 236 263 249 294
1 269 257 276 275
1 287 256 293 271
1 299 292 360 442
1 359 271 378 321
1 365 265 386 318
1 424 277 455 353
1 437 286 478 386
1 454 290 501 407
1 534 280 575 383
1 534 271 569 356
1 569 272 596 341
1 578 294 621 399
1 632 298 663 422
1 538 263 548 287
1 511 273 534 329
1 497 263 506 285
1 505 263 513 284
1 393 259 402 281
1 425 269 429 278
1 94 271 111 314
1 464 296 523 442
3 66 259 81 276
3 44 258 57 268
3 86 261 97 276
3 362 254 369 267
3 485 268 499 294
3 459 256 473 272
3 457 274 475 302
3 580 258 598 286
3 521 263 536 276
3 330 312 409 445
3 344 259 359 309
3 327 259 344 287
3 1 279 28 310
5 3 245 660 273
