28
1 54 407 72 453
1 70 400 89 450
1 97 388 123 453
1 200 388 220 440
1 287 384 303 426
1 329 384 345 424
1 347 384 359 414
1 389 380 403 418
1 400 384 414 420
1 422 377 435 412
1 492 373 501 396
1 539 376 552 408
1 554 375 566 408
1 578 374 590 406
1 617 366 626 388
1 624 366 633 389
1 652 366 663 394
1 664 364 675 390
1 674 366 683 389
3 406 377 414 394
3 501 374 511 396
5 431 373 492 400
5 522 371 541 396
5 546 368 556 394
5 560 369 576 391
5 588 366 619 386
5 629 365 643 383
5 657 363 666 375
