30
1 70 114 107 206
1 136 110 166 187
1 16 109 42 174
1 47 108 78 185
1 112 113 135 172
1 190 114 225 200
1 221 116 248 185
1 289 116 317 185
1 301 120 325 182
1 322 119 339 164
1 244 118 268 176
1 266 120 286 172
1 213 115 233 164
1 179 115 202 173
1 151 113 170 161
1 166 112 184 158
1 340 122 353 154
1 131 112 149 157
1 38 110 57 156
1 109 115 126 160
1 7 109 27 157
1 318 121 331 153
1 1 126 11 154
3 124 109 133 125
3 132 109 138 123
3 68 109 77 123
3 0 113 3 154
5 359 126 383 142
5 359 142 369 157
5 369 141 379 158
