30
1 311 141 399 356
1 67 133 159 359
1 19 147 77 289
1 126 142 171 255
1 156 149 220 307
1 214 144 284 317
1 268 145 328 291
1 188 147 226 239
1 258 148 301 254
1 360 137 433 317
1 397 141 455 282
1 423 139 473 264
1 458 133 490 246
1 209 143 251 245
3 289 134 301 143
3 309 144 324 166
3 322 134 335 154
3 348 131 360 142
3 456 122 467 131
3 458 131 471 153
3 434 127 444 136
3 440 135 451 145
3 376 142 391 166
3 378 136 389 143
3 379 131 392 137
3 399 127 409 139
3 410 137 422 161
3 412 127 425 141
3 281 137 289 150
3 250 138 261 154
