56
1 281 302 339 447
1 325 301 376 427
1 371 303 427 441
1 398 302 457 445
1 454 325 504 446
1 478 302 521 410
1 501 304 547 418
1 537 327 586 447
1 551 310 600 445
1 562 308 600 435
1 353 287 377 349
1 313 283 330 324
1 270 289 296 356
1 236 284 263 349
1 292 273 301 294
1 286 273 294 294
1 283 274 286 285
1 232 283 252 333
1 107 270 121 305
1 212 298 241 372
1 119 260 125 274
1 4 288 38 371
3 59 326 138 439
3 76 281 110 331
3 139 295 191 416
3 189 316 226 408
3 0 345 51 447
3 584 298 598 328
3 520 272 536 300
3 533 304 548 325
3 446 289 467 317
3 472 285 485 318
3 488 287 500 303
3 400 293 414 315
3 386 292 394 305
3 392 284 402 301
3 364 275 377 294
3 337 283 348 299
3 348 280 362 300
3 274 271 280 287
3 251 286 267 306
3 129 278 138 296
3 138 277 147 296
3 193 272 200 285
3 191 286 199 299
3 215 277 222 290
3 222 277 229 292
3 230 277 240 294
3 460 310 480 326
3 206 287 215 300
3 215 289 223 302
3 169 275 179 293
3 159 276 169 294
3 173 263 183 281
3 161 261 170 277
3 123 264 128 278
