50
1 0 180 25 275
1 11 182 48 272
1 47 186 83 273
1 96 180 128 258
1 115 182 155 280
1 136 186 167 262
1 180 186 220 286
1 166 179 203 273
1 220 184 257 277
1 249 188 277 259
1 270 186 306 276
1 310 188 346 276
1 350 193 379 263
1 359 182 403 290
1 386 186 415 260
1 413 184 455 286
1 448 180 485 274
1 436 192 464 260
1 331 188 358 257
1 303 187 323 236
1 216 180 250 263
3 482 187 497 205
3 418 191 428 202
3 415 180 426 191
3 408 187 416 202
3 403 187 408 201
3 397 178 405 186
3 390 183 397 200
3 49 183 61 201
3 12 180 21 197
3 115 177 123 193
3 124 180 132 197
3 169 180 178 193
3 197 179 205 185
3 207 183 215 192
3 216 182 224 195
3 244 180 252 192
3 252 180 260 194
3 273 183 282 197
3 291 181 300 193
3 302 181 309 191
3 318 185 324 195
3 334 179 342 191
3 346 182 354 192
3 355 181 361 186
3 356 187 364 192
3 361 182 367 188
3 367 183 374 194
3 371 181 378 187
3 469 192 478 200
