87
1 574 197 604 272
1 505 209 546 309
1 499 195 524 256
1 537 186 553 226
1 494 184 510 226
1 483 185 498 225
1 427 202 458 278
1 392 190 419 255
1 467 183 483 224
1 462 186 477 226
1 455 185 471 224
1 446 180 462 220
1 442 185 453 215
1 424 183 436 216
1 382 182 399 225
1 372 182 389 225
1 366 182 382 224
1 331 182 345 218
1 299 194 349 316
1 274 195 307 278
1 269 187 298 259
1 258 182 268 206
1 178 182 197 228
1 183 180 202 226
1 51 191 105 324
1 116 196 151 283
1 130 187 161 263
1 120 177 132 206
1 78 178 91 213
1 62 177 76 212
1 41 177 57 218
1 13 178 28 218
1 0 177 12 229
3 485 103 498 127
3 497 106 508 126
3 537 92 549 105
3 513 107 522 117
3 514 99 521 107
3 643 158 653 172
3 651 150 657 164
3 641 142 648 152
3 649 141 656 151
3 622 139 630 156
3 614 140 620 152
3 606 140 613 152
3 605 150 613 164
3 614 151 621 163
3 622 157 632 170
3 634 150 641 167
3 562 130 571 149
3 546 131 555 140
3 549 115 558 130
3 538 110 548 124
3 529 100 540 115
3 509 129 521 143
3 472 136 483 147
3 462 137 472 149
3 470 146 480 166
3 481 152 489 166
3 482 147 490 155
3 494 135 502 149
3 495 132 502 137
3 485 138 493 151
3 511 143 528 162
3 577 140 589 151
3 578 150 591 166
3 591 153 601 170
3 545 156 559 169
3 533 157 545 170
3 530 146 538 156
3 539 147 546 158
3 548 140 556 156
3 555 138 562 155
3 570 149 578 172
3 453 146 461 160
3 463 148 470 164
3 440 182 445 196
3 416 180 424 194
3 405 181 415 191
3 329 179 335 195
3 319 175 329 195
3 255 178 262 192
5 307 126 352 141
5 215 124 227 137
5 565 95 619 129
5 670 127 682 150
5 665 143 674 156
