71
1 346 352 539 824
1 608 365 769 761
1 645 339 844 824
1 702 338 922 874
1 820 369 984 771
1 931 361 1083 732
1 1013 341 1207 816
1 1206 328 1412 833
1 1091 329 1272 772
1 1313 353 1486 777
1 1416 357 1580 757
1 1478 340 1629 712
1 1526 331 1671 687
1 1557 327 1701 682
1 1632 350 1746 628
1 1708 346 1817 615
1 1763 375 1839 563
1 1785 372 1859 552
1 1805 363 1879 546
1 1831 362 1905 542
1 1879 364 1950 538
1 1924 356 1996 533
1 1946 349 2000 507
1 1593 316 1730 650
1 1510 82 1578 249
1 1760 99 1821 250
3 1803 349 1826 369
3 1718 356 1741 385
3 1704 357 1718 393
3 1479 315 1517 353
3 1450 338 1481 388
3 1389 314 1437 381
3 1272 357 1295 409
3 1211 354 1233 399
3 1226 326 1271 413
3 1065 344 1094 408
3 1143 0 1175 34
3 1175 0 1204 65
3 1203 1 1231 79
3 1261 1 1288 55
3 1296 2 1333 71
3 1331 0 1361 75
3 1324 88 1357 172
3 1464 82 1485 126
3 1486 82 1519 131
3 1726 106 1761 177
3 1696 95 1724 175
3 1707 6 1750 91
3 1750 4 1768 39
3 1774 7 1790 30
3 1757 30 1796 96
3 1801 8 1825 28
3 1798 27 1836 109
3 1827 11 1849 29
3 1832 28 1862 115
3 1875 46 1910 115
3 1872 8 1893 46
3 1896 13 1920 51
3 1918 11 1936 41
3 1949 12 1967 39
3 1970 16 1996 54
3 1920 38 1952 85
3 1940 76 1974 163
3 1973 73 1997 161
5 1896 347 1923 366
5 1857 344 1882 362
5 1770 354 1791 378
5 1143 357 1168 412
5 977 343 1020 362
5 710 3 1087 198
5 1856 34 1879 64
