38
1 43 180 92 301
1 54 191 96 294
1 91 161 134 268
1 162 186 205 292
1 208 192 246 288
1 240 193 277 283
1 263 198 295 279
1 303 202 333 278
1 346 180 376 253
1 320 169 341 221
1 310 164 327 206
1 405 179 420 218
1 411 181 427 220
1 365 163 419 295
1 429 171 475 283
1 480 177 520 275
1 496 182 531 269
1 523 186 555 266
1 544 186 574 261
1 555 185 584 257
1 461 180 484 237
1 421 183 436 222
1 427 183 441 221
3 213 4 226 21
3 226 4 237 23
3 240 4 252 24
3 114 190 186 295
3 615 199 632 249
3 604 197 617 247
3 581 203 596 247
3 590 199 606 248
3 524 204 538 266
3 487 184 497 202
3 553 193 559 201
5 371 175 380 212
5 479 186 487 201
5 394 174 409 189
5 422 178 429 191
