70
1 0 301 34 410
1 66 297 111 407
1 54 295 97 401
1 86 285 138 412
1 166 296 216 419
1 30 295 61 374
1 219 285 270 409
1 310 282 363 412
1 132 299 174 405
1 185 302 223 394
1 202 301 242 402
1 47 287 90 395
1 301 298 318 341
1 282 304 299 349
1 271 306 283 338
1 255 302 270 342
1 260 302 275 338
1 395 281 457 434
1 482 295 550 460
1 480 286 496 325
1 521 284 567 399
1 600 291 651 415
1 700 297 755 434
1 656 305 677 357
1 637 299 654 344
1 763 311 788 373
1 750 309 777 375
1 685 302 720 387
1 669 303 694 363
3 1 293 13 310
3 23 294 31 308
3 15 292 24 307
3 30 294 36 310
3 36 293 41 310
3 48 290 54 303
3 54 291 61 305
3 55 285 64 294
3 94 287 104 304
3 126 301 137 315
3 118 298 124 310
3 124 289 136 302
3 137 285 145 304
3 155 289 165 307
3 170 287 182 303
3 174 301 185 316
3 269 287 280 303
3 282 291 288 302
3 287 287 295 297
3 349 290 360 323
3 358 289 369 328
3 396 299 407 319
3 443 289 459 317
3 599 300 609 319
3 587 291 599 309
3 551 295 557 306
3 556 295 564 309
3 573 295 581 302
3 576 304 584 315
3 604 292 616 308
3 381 292 388 313
3 387 290 395 314
3 398 291 409 300
5 84 285 95 301
5 145 290 154 299
5 432 294 443 309
5 367 292 382 310
5 739 297 782 311
5 783 303 798 324
5 199 290 238 301
5 646 296 662 319
