37
1 0 327 25 394
1 25 324 40 360
1 63 328 75 358
1 72 327 84 358
1 171 329 187 368
1 185 329 202 370
1 281 321 298 363
1 351 322 366 362
1 417 321 434 362
1 463 336 472 358
1 529 319 542 351
1 549 319 558 342
1 609 322 621 352
1 603 320 616 351
1 630 319 644 353
1 657 321 669 351
1 680 320 692 352
1 750 336 760 360
1 759 322 773 359
1 782 322 797 362
1 636 320 647 350
1 643 321 654 350
3 144 332 158 358
3 131 329 146 360
3 221 318 232 339
3 438 324 458 359
3 482 325 493 358
3 493 325 502 359
3 716 330 730 357
3 582 315 593 347
3 766 316 775 332
3 775 316 786 341
3 754 317 764 329
3 726 320 737 336
3 706 317 715 337
3 562 323 577 354
3 602 319 608 344
