38
1 617 230 694 420
1 570 234 632 385
1 427 228 466 323
1 393 222 431 315
1 344 222 392 340
1 304 220 350 334
1 265 232 308 336
1 277 226 312 311
1 229 228 268 323
1 174 222 224 343
1 147 235 175 306
1 504 229 526 284
1 523 231 550 299
1 460 233 481 285
1 386 236 404 280
1 341 229 365 288
1 207 229 241 312
1 413 223 444 298
1 169 263 198 337
3 664 226 705 300
3 546 230 558 254
3 556 231 564 263
3 564 230 572 253
3 377 229 383 242
3 382 227 386 240
3 401 230 408 241
3 265 232 274 248
3 254 230 264 248
3 231 232 238 246
3 301 228 309 244
3 578 232 588 244
3 478 248 493 285
3 434 224 441 240
5 45 233 61 254
5 84 233 146 248
5 124 222 131 237
5 167 231 187 249
5 449 231 462 245
