44
1 0 77 19 136
1 10 67 38 135
1 24 72 59 160
1 51 85 70 135
1 67 77 88 132
1 86 67 110 128
1 110 75 137 140
1 118 71 168 195
1 148 75 182 159
1 157 73 192 158
1 172 78 198 145
1 203 76 225 130
1 227 76 253 139
1 241 76 260 126
1 245 80 308 236
1 333 100 397 257
1 352 78 383 156
1 333 80 366 160
1 321 82 353 161
1 299 78 325 142
1 265 79 277 111
2 446 82 461 120
3 0 137 17 202
3 17 138 41 200
3 48 133 75 192
3 85 119 99 138
3 75 136 104 192
3 104 135 120 179
3 181 127 206 183
3 206 133 214 166
3 213 131 225 156
3 222 125 235 143
3 239 124 258 177
3 450 113 471 150
3 431 114 449 151
3 411 114 429 150
3 393 117 409 145
3 379 90 387 107
3 351 76 361 93
3 277 74 288 93
3 253 69 263 86
3 130 77 137 93
5 25 138 36 154
5 46 81 55 98
