39
1 20 128 29 149
1 8 130 16 152
1 38 128 43 142
1 47 135 56 158
1 71 131 93 185
1 83 133 101 180
1 60 132 63 143
1 63 132 84 184
1 106 132 112 148
1 89 131 107 175
1 171 165 224 298
1 153 151 203 274
1 197 148 237 247
1 177 143 206 217
1 253 129 272 175
1 268 134 286 177
1 279 132 298 178
1 286 133 305 180
1 292 132 312 182
1 300 141 317 184
1 309 142 327 185
1 306 135 325 183
1 349 129 363 164
1 388 130 399 158
3 15 147 31 171
3 31 141 44 167
3 0 142 7 165
3 393 147 399 217
3 376 149 389 172
3 367 146 377 167
3 369 134 378 146
3 342 151 351 166
3 337 141 343 156
3 330 138 337 153
5 85 124 96 132
5 111 128 132 142
5 188 124 206 144
5 209 127 219 149
5 341 131 347 139
