47
1 50 200 65 239
1 62 195 83 246
1 77 194 102 254
1 107 193 134 260
1 131 192 162 269
1 163 199 181 246
1 189 198 210 252
1 201 192 238 286
1 235 195 260 257
1 232 201 245 236
1 129 200 146 244
1 59 199 76 243
1 249 199 268 245
1 259 201 273 237
1 267 206 277 233
1 274 190 320 302
1 356 198 387 277
1 326 198 348 255
1 318 202 336 245
1 343 205 356 239
1 395 201 420 262
1 421 208 439 254
1 436 206 453 249
1 448 206 461 240
1 586 212 594 231
1 574 211 586 242
1 544 205 550 220
1 538 211 545 230
1 514 208 527 241
1 500 209 511 238
1 485 205 499 241
1 478 208 490 237
1 475 210 483 233
1 458 208 469 238
1 382 204 396 241
1 310 201 321 231
1 170 202 183 234
3 525 218 535 236
3 512 218 518 235
4 424 135 449 181
4 407 139 413 155
4 393 133 407 157
4 370 145 387 170
4 349 148 359 178
4 358 147 369 177
4 321 173 343 192
5 74 198 84 208
