197
1 168 127 186 172
1 104 327 131 393
1 146 325 165 373
1 172 329 188 370
1 197 350 244 465
1 217 369 263 481
1 160 386 187 455
1 123 377 148 441
1 170 373 203 456
1 306 356 359 489
1 360 386 406 499
1 393 338 421 408
1 420 299 471 423
1 339 313 390 438
1 386 292 411 354
1 485 361 519 447
1 517 348 569 478
1 547 404 581 486
1 595 400 626 475
1 626 360 664 452
1 557 323 592 411
1 672 312 711 410
1 737 252 756 299
1 621 284 663 388
1 667 117 684 162
1 583 293 625 396
1 444 276 486 381
1 508 194 540 272
1 436 186 461 248
1 397 232 429 310
1 539 200 557 246
1 537 155 554 197
1 382 201 413 280
1 261 152 288 221
1 498 24 519 79
1 547 150 565 193
1 341 281 361 331
1 356 250 378 307
1 324 260 345 312
1 280 309 334 442
1 260 338 308 455
1 252 313 288 402
1 196 227 213 269
1 323 231 341 274
1 304 182 324 234
1 78 170 99 225
1 181 170 196 208
1 38 245 65 311
1 148 158 168 206
1 235 164 255 212
1 45 232 96 356
1 355 164 372 206
1 327 157 338 183
1 476 74 496 126
1 453 74 474 126
3 69 366 103 417
3 150 422 182 473
3 701 350 727 397
3 750 293 774 335
3 756 241 773 266
3 704 179 718 202
3 661 145 676 168
3 746 216 770 241
3 634 245 656 272
3 632 231 649 244
3 609 256 628 284
3 605 241 622 255
3 615 229 630 242
3 573 208 590 223
3 633 272 650 291
3 694 282 711 302
3 671 286 686 315
3 592 279 610 294
3 574 282 591 301
3 556 284 574 302
3 540 286 556 307
3 526 295 542 317
3 509 298 526 321
3 505 273 524 297
3 537 268 555 286
3 533 259 551 269
3 554 258 570 282
3 571 259 585 279
3 585 256 605 278
3 586 238 603 256
3 597 217 614 240
3 545 226 559 253
3 556 219 573 234
3 531 180 543 198
3 556 206 572 218
3 578 198 589 208
3 520 322 546 341
3 481 334 499 358
3 472 423 504 470
3 477 396 505 422
3 447 486 471 500
3 469 478 509 499
3 495 325 513 359
3 560 239 571 257
3 568 234 580 253
3 357 208 372 229
3 406 208 421 230
3 423 183 437 198
3 416 200 430 212
3 325 206 341 223
3 256 203 270 224
3 225 194 240 209
3 217 174 230 193
3 301 281 318 299
3 284 271 302 298
3 268 255 288 273
3 280 241 294 259
3 343 213 356 232
3 370 186 388 197
3 214 326 235 345
3 222 226 234 243
3 209 246 228 265
3 219 265 239 286
3 234 255 250 274
3 236 228 250 248
3 244 220 256 232
3 173 209 191 222
3 178 222 195 247
3 155 216 173 237
3 106 217 121 235
3 91 235 111 248
3 86 250 109 271
3 150 286 175 309
3 112 289 131 310
3 113 261 133 286
3 155 251 175 279
3 147 234 167 251
3 127 221 145 244
3 127 198 147 219
3 111 155 126 175
3 87 148 100 164
3 97 171 111 187
3 140 147 153 165
3 186 146 202 162
3 168 150 180 164
3 249 138 263 155
3 233 153 246 163
3 250 158 262 173
3 52 200 68 221
3 46 184 58 198
3 48 158 56 181
3 57 169 67 189
3 66 137 78 150
3 95 190 105 207
3 105 195 116 216
3 126 169 144 194
3 51 221 64 241
3 308 158 323 177
3 287 216 299 231
3 277 228 290 238
3 299 240 316 257
3 293 258 310 274
3 372 211 385 229
3 266 133 280 149
3 278 138 289 156
3 314 226 329 240
4 474 133 508 201
5 739 172 757 209
5 761 182 781 223
5 608 63 639 84
5 607 84 654 100
5 627 101 673 118
5 634 117 668 142
5 655 172 676 201
5 705 165 723 179
5 524 40 581 77
5 582 54 608 83
5 581 83 606 106
5 524 76 582 109
5 495 79 524 107
5 515 55 524 78
5 494 108 536 135
5 509 136 538 176
5 536 109 573 151
5 561 157 601 198
5 427 79 457 112
5 427 112 474 147
5 426 145 471 183
5 388 176 422 198
5 379 128 426 175
5 385 110 396 125
5 372 106 384 127
5 323 109 338 129
5 338 104 353 126
5 352 111 380 145
5 318 127 340 161
5 339 127 353 160
5 353 145 377 174
5 269 301 289 316
5 696 240 718 284
5 354 95 370 111
5 306 134 320 156
