284
1 168 144 175 161
1 151 161 161 185
1 182 161 191 186
1 210 160 221 187
1 239 163 248 186
1 272 162 280 185
1 304 161 313 184
1 337 160 345 183
1 367 160 376 185
1 374 171 388 205
1 13 244 32 292
1 45 243 59 280
1 26 238 42 279
1 78 244 95 288
1 102 235 124 290
1 144 239 164 290
1 170 234 191 289
1 214 246 231 291
1 226 241 243 282
1 209 239 227 282
1 160 242 176 282
1 166 238 181 278
1 115 237 128 272
1 88 234 103 274
1 73 245 87 283
1 121 230 136 267
1 131 223 147 262
1 125 227 140 264
1 178 227 195 268
1 185 225 199 261
1 189 219 204 258
1 232 235 248 276
1 283 244 301 290
1 266 223 283 264
1 316 281 347 356
1 325 264 353 332
1 281 423 315 508
1 174 403 204 478
1 137 418 172 506
1 37 393 65 463
1 107 411 140 494
1 197 422 228 498
1 443 421 487 528
1 493 425 535 529
1 512 426 552 527
1 555 416 600 528
1 606 406 656 528
1 691 398 742 524
1 752 371 800 493
1 760 392 800 519
1 617 286 644 353
1 597 270 621 332
1 498 285 527 355
1 494 266 520 333
1 451 280 482 355
1 445 264 471 330
1 781 227 800 278
1 765 234 784 284
1 699 240 718 286
1 760 231 779 279
1 752 229 770 274
1 735 229 754 275
1 743 224 761 269
1 726 224 744 271
1 677 236 695 280
1 633 236 652 285
1 692 234 710 278
1 561 237 580 283
1 619 238 637 281
1 627 234 644 279
1 670 232 687 277
1 640 222 658 269
1 659 225 676 269
1 574 235 590 277
1 552 236 568 278
1 520 227 541 281
1 512 239 527 278
1 472 230 492 282
1 430 237 446 276
1 408 238 423 277
1 456 237 466 261
1 383 235 400 277
1 359 227 378 277
1 369 222 387 268
1 339 237 353 274
1 321 240 336 277
1 334 245 340 259
1 296 238 313 280
1 283 199 298 237
1 53 239 68 278
1 62 236 77 272
1 35 234 49 272
1 687 156 698 182
1 667 159 675 179
1 634 159 642 180
1 598 158 608 184
1 562 158 572 184
1 525 160 535 184
1 493 158 504 184
1 464 158 473 183
1 0 236 13 274
1 154 236 168 272
1 196 215 210 250
1 200 210 215 248
1 704 223 725 274
1 716 220 733 264
3 299 486 352 530
3 262 479 302 530
3 244 446 281 482
3 287 394 310 418
3 0 404 26 439
3 45 432 80 460
3 5 441 36 472
3 37 458 71 508
3 0 478 37 516
3 0 455 8 478
3 147 394 168 415
3 213 502 251 529
3 215 475 245 502
3 47 508 79 530
3 126 515 181 530
3 86 186 96 197
3 43 231 53 239
3 51 226 61 234
3 61 225 71 233
3 70 219 79 227
3 77 216 85 226
3 85 213 91 221
3 73 230 82 241
3 81 226 88 238
3 87 222 95 233
3 94 219 99 228
3 91 211 97 220
3 97 208 107 216
3 99 216 106 226
3 107 213 115 223
3 99 230 106 239
3 106 226 112 233
3 112 224 118 231
3 118 219 125 230
3 124 216 130 224
3 130 213 136 222
3 137 209 144 219
3 143 207 148 214
3 114 211 122 219
3 121 207 128 216
3 106 204 114 214
3 141 219 148 229
3 149 218 154 227
3 154 211 161 223
3 148 204 155 212
3 154 202 160 210
3 435 178 449 191
3 410 178 425 192
3 10 233 16 247
3 5 225 12 233
3 17 227 26 239
3 26 226 34 235
3 24 218 33 227
3 6 212 15 224
3 14 210 22 221
3 26 207 33 218
3 169 182 177 192
3 70 207 77 218
3 77 207 83 214
3 84 205 91 211
3 623 219 630 229
3 623 177 630 190
3 778 221 788 235
3 762 215 774 227
3 749 209 761 222
3 735 207 748 219
3 711 207 722 218
3 689 204 696 220
4 248 270 278 312
4 268 281 295 336
4 288 277 318 324
4 312 355 340 454
4 727 449 764 480
4 526 400 584 452
4 639 287 724 348
4 724 284 799 343
4 418 317 437 336
4 382 318 415 357
4 366 317 381 334
5 178 142 231 161
5 231 141 295 160
5 295 140 347 160
5 353 141 408 160
5 417 139 450 160
5 450 138 484 158
5 489 137 527 160
5 527 136 559 161
5 559 140 620 158
5 620 140 660 158
5 660 140 689 156
5 771 140 799 156
5 734 135 771 154
5 640 130 734 141
5 416 130 485 139
5 299 132 408 142
5 31 205 69 227
5 91 204 96 211
5 33 194 104 204
5 104 187 132 207
5 132 189 155 205
5 129 205 135 212
5 135 204 142 209
5 154 189 168 201
5 163 185 168 189
5 160 202 187 220
5 170 192 204 202
5 177 182 212 193
5 221 183 246 206
5 249 181 253 188
5 209 194 222 207
5 187 212 192 220
5 265 181 299 196
5 258 194 284 212
5 256 210 267 225
5 244 222 258 236
5 248 198 258 209
5 241 208 252 222
5 233 212 241 229
5 223 224 236 239
5 290 223 318 240
5 298 207 325 224
5 305 192 334 208
5 316 181 330 192
5 330 183 338 193
5 327 223 354 238
5 329 208 361 223
5 337 194 368 208
5 343 181 367 194
5 390 189 403 214
5 390 213 402 234
5 406 193 416 208
5 417 193 428 211
5 409 209 422 238
5 428 189 441 238
5 441 192 453 207
5 446 207 464 235
5 459 183 477 206
5 464 206 485 229
5 477 182 495 203
5 487 203 505 222
5 499 222 521 237
5 501 182 535 201
5 512 201 556 212
5 534 195 540 203
5 521 212 571 224
5 536 224 584 236
5 551 184 591 199
5 562 199 608 208
5 576 209 623 219
5 596 219 623 239
5 623 231 630 237
5 631 223 640 234
5 597 185 631 198
5 609 198 644 208
5 624 209 662 220
5 658 216 683 225
5 682 220 687 232
5 687 222 691 233
5 692 224 698 239
5 642 171 674 191
5 632 180 642 198
5 642 191 689 213
5 676 179 696 192
5 692 193 723 207
5 699 204 710 218
5 700 175 707 187
5 707 175 713 188
5 714 174 721 191
5 721 175 726 193
5 726 176 733 194
5 733 177 739 196
5 723 193 740 206
5 739 173 789 188
5 741 188 775 211
5 775 194 783 212
5 784 195 792 216
5 791 198 799 219
5 790 184 799 199
