35
1 12 198 92 394
1 103 199 169 360
1 166 210 232 371
1 191 210 267 395
1 224 202 301 392
1 280 200 361 397
1 321 205 398 396
1 341 197 419 390
1 401 193 484 397
1 470 205 549 398
1 536 210 600 397
3 275 205 310 244
3 390 204 408 229
3 413 185 431 229
3 487 208 506 237
3 523 214 538 240
3 551 208 564 239
3 541 217 550 238
3 582 205 599 248
4 136 93 281 227
4 255 75 283 121
4 280 67 302 119
4 297 96 322 129
4 317 68 338 95
4 328 110 357 143
4 353 73 387 144
4 368 120 430 168
4 431 137 452 170
4 448 144 501 193
4 504 118 543 170
4 543 137 562 171
4 542 71 598 128
4 482 53 563 116
4 445 65 486 132
4 422 65 446 99
