91
1 1 202 15 239
1 25 200 39 236
1 45 198 59 232
1 72 197 84 228
1 82 238 94 271
1 69 246 78 271
1 104 234 117 269
1 116 229 130 266
1 126 222 140 259
1 140 219 153 253
1 150 210 166 251
1 162 210 176 247
1 179 201 192 235
1 27 178 40 213
1 5 183 18 214
1 15 163 25 188
1 40 165 51 192
1 63 168 73 194
1 73 182 81 204
1 3 133 13 161
1 17 135 27 161
1 31 139 41 163
1 48 141 59 169
1 63 143 75 173
1 80 144 91 173
1 100 149 110 177
1 109 152 119 176
1 114 154 125 180
1 196 189 211 229
1 171 180 186 217
1 153 172 165 205
1 164 168 176 197
1 182 162 192 190
1 196 160 209 191
1 223 182 238 221
1 252 185 265 219
1 16 113 24 133
1 64 111 73 134
1 106 112 114 134
1 165 115 173 137
1 279 181 293 219
1 308 185 321 219
1 328 181 342 216
1 340 179 351 209
1 350 173 362 205
1 379 195 394 231
1 333 241 345 272
1 347 247 356 270
1 423 201 439 241
1 438 206 452 243
1 460 213 471 242
1 71 86 79 108
1 139 87 147 107
1 156 85 164 107
1 479 217 491 250
1 502 218 517 255
1 521 190 534 222
1 493 188 505 220
1 470 169 482 200
1 395 155 407 185
1 413 155 425 187
1 421 172 432 198
1 432 152 444 181
1 447 154 457 181
1 460 151 470 177
1 470 152 480 176
1 478 147 489 176
1 492 149 501 172
1 502 144 511 169
1 511 145 522 175
1 494 171 504 198
1 511 172 522 199
1 529 141 541 170
1 381 124 391 149
1 370 130 378 151
1 359 133 369 157
1 350 134 360 161
1 442 132 453 161
1 457 109 465 129
1 358 109 366 128
1 430 80 438 103
1 214 150 227 183
3 225 153 240 174
3 256 154 273 176
3 279 156 289 175
3 296 160 312 170
3 58 249 75 272
3 36 254 55 271
3 353 247 366 267
3 364 258 379 272
5 0 0 540 95
