40
1 0 253 29 329
1 16 246 48 326
1 35 240 67 318
1 69 246 98 316
1 91 244 120 317
1 106 249 136 325
1 144 246 170 312
1 152 279 172 329
1 210 242 239 313
1 257 268 281 330
1 172 287 189 332
1 196 288 214 332
1 296 232 323 300
1 303 257 332 331
1 326 267 352 330
1 401 242 434 323
1 429 248 462 330
1 461 249 489 317
1 376 225 398 281
1 364 213 382 259
1 74 211 90 250
1 101 199 115 234
1 63 211 78 247
1 339 242 363 303
1 176 212 189 246
1 191 209 205 247
1 199 205 213 242
1 322 215 335 250
1 309 214 322 246
1 287 216 299 247
1 446 219 462 258
1 383 249 410 317
1 389 272 412 331
1 99 279 121 332
3 309 304 341 329
3 359 291 382 328
3 383 320 398 331
3 109 259 123 283
3 37 229 59 249
5 0 146 499 232
