43
1 0 73 61 224
1 33 73 93 222
1 66 75 124 219
1 97 67 157 217
1 132 78 188 218
1 164 75 222 219
1 194 74 256 225
1 230 72 292 224
1 265 78 326 229
1 3 421 30 486
1 100 415 136 506
1 132 419 171 514
1 140 417 184 527
1 167 415 209 518
1 187 427 226 523
1 199 429 238 525
1 212 424 253 526
1 242 415 282 514
1 256 427 288 508
1 284 413 330 526
1 49 411 95 526
1 397 419 432 508
1 350 431 366 473
1 359 425 381 478
1 368 425 390 479
1 381 424 405 484
1 420 423 443 479
1 441 432 460 480
1 461 425 482 477
1 501 417 535 502
1 557 433 594 526
1 600 428 639 524
1 627 423 653 486
1 653 430 670 493
3 21 134 58 238
3 63 133 105 241
3 107 130 145 236
3 143 138 185 243
3 181 134 226 247
3 223 139 267 245
3 267 138 319 255
3 35 399 65 454
3 81 410 101 444
