30
1 41 234 66 295
1 0 241 21 306
1 78 232 144 396
1 127 247 199 424
1 161 223 220 367
1 116 205 172 343
1 188 213 241 343
1 213 228 286 409
1 221 201 282 352
1 251 194 300 314
1 292 215 360 382
1 366 214 424 358
1 352 184 384 265
1 377 175 410 256
1 393 184 432 279
1 424 184 459 272
1 441 187 483 289
1 475 185 513 280
1 500 186 549 306
1 497 181 534 271
1 526 177 561 266
1 531 183 575 291
1 557 187 595 280
1 575 180 612 274
1 604 161 624 209
1 613 161 632 208
1 160 201 180 249
3 552 162 569 194
3 588 160 602 184
5 2 159 406 223
