45
1 577 117 703 425
1 115 145 186 321
1 139 123 219 318
1 192 210 236 318
1 190 132 266 320
1 242 125 319 312
1 276 121 356 316
1 301 135 374 315
1 0 123 53 322
1 20 145 92 320
1 94 136 168 317
1 685 207 767 429
1 361 192 409 311
1 381 136 452 312
1 443 174 498 308
1 465 159 523 300
1 492 127 562 298
1 658 132 725 296
1 711 150 767 299
3 22 209 89 317
3 94 252 132 327
3 82 221 135 275
3 89 200 108 237
3 67 174 100 225
3 71 145 100 175
3 229 117 255 154
3 345 135 364 169
3 370 248 410 317
3 552 199 614 289
3 213 227 408 428
3 336 229 634 430
3 360 141 402 185
3 386 115 411 159
3 423 135 444 160
3 432 123 466 171
3 445 139 492 193
3 483 135 509 160
3 500 116 522 158
3 534 119 566 209
3 565 117 604 191
3 601 133 625 164
3 655 119 688 165
3 708 139 725 169
3 730 119 756 152
3 313 117 333 142
