26
1 2629 1136 2781 1506
1 2594 1144 2757 1541
1 2420 1084 2651 1649
1 2239 1121 2395 1504
1 2148 1122 2322 1549
1 1971 1118 2166 1595
1 1899 1141 2113 1666
1 1776 1096 2043 1751
1 1755 1140 1906 1510
1 1576 1142 1746 1559
1 1435 1129 1632 1611
1 1341 1140 1550 1649
1 1081 1093 1338 1721
1 919 1124 1118 1612
1 797 1099 1024 1655
1 683 1155 856 1578
1 478 1144 721 1739
1 175 1181 379 1680
1 128 1221 277 1584
1 314 1211 420 1470
1 66 1232 170 1489
1 443 1187 584 1533
3 512 1163 577 1241
3 2542 1106 2605 1179
4 1199 0 2116 544
4 2946 1047 3245 1421
