31
1 151 791 314 1192
1 232 797 416 1249
1 400 820 532 1144
1 561 826 674 1104
1 650 770 879 1332
1 816 807 929 1084
1 1077 794 1193 1079
1 1289 735 1523 1306
1 1608 797 1733 1101
1 1480 816 1555 1000
1 1547 818 1619 997
1 1683 819 1752 991
1 1710 822 1779 994
1 1764 826 1831 990
1 1784 800 1954 1215
1 1896 785 2049 1159
1 1998 812 2063 973
3 1453 807 1496 871
3 2043 813 2073 863
3 2046 869 2080 921
3 1827 827 1851 874
3 1367 778 1413 839
4 396 886 439 1004
4 502 864 556 1027
4 555 877 596 1023
4 733 1199 1325 1331
4 919 848 993 972
4 1010 828 1091 992
4 1152 854 1213 971
4 1214 832 1289 966
4 1377 1198 1825 1318
