46
1 351 220 376 280
1 316 210 345 280
1 285 211 311 278
1 274 216 301 281
1 261 229 281 280
1 245 211 272 278
1 159 226 181 281
1 132 232 151 280
1 119 188 148 259
1 169 186 195 253
1 197 161 222 222
1 207 180 232 242
1 220 191 247 258
1 244 159 265 213
1 267 188 293 253
1 212 231 231 279
1 162 162 185 220
1 135 159 158 217
1 182 144 198 186
1 194 115 214 163
1 168 128 187 174
1 152 133 175 192
1 123 147 143 198
1 101 142 124 198
1 86 123 107 174
1 76 110 94 156
1 142 103 160 150
1 226 156 250 214
1 186 103 200 137
1 175 103 189 140
1 159 114 174 153
1 104 105 119 144
1 93 98 108 136
3 208 252 234 280
3 215 153 227 177
3 232 130 241 155
3 239 140 251 155
3 120 123 128 133
3 107 124 118 138
3 123 129 135 152
3 133 127 148 146
3 133 111 146 125
3 371 231 397 260
3 373 245 402 281
3 321 195 345 220
5 89 30 172 113
