33
1 0 205 43 336
1 35 234 87 363
1 52 223 100 342
1 102 274 161 417
1 66 174 149 376
1 144 241 196 371
1 133 227 186 357
1 172 203 218 318
1 243 260 294 387
1 285 216 335 340
1 322 228 379 370
1 341 212 388 326
1 390 216 434 326
1 433 254 481 372
1 469 190 519 313
1 563 217 616 347
1 572 147 608 235
1 382 105 428 220
1 335 103 382 217
1 274 196 325 323
1 238 232 288 353
3 108 143 155 223
3 237 178 279 219
3 265 168 285 197
3 390 191 420 217
3 484 150 515 201
3 580 187 620 225
3 278 91 310 133
3 310 111 337 137
3 309 195 337 242
5 159 7 294 29
5 556 47 639 88
5 268 64 358 118
