38
1 0 47 61 240
1 37 56 105 224
1 48 76 144 310
1 76 19 185 284
1 101 69 213 346
1 125 2 276 374
1 280 85 333 216
1 302 77 356 211
1 326 87 367 188
1 342 81 388 197
1 360 89 399 187
1 379 82 419 181
1 407 73 447 172
1 267 82 314 197
1 430 94 456 161
1 450 94 475 154
1 455 86 480 149
1 477 75 505 144
1 496 78 520 137
1 513 84 535 139
1 533 79 555 135
1 463 80 490 146
1 14 80 66 210
3 518 71 528 91
3 508 65 520 78
3 485 67 492 85
3 496 80 505 90
3 497 68 508 81
3 464 65 472 78
3 476 69 485 82
3 453 74 469 94
3 382 53 407 92
3 408 57 432 85
3 283 52 318 90
3 245 46 272 78
3 40 44 64 81
3 29 52 49 83
3 89 42 117 68
