54
1 248 687 293 796
1 525 605 563 698
1 544 602 581 696
1 597 472 622 533
1 584 454 610 520
1 618 466 643 528
1 424 477 448 536
1 277 692 319 798
1 106 597 139 679
1 722 1050 781 1196
1 576 78 590 116
1 291 576 323 654
1 281 533 307 597
1 302 535 326 596
1 257 511 286 585
1 501 458 522 511
1 473 511 503 584
1 512 444 533 496
1 494 446 515 499
1 486 445 507 498
1 207 422 225 465
1 225 442 244 491
1 267 407 286 454
1 141 438 162 489
1 319 517 348 591
1 672 473 692 524
2 35 882 87 1008
2 135 793 184 912
2 625 936 686 1088
2 419 817 454 903
2 688 648 716 719
2 575 592 600 652
2 593 584 618 647
2 306 575 342 663
2 130 473 144 511
2 247 460 265 506
2 266 453 285 501
2 536 529 556 581
2 452 529 475 586
2 723 489 740 532
2 110 449 125 488
3 14 896 85 1007
3 478 960 559 1054
3 541 532 564 573
3 675 517 696 554
3 690 516 707 553
3 715 520 739 549
3 740 529 759 557
3 98 447 114 475
3 326 450 349 490
3 704 487 717 514
3 607 457 630 482
3 340 415 365 441
3 731 465 752 503
