28
1 77 252 116 347
1 101 251 141 350
1 125 254 166 354
1 145 251 185 348
1 177 251 212 336
1 194 249 231 342
1 218 252 249 331
1 238 252 271 334
1 254 255 283 325
1 274 249 306 329
1 289 252 316 317
1 308 250 339 325
1 319 249 347 320
1 341 252 369 321
1 377 252 401 314
1 403 255 426 314
1 424 251 446 308
1 449 254 470 309
1 458 250 480 304
1 475 252 497 307
1 496 255 515 304
1 526 255 544 302
1 562 253 583 306
1 578 248 598 297
1 590 249 610 300
1 598 251 622 309
1 615 251 631 291
1 640 251 660 302
