33
1 152 166 186 249
1 266 173 292 236
1 295 171 319 231
1 356 180 395 276
1 328 167 350 223
1 196 135 215 183
1 0 146 16 196
1 424 159 441 203
3 419 195 439 260
3 453 188 477 256
3 455 175 469 192
3 394 188 415 234
3 347 190 370 242
3 319 191 340 247
3 223 189 248 243
3 220 165 241 202
3 180 176 201 224
3 185 159 199 182
3 166 139 182 158
3 144 143 158 165
3 146 130 161 148
3 356 159 371 191
3 372 156 390 192
3 454 157 469 174
3 450 148 460 165
3 478 155 491 174
3 100 162 123 216
3 55 172 77 225
3 22 161 42 208
3 23 128 43 162
3 64 153 88 200
3 70 132 83 152
5 4 102 497 188
