66
1 600 410 642 512
1 566 415 604 511
1 539 392 576 486
1 653 410 691 505
1 893 386 924 461
1 911 354 939 425
1 846 378 875 450
1 807 426 845 519
1 906 293 928 347
1 900 329 917 371
1 883 281 902 328
1 833 290 852 336
1 815 290 829 326
1 474 415 516 518
1 452 482 486 565
1 387 478 431 588
1 351 460 399 577
1 251 505 294 610
1 219 487 269 611
1 196 408 229 491
1 159 384 199 481
1 244 420 287 527
1 279 445 327 562
1 317 450 357 548
1 416 391 449 474
1 440 396 478 490
1 458 382 495 476
1 344 363 376 443
1 276 354 303 422
1 230 356 261 435
1 406 542 451 652
1 686 431 733 546
1 392 396 427 483
1 375 384 407 462
1 320 405 363 509
1 258 307 277 355
1 203 339 229 406
1 185 334 209 395
1 579 313 604 376
1 611 320 628 363
1 662 294 681 343
1 678 293 697 343
1 575 255 589 292
1 594 257 609 294
1 561 279 578 324
1 539 279 557 326
1 473 315 496 374
1 503 314 525 371
1 390 322 413 379
1 801 389 843 491
1 230 309 248 356
1 243 351 271 419
1 176 370 207 446
1 554 259 568 297
1 547 234 557 258
1 536 258 551 296
3 411 595 466 654
3 658 578 707 652
3 387 351 419 390
3 563 350 587 385
3 372 367 391 394
3 717 277 735 302
3 749 279 764 300
4 889 242 909 292
4 609 0 661 103
5 170 202 321 324
