35
1 73 239 99 306
1 602 242 640 393
1 558 234 598 335
1 526 232 572 344
1 477 225 527 347
1 453 232 508 366
1 425 227 471 340
1 391 231 440 354
1 361 242 424 395
1 337 229 384 347
1 250 246 335 455
1 178 240 235 380
1 222 232 271 354
1 84 231 183 476
1 87 219 148 370
1 599 231 625 297
1 169 231 192 287
1 179 231 201 287
3 228 227 242 249
3 252 230 270 250
3 300 231 319 256
3 307 220 323 242
3 330 230 342 251
3 342 225 355 245
3 376 229 388 245
3 528 224 541 241
3 551 227 560 242
3 563 227 571 241
3 578 227 593 242
3 623 222 638 243
3 289 232 300 250
3 274 232 282 242
3 418 223 430 239
3 433 230 446 246
5 41 231 80 246
