38
1 348 230 388 331
1 211 221 251 318
1 494 179 530 269
1 73 197 114 300
1 10 195 51 298
1 486 53 523 144
1 516 53 550 140
1 508 45 544 132
1 449 20 481 100
1 401 13 434 94
1 368 34 403 122
1 245 7 278 91
1 284 2 312 71
1 265 0 296 76
1 138 22 171 106
1 122 31 153 107
1 96 32 131 120
1 74 39 105 114
1 0 48 27 117
1 15 3 44 75
1 294 0 321 67
3 102 226 165 316
3 179 130 214 182
3 249 140 279 176
3 278 171 306 206
3 359 146 391 193
3 56 2 75 32
3 97 5 119 29
3 120 20 135 36
3 196 6 214 29
3 238 11 253 34
3 349 17 367 44
3 384 18 404 46
3 394 0 414 21
3 428 23 441 45
3 436 0 450 18
3 463 6 476 23
3 519 1 539 22
