43
1 6 182 39 264
1 59 196 86 263
1 42 127 76 213
1 69 155 109 255
1 130 170 167 263
1 155 123 190 208
1 196 192 225 262
1 261 208 284 264
1 289 177 323 261
1 225 158 258 242
1 272 131 310 224
1 303 121 329 187
1 309 109 338 181
1 269 99 295 165
1 248 107 272 166
1 226 121 259 202
1 190 142 223 226
1 196 109 226 183
1 211 98 238 166
1 199 46 207 69
1 148 48 153 64
1 68 47 78 71
1 43 72 66 131
1 51 63 71 111
1 64 82 88 143
1 85 86 111 150
1 119 92 148 162
1 111 78 135 137
1 141 84 164 142
1 171 90 198 155
1 152 103 178 169
1 197 77 224 143
1 155 76 174 125
1 98 73 117 120
1 108 64 128 112
1 82 68 99 111
3 85 37 104 58
3 236 44 257 59
3 127 61 138 76
3 183 72 195 90
3 248 86 262 106
3 93 55 103 70
3 105 54 116 67
