43
1 0 159 29 230
1 105 161 137 239
1 229 154 270 254
1 432 149 479 264
1 485 166 500 211
1 422 168 439 209
1 412 164 428 203
1 404 167 416 197
1 398 167 409 195
1 392 166 400 189
1 381 165 389 185
1 385 166 392 185
1 365 165 382 207
1 335 165 345 190
1 326 168 336 195
1 318 166 334 206
1 276 166 291 204
1 285 166 297 199
1 294 165 306 194
1 305 166 315 190
1 269 166 278 191
1 259 168 269 195
1 226 165 241 202
1 192 165 205 198
1 212 166 224 196
1 224 167 234 191
1 189 166 195 183
1 174 169 184 195
1 180 166 188 189
1 167 167 175 187
1 159 168 169 192
1 152 170 163 200
1 146 166 154 185
1 138 166 148 193
1 132 165 141 190
1 73 165 85 195
1 47 165 58 195
1 56 166 66 190
1 65 166 73 188
1 91 166 99 186
1 36 167 44 189
1 21 163 32 193
1 0 166 8 194
