43
1 7 294 27 342
1 40 279 60 327
1 57 272 74 317
1 71 268 86 305
1 85 259 101 300
1 105 248 121 288
1 120 244 136 283
1 129 243 142 277
1 135 236 148 270
1 150 228 163 263
1 165 225 177 256
1 180 220 191 247
1 204 207 213 231
1 212 207 220 226
1 193 217 202 240
1 189 221 197 242
1 461 208 469 229
1 467 206 477 232
1 473 213 483 238
1 479 216 490 246
1 483 219 495 251
1 487 227 498 255
1 493 231 506 262
1 621 321 646 382
1 602 307 624 361
1 584 293 604 341
1 568 281 587 327
1 557 272 574 314
1 545 263 560 303
1 528 252 545 294
1 522 249 536 286
1 516 241 527 268
1 504 234 517 267
1 511 239 523 272
3 106 200 117 210
3 157 200 172 213
3 246 202 266 216
3 282 199 294 211
3 295 201 303 211
3 306 199 316 210
3 322 202 333 214
3 497 202 509 216
3 474 198 481 212
