37
1 11 124 73 279
1 0 57 43 206
1 51 106 108 248
1 117 148 175 291
1 309 160 379 331
1 482 156 564 356
1 595 4 690 345
1 561 127 608 244
1 450 104 496 216
1 463 99 507 206
1 405 103 442 196
1 392 101 430 193
1 430 100 463 184
1 443 103 483 201
1 487 105 525 198
1 548 96 582 179
1 564 103 617 233
1 579 88 628 210
1 268 72 315 190
1 282 66 326 173
1 335 102 379 209
1 349 102 390 204
1 320 78 357 170
1 221 78 272 204
1 202 74 250 193
1 155 62 217 213
1 79 71 138 215
1 113 70 172 216
3 25 58 49 97
3 51 73 78 106
3 139 63 162 96
3 357 61 380 97
3 422 64 444 97
3 467 70 490 96
3 509 61 527 96
3 527 69 546 105
3 525 96 559 126
