31
1 0 194 41 352
1 33 277 99 437
1 67 362 137 532
1 75 14 128 146
1 123 78 177 211
1 171 120 226 257
1 235 163 301 325
1 313 259 374 411
1 352 346 412 494
1 423 403 486 559
1 604 291 673 459
1 692 370 764 549
1 503 218 569 378
1 455 161 513 306
1 379 93 437 238
1 336 43 388 173
1 282 9 332 132
1 480 1 522 105
1 513 25 568 163
1 576 72 633 212
1 665 125 725 275
1 760 200 825 358
1 863 260 926 414
1 872 97 935 251
1 765 56 820 193
1 724 6 775 133
1 900 2 943 110
3 201 533 276 562
3 517 515 575 553
3 803 453 878 541
3 142 439 199 532
