38
1 25 146 57 226
1 58 146 96 240
1 99 146 127 216
1 149 146 181 226
1 199 149 220 204
1 213 149 239 214
1 252 153 277 213
1 279 151 303 209
1 310 152 331 205
1 333 157 352 204
1 355 154 370 191
1 360 155 378 201
1 491 158 502 186
1 513 159 525 189
1 522 159 531 184
1 542 159 553 191
1 383 154 401 199
1 397 153 413 192
1 409 156 424 193
1 420 157 434 191
1 427 156 439 188
1 439 156 451 188
1 452 157 462 185
1 459 157 469 183
1 467 157 478 183
3 183 185 213 244
3 224 179 244 235
3 270 176 294 230
3 305 177 338 229
3 342 173 363 216
3 371 169 389 214
3 388 169 408 205
3 407 173 423 203
3 425 171 435 198
3 438 170 453 200
3 455 170 471 191
3 469 171 479 194
3 486 169 500 195
