42
1 38 50 55 94
1 48 48 62 84
1 55 49 74 97
1 66 46 82 87
1 74 48 94 99
1 95 50 114 99
1 133 42 150 87
1 147 47 167 99
1 160 43 176 82
1 172 43 192 92
1 192 44 211 93
1 221 41 242 93
1 210 42 221 68
1 216 37 223 56
1 157 40 171 74
1 200 134 218 179
1 187 131 207 183
1 175 137 192 179
1 182 134 198 173
1 168 133 185 175
1 156 132 176 180
1 151 134 166 174
1 139 133 157 179
1 127 133 148 186
1 117 136 133 177
1 189 207 211 262
1 163 210 181 253
1 170 211 185 249
1 153 214 164 244
1 143 211 160 255
1 138 217 149 245
1 127 214 141 249
1 259 51 274 89
1 267 50 286 100
1 276 52 296 100
1 288 52 304 94
1 300 49 320 99
1 321 54 340 100
3 340 43 363 74
3 301 48 309 62
3 199 36 210 47
5 118 303 218 328
