30
1 0 470 40 633
1 46 449 123 640
1 0 407 73 599
1 92 436 174 639
1 134 419 201 586
1 349 447 424 630
1 212 506 267 640
1 243 419 312 589
1 469 453 534 611
1 506 443 565 588
1 538 443 618 638
1 622 447 687 607
1 717 419 745 487
1 600 423 626 487
1 646 384 672 448
1 782 392 806 454
1 834 390 861 458
1 845 407 877 487
1 858 392 884 455
1 730 453 798 621
1 774 459 847 638
1 900 512 951 638
1 893 453 965 630
1 962 405 999 498
3 475 391 494 429
3 88 418 121 454
3 614 570 652 619
4 285 284 331 407
4 331 257 372 396
4 164 270 218 422
