40
1 0 277 52 429
1 54 262 106 391
1 76 298 140 455
1 137 282 198 432
1 282 225 324 329
1 254 199 285 275
1 221 221 260 319
1 185 254 238 386
1 119 232 159 332
1 97 240 144 354
1 319 143 334 183
1 297 154 319 211
1 280 152 303 209
1 130 156 145 193
1 138 167 160 220
1 119 171 142 227
1 240 176 266 240
3 157 231 179 259
3 163 215 179 234
3 154 198 163 214
3 206 225 228 251
3 222 199 241 221
3 177 184 201 216
3 209 187 225 209
3 157 141 170 155
3 136 135 147 154
3 120 174 129 188
3 271 150 281 162
3 250 154 261 176
3 230 158 239 167
3 165 153 181 167
3 194 166 209 181
3 223 164 240 183
3 172 140 187 154
3 187 136 195 153
3 199 135 209 149
3 203 140 212 154
3 217 142 226 158
3 268 181 280 198
5 153 106 331 172
