34
1 299 170 398 415
1 456 169 495 264
1 515 137 547 218
1 510 144 527 186
1 473 144 509 235
1 459 135 479 185
1 440 139 464 200
1 412 132 437 192
1 426 134 443 177
1 374 162 419 272
1 384 157 419 246
1 361 143 389 214
1 52 227 97 340
1 117 206 156 302
1 216 200 266 322
1 227 173 269 279
1 222 172 252 248
1 164 142 194 216
1 146 142 183 235
1 121 165 158 259
1 34 163 76 268
1 270 121 296 185
1 95 138 121 203
1 78 138 111 219
1 49 143 83 228
1 16 148 39 206
1 0 144 23 225
1 37 113 58 166
3 212 139 238 165
3 309 132 324 148
3 313 146 333 170
3 302 168 321 195
3 503 126 516 156
3 481 127 496 145
