44
1 353 367 609 992
1 886 422 1028 770
1 1057 417 1128 592
1 1010 419 1080 590
1 125 418 199 598
1 42 430 127 640
1 29 421 114 630
1 0 426 46 627
1 577 419 644 582
1 534 421 600 581
1 249 440 311 594
1 234 416 302 585
1 334 435 402 603
1 289 419 360 594
1 552 423 609 562
1 632 425 690 566
1 670 405 736 569
1 712 414 771 561
1 963 411 1033 585
1 190 424 221 503
1 174 425 207 507
1 791 447 843 576
3 167 408 184 438
3 214 408 233 427
3 281 406 304 437
3 300 405 319 433
3 321 400 340 424
3 342 394 360 420
3 328 424 364 458
3 3 414 26 448
3 560 388 582 414
3 590 377 614 411
3 681 353 714 406
3 766 376 796 403
3 782 404 822 431
3 799 376 832 411
3 837 384 866 430
3 894 350 930 390
3 875 411 900 446
3 959 386 988 414
3 998 396 1029 429
3 1089 366 1100 404
3 735 469 774 543
3 767 498 824 564
