36
1 21 249 40 297
1 47 256 63 298
1 172 251 219 365
1 264 249 300 336
1 363 254 398 340
1 412 247 455 351
1 439 251 474 336
1 485 247 518 327
1 558 248 592 330
1 198 251 228 327
1 1 250 20 299
1 6 241 28 294
3 65 261 84 308
3 91 258 106 315
3 110 263 121 283
3 124 261 142 318
3 139 264 154 298
3 156 265 169 314
3 175 267 182 287
3 201 263 210 274
3 230 263 254 310
3 255 265 271 309
3 301 265 311 280
3 311 270 321 283
3 319 264 343 307
3 347 261 359 284
3 355 264 370 303
3 463 260 490 317
5 10 240 45 259
5 43 226 132 257
5 90 205 102 223
5 119 209 166 227
5 141 200 540 234
5 494 208 589 225
5 134 233 321 252
5 326 236 579 254
