51
1 0 199 54 347
1 214 185 284 356
1 359 176 434 360
1 415 128 438 184
1 424 127 445 181
1 467 124 490 201
1 346 141 363 185
1 326 140 342 180
1 316 141 332 181
1 301 145 315 182
1 391 129 401 156
1 382 131 392 158
1 364 137 372 158
1 285 144 302 186
1 269 137 286 182
1 254 137 272 183
1 240 136 257 180
1 222 138 238 178
1 212 132 230 179
1 194 122 219 182
1 189 137 206 180
1 179 134 196 176
1 172 147 185 178
1 133 139 151 185
1 126 137 142 178
1 122 137 136 174
1 122 114 145 172
1 100 125 122 179
1 82 140 96 176
1 78 121 98 170
1 60 116 85 178
1 51 137 65 174
1 39 136 53 173
1 45 123 64 171
1 24 135 39 172
1 14 134 29 170
1 21 120 39 164
1 5 125 21 167
1 216 75 224 97
1 121 65 132 93
1 109 66 120 93
1 106 71 113 91
3 292 128 309 143
3 224 128 238 142
3 113 121 124 136
5 2 126 25 147
5 0 36 11 48
5 2 54 15 78
5 14 58 88 77
5 135 72 170 79
5 433 115 489 165
