34
1 29 149 59 226
1 46 137 68 194
1 101 136 120 182
1 147 141 164 182
1 156 139 173 182
1 198 138 222 199
1 174 146 212 241
1 113 150 172 294
1 241 147 257 188
1 270 138 303 219
1 325 147 353 215
1 367 151 387 200
1 369 148 415 263
1 463 156 496 239
1 449 145 468 192
1 437 141 456 187
1 420 144 437 186
1 410 143 428 187
1 350 137 369 186
1 318 140 335 185
1 305 143 319 179
1 261 137 277 179
1 228 141 241 173
1 172 139 186 173
1 161 138 175 172
1 120 140 132 170
1 88 141 100 172
1 75 136 90 173
1 60 135 76 177
1 22 144 34 177
1 9 133 23 168
5 13 128 185 146
5 193 132 276 149
5 279 128 498 154
