46
1 212 184 305 411
1 8 80 42 166
1 45 82 81 169
1 31 81 64 162
1 67 81 99 159
1 89 82 120 161
1 111 84 144 164
1 135 120 153 166
1 151 108 177 172
1 167 67 207 164
1 198 75 236 170
1 231 71 275 179
1 258 69 301 176
1 295 63 343 180
1 351 63 394 171
1 347 58 364 101
1 372 54 419 172
1 405 114 439 197
1 451 112 487 200
1 409 61 460 185
1 336 115 364 183
1 514 115 551 208
1 568 131 602 213
1 593 35 666 214
1 642 43 690 222
3 75 114 105 165
3 108 130 136 165
3 141 80 160 103
3 201 118 234 180
3 231 125 257 169
3 214 104 229 119
3 263 118 283 164
3 263 116 308 173
3 326 105 385 190
3 449 57 472 107
3 427 103 457 139
3 471 90 496 133
3 480 103 522 197
3 509 90 541 133
3 528 56 560 110
3 542 103 576 205
3 595 104 618 143
3 589 43 616 99
3 592 114 647 212
3 616 135 670 223
3 664 126 690 225
