33
1 181 116 198 157
1 194 110 212 155
1 2 166 19 208
1 19 163 37 206
1 37 173 56 220
1 50 177 70 225
1 57 179 75 225
1 64 178 84 228
1 82 181 101 231
1 94 186 114 234
1 106 182 125 229
1 114 183 134 234
1 137 186 155 230
1 158 183 177 231
1 175 181 194 229
1 192 183 209 228
1 205 184 219 221
1 216 176 234 221
1 237 184 256 233
1 248 189 263 228
1 254 185 270 226
1 261 184 276 221
1 268 188 285 231
1 283 183 302 229
1 296 184 315 231
1 307 184 325 228
1 325 186 344 232
1 341 184 360 231
1 354 186 374 234
1 368 186 386 233
1 377 171 392 209
5 214 2 332 54
5 24 0 207 14
