30
1 53 233 93 331
1 73 221 156 424
1 168 248 194 311
1 187 245 209 298
1 205 242 240 328
1 198 241 214 280
1 236 243 257 295
1 262 243 289 309
1 249 251 267 295
1 284 228 363 424
1 360 259 426 421
1 325 241 363 334
1 425 245 458 329
1 524 238 589 398
1 561 251 600 375
1 489 244 514 308
1 357 244 370 279
1 287 246 305 291
1 271 247 296 310
1 295 250 312 294
3 273 99 295 131
3 441 52 524 155
3 397 245 411 290
3 375 244 403 271
3 509 252 526 287
3 571 211 599 261
3 445 252 470 284
3 416 246 439 280
5 1 193 237 227
5 332 189 590 215
