33
1 0 283 106 595
1 280 266 379 507
1 373 266 486 543
1 591 57 685 286
1 659 248 803 600
1 797 255 925 568
1 823 274 925 592
1 725 25 839 306
1 527 52 628 302
1 384 334 456 512
1 535 144 626 365
1 642 158 745 413
1 687 167 781 396
3 524 53 548 197
3 592 42 626 90
3 674 51 730 185
3 729 42 756 95
3 250 384 328 537
3 251 377 285 430
3 196 262 225 322
3 161 263 192 327
3 145 255 175 329
3 127 263 169 341
3 106 293 140 326
3 85 262 110 313
3 73 241 96 305
3 20 262 47 307
3 34 208 73 273
3 626 218 682 312
5 810 235 846 311
5 862 234 919 308
5 39 192 175 258
5 166 206 474 288
