37
1 37 107 178 453
1 132 131 265 456
1 212 143 341 457
1 277 126 410 454
1 368 142 496 456
1 454 141 582 454
1 546 114 687 458
1 574 69 595 120
1 599 72 619 121
1 462 83 484 139
1 442 65 461 115
1 0 176 27 288
1 226 129 245 179
3 1 19 8 46
3 14 23 30 45
3 36 19 58 49
3 74 22 94 54
3 94 26 113 53
3 119 31 139 54
3 157 28 178 56
3 188 37 204 58
3 221 38 239 63
3 244 40 263 63
3 298 41 320 71
3 336 52 347 66
3 408 93 430 132
3 423 94 444 136
3 436 96 458 137
3 215 157 235 205
3 296 164 323 192
3 311 147 328 186
3 285 135 295 153
5 129 163 189 197
5 448 164 495 203
5 385 162 423 203
5 537 174 602 201
5 646 174 688 202
