33
1 34 269 112 462
1 1 265 60 412
1 88 254 172 458
1 139 259 211 435
1 171 261 253 461
1 212 296 277 456
1 271 317 329 461
1 245 260 318 439
1 295 261 376 458
1 338 263 410 440
1 377 276 443 440
1 439 287 493 422
1 430 259 491 407
1 474 276 531 416
1 550 270 611 418
1 595 277 649 408
1 650 257 713 414
1 609 276 656 394
3 66 250 98 271
3 48 256 68 289
3 1 257 19 298
3 247 253 272 301
3 286 249 312 306
3 348 254 368 293
3 393 253 404 295
3 421 264 438 289
3 425 280 439 320
3 489 273 520 305
3 503 258 521 285
3 579 264 596 289
3 184 264 206 296
3 146 262 174 285
3 97 260 131 287
