40
1 16 213 32 253
1 36 215 54 258
1 45 215 58 248
1 65 210 81 250
1 91 216 106 254
1 114 219 127 253
1 130 219 139 243
1 147 220 156 243
1 153 204 182 274
1 181 217 191 243
1 188 211 212 270
1 211 218 231 269
1 223 214 243 263
1 242 217 259 262
1 260 213 278 257
1 274 207 293 256
1 303 214 317 250
1 325 216 336 246
1 339 217 350 247
1 349 214 363 248
1 360 214 375 251
1 371 210 384 242
1 441 214 451 242
1 456 214 468 244
1 470 214 481 244
1 484 211 496 243
1 500 214 511 243
1 518 211 532 245
1 532 211 545 245
1 550 211 563 245
1 561 213 575 247
1 578 214 590 246
1 585 215 597 247
1 601 206 618 247
1 613 204 633 252
1 627 207 645 253
1 645 204 666 255
1 665 208 686 261
1 680 206 700 259
1 393 195 424 273
