29
1 99 812 136 903
1 121 778 156 866
1 129 778 161 857
1 155 778 206 902
1 192 779 222 855
1 203 793 247 901
1 264 771 317 901
1 289 809 327 902
1 308 774 362 905
1 367 769 422 903
1 420 780 471 905
1 445 768 498 900
1 491 767 543 893
1 469 761 518 884
1 516 765 564 885
1 531 745 592 895
1 558 758 609 884
1 566 746 625 893
1 361 756 391 830
1 396 762 420 821
1 423 759 445 815
1 346 767 370 825
1 336 755 364 826
1 293 768 313 819
1 303 774 320 815
1 316 766 330 804
1 247 768 261 802
3 436 753 447 777
3 443 755 465 780
