34
1 0 159 34 269
1 14 158 52 252
1 42 166 86 273
1 68 158 110 260
1 89 164 133 273
1 127 168 170 274
1 155 153 198 261
1 187 165 230 273
1 224 158 271 272
1 259 155 307 273
1 306 164 350 273
1 276 150 318 256
1 317 154 359 258
1 336 153 362 255
1 331 156 362 239
3 3 132 23 158
3 58 154 76 172
3 36 155 50 177
3 89 141 107 160
3 114 141 128 158
3 145 138 160 158
3 168 140 185 158
3 192 139 210 160
3 219 141 233 161
3 96 153 108 167
3 119 153 132 174
3 136 155 158 182
3 164 151 180 176
3 188 151 203 175
3 200 151 219 177
3 231 155 243 176
3 259 154 273 180
3 312 153 325 187
3 351 142 360 164
