37
1 0 202 29 293
1 62 204 96 289
1 115 202 151 291
1 166 203 202 291
1 210 198 247 290
1 261 196 297 283
1 309 196 345 286
1 363 203 395 281
1 414 198 449 283
1 0 142 16 187
1 35 141 53 187
1 71 138 88 181
1 101 139 121 187
1 133 143 150 186
1 158 150 180 205
1 173 157 194 212
1 280 147 304 208
1 303 159 327 217
1 349 139 366 183
1 382 137 398 176
1 409 139 426 181
1 396 131 415 180
1 423 133 440 176
1 435 137 450 183
1 332 132 347 171
1 314 134 327 167
1 322 134 339 176
1 268 132 285 175
1 190 139 208 185
5 6 125 21 148
5 32 126 53 144
5 68 125 89 146
5 80 118 249 156
5 241 124 273 148
5 276 125 319 147
5 341 121 441 142
5 2 52 447 88
