70
1 0 135 54 269
1 33 173 75 275
1 48 119 109 268
1 152 171 198 286
1 172 116 232 262
1 227 84 313 296
1 313 132 365 260
1 377 117 436 260
1 430 169 465 257
1 417 144 461 255
1 478 173 509 248
1 495 175 528 255
1 508 116 561 247
1 461 120 510 242
1 568 100 639 273
1 631 178 659 278
1 125 177 158 257
1 97 178 130 260
1 104 134 154 255
1 133 127 186 257
1 157 65 188 142
1 76 90 103 155
1 327 125 379 254
1 213 125 265 255
1 125 69 142 111
1 131 30 164 113
1 198 86 214 128
1 208 85 228 135
1 222 63 247 123
1 234 58 249 98
1 287 80 300 114
1 294 79 318 138
1 441 68 465 126
1 483 68 506 124
1 310 46 339 118
1 343 74 358 110
1 267 21 286 68
1 382 14 408 77
1 403 40 429 103
1 444 13 464 64
1 481 12 507 77
1 611 8 638 75
1 448 125 467 173
1 524 122 572 242
3 35 129 58 157
3 109 127 123 154
3 20 112 35 135
3 1 108 20 129
3 494 105 511 129
3 537 76 568 118
3 516 44 538 81
3 540 52 562 82
3 510 39 521 75
3 340 62 356 76
3 374 85 390 116
3 386 81 402 113
3 371 70 387 116
3 355 29 384 80
3 587 76 609 97
3 604 70 623 99
3 621 80 640 108
3 629 108 641 129
3 646 125 658 140
3 639 69 652 94
3 357 103 366 126
3 362 109 377 142
3 423 113 436 141
3 419 94 437 110
3 438 105 453 123
3 463 124 477 141
