39
1 429 318 481 444
1 355 297 397 399
1 310 283 353 391
1 288 301 332 410
1 257 286 299 391
1 221 301 269 420
1 167 302 217 427
1 159 283 203 391
1 83 277 134 405
1 190 269 235 378
1 175 260 203 331
1 9 259 49 358
1 27 249 56 320
1 44 254 69 315
1 73 250 95 304
1 109 244 136 312
1 155 249 177 306
1 198 217 222 276
1 297 212 317 261
1 288 214 309 265
1 433 189 447 226
1 443 186 459 228
1 455 189 469 223
1 466 196 476 221
1 472 196 489 238
1 490 192 506 232
1 510 195 525 234
1 525 194 540 232
1 535 192 549 226
1 551 197 565 235
1 559 194 572 229
1 584 192 599 228
3 176 236 193 258
3 645 56 662 82
3 662 53 677 83
3 521 171 538 193
5 307 207 374 230
5 371 191 423 230
5 595 176 699 218
