45
1 2 218 54 344
1 38 203 74 293
1 75 207 117 312
1 92 225 163 398
1 139 217 193 350
1 139 194 159 246
1 165 201 198 281
1 196 208 231 296
1 186 243 280 476
1 234 221 303 393
1 278 215 326 333
1 307 210 345 304
1 341 185 360 234
1 346 177 367 228
1 362 177 373 205
1 387 190 420 273
1 379 254 474 489
1 416 226 477 375
1 407 198 436 272
1 487 184 518 263
1 499 191 535 282
1 528 200 572 310
1 560 204 610 327
1 591 212 655 371
1 640 229 730 451
1 690 198 739 318
1 644 199 682 295
1 623 193 661 286
1 723 181 761 275
1 759 216 825 376
1 837 199 886 321
1 871 221 959 439
1 951 211 998 362
1 942 167 963 221
1 882 182 926 290
1 787 186 822 273
1 814 171 835 225
1 832 177 867 262
1 471 179 489 226
1 749 183 775 250
3 560 181 590 213
3 663 182 690 218
5 4 178 83 215
5 98 178 415 204
5 428 167 996 184
