36
1 483 164 557 348
1 568 146 625 287
3 1 169 20 194
3 17 190 29 212
3 24 202 46 241
3 32 188 48 205
3 36 176 53 192
3 66 205 89 232
3 44 204 63 226
3 105 208 131 238
3 163 204 188 235
3 149 194 166 218
3 129 197 145 219
3 100 167 113 189
3 84 163 103 187
3 126 161 145 186
3 141 163 159 183
3 197 200 221 223
3 234 212 262 246
3 279 198 296 221
3 303 193 320 214
3 310 207 327 234
3 325 219 358 277
3 331 195 349 220
3 372 204 395 233
3 394 198 417 229
3 422 209 458 258
3 458 209 482 244
3 547 228 591 284
3 576 215 599 248
3 562 201 582 227
3 617 189 635 211
3 616 161 635 190
3 634 199 653 241
3 646 186 660 209
5 166 145 613 245
