35
1 18 135 70 263
1 5 124 34 195
1 60 136 88 207
1 72 129 93 181
1 118 126 146 198
1 151 131 192 234
1 183 125 209 190
1 211 127 228 170
1 201 157 281 353
1 283 135 312 205
1 270 130 290 179
1 264 129 279 166
1 324 133 349 196
1 331 135 394 288
1 398 145 446 262
1 439 145 474 231
1 462 139 492 214
1 478 136 505 202
1 491 136 512 190
1 508 136 523 175
1 520 111 534 146
3 310 127 322 144
3 421 124 433 143
3 406 126 417 145
3 382 130 396 156
3 346 127 357 141
3 495 102 508 128
3 471 99 490 121
3 537 100 554 133
3 521 99 535 113
3 526 139 539 173
3 545 139 559 176
3 502 134 512 149
5 1 112 109 150
5 111 76 447 136
