34
1 3 184 38 272
1 34 196 66 276
1 58 173 85 241
1 510 197 546 287
1 500 164 523 221
1 476 169 500 230
1 415 172 444 244
1 427 182 461 265
1 394 163 428 246
1 377 161 402 221
1 356 164 389 245
1 311 162 353 268
1 299 184 327 252
1 282 158 307 219
1 269 195 289 245
1 247 166 281 250
1 334 185 364 259
1 195 174 227 255
1 238 161 259 214
1 169 167 204 255
1 158 164 180 220
1 121 166 145 224
1 122 190 150 258
1 102 195 131 266
1 91 187 114 243
1 81 158 104 216
1 109 180 131 237
1 150 175 175 237
1 141 181 157 223
1 514 149 523 173
3 48 169 64 194
3 102 160 121 185
3 489 117 511 136
5 329 111 541 186
