35
1 17 187 37 235
1 25 184 62 276
1 58 194 102 305
1 101 192 133 270
1 84 184 108 245
1 141 203 183 308
1 186 184 213 251
1 203 179 228 241
1 224 185 244 235
1 247 175 265 221
1 250 213 292 315
1 282 189 317 277
1 300 187 327 256
1 335 182 353 228
1 237 184 255 228
1 359 185 385 252
1 364 196 410 312
1 405 179 423 224
1 418 180 442 238
1 432 189 457 252
1 443 189 479 277
1 478 204 524 319
1 518 183 548 258
1 472 184 491 233
1 542 184 562 232
1 547 193 580 277
1 566 183 590 241
3 492 177 508 196
3 381 182 398 200
3 301 178 315 189
3 135 178 157 201
3 154 179 173 189
3 179 169 196 194
3 40 184 52 200
3 52 181 65 195
