28
1 191 445 224 526
1 205 447 233 518
1 473 462 535 614
1 436 445 475 540
1 401 452 434 534
1 376 454 412 541
1 363 453 396 537
1 516 458 549 541
1 526 455 591 614
1 563 445 630 610
1 608 460 662 593
1 621 462 677 599
1 673 451 719 563
1 739 455 785 568
1 764 454 799 543
1 809 457 833 516
3 2 433 21 465
3 95 440 109 461
3 156 439 166 459
3 145 436 158 453
3 197 439 211 457
3 232 441 243 458
3 242 441 250 456
3 314 442 330 464
3 299 441 314 465
3 569 446 592 476
3 702 454 717 472
3 277 442 292 463
