33
1 117 221 172 357
1 18 235 92 415
1 1 224 72 399
1 116 196 263 558
1 266 242 355 460
1 350 266 400 443
1 218 227 246 297
1 340 232 371 311
1 378 72 400 163
1 353 72 390 166
1 325 74 363 167
1 298 74 337 170
1 247 77 283 168
1 216 76 253 170
1 177 83 212 169
1 148 90 181 171
1 119 88 153 174
1 92 99 123 175
1 48 87 83 176
1 17 101 48 179
3 93 304 127 335
3 98 238 117 260
3 312 231 338 267
3 9 77 27 96
3 32 75 46 98
3 74 63 94 82
3 91 59 106 76
3 92 76 110 97
3 104 64 125 86
3 123 70 140 85
3 259 61 283 81
3 73 97 95 119
3 31 97 47 116
