34
1 0 241 32 366
1 13 221 55 324
1 14 258 76 409
1 65 229 107 331
1 89 253 141 379
1 111 228 151 328
1 143 240 174 316
1 42 294 102 443
1 129 274 194 434
1 187 236 228 337
1 169 219 195 282
1 237 252 286 375
1 269 300 329 446
1 307 276 374 441
1 338 270 403 429
1 375 266 428 399
1 397 254 443 368
1 415 245 457 347
1 457 218 481 279
1 470 216 492 269
3 494 385 560 435
3 475 338 545 391
3 496 310 547 347
3 525 271 571 310
3 518 257 541 274
3 530 241 550 259
3 57 204 71 218
3 78 209 96 225
3 107 205 130 224
3 141 199 158 219
3 10 205 29 232
3 3 195 13 210
5 189 146 596 198
5 0 167 595 303
