30
1 36 283 117 484
1 102 298 161 441
1 139 308 188 430
1 182 331 216 413
1 202 332 228 398
1 226 340 249 396
1 0 334 39 440
1 248 337 270 391
1 262 338 282 389
1 296 259 378 460
1 414 113 579 519
1 507 226 594 441
1 604 277 647 385
1 579 292 611 372
1 659 258 713 393
1 644 291 673 365
1 634 307 652 354
1 685 289 717 367
1 715 294 738 351
1 724 215 804 411
1 797 277 830 358
1 810 243 850 381
1 414 325 435 379
1 365 329 385 380
1 376 331 393 372
3 4 362 32 396
3 258 331 268 348
3 768 291 783 310
3 785 278 802 294
5 347 328 439 374
