44
1 0 146 52 310
1 17 102 75 246
1 48 161 126 351
1 121 135 182 286
1 262 184 330 350
1 317 123 379 274
1 492 124 552 273
1 543 169 619 356
1 569 139 640 312
1 586 104 640 252
3 557 128 582 162
3 476 106 503 136
3 516 96 529 114
3 467 94 482 111
3 442 110 469 135
3 434 86 449 104
3 413 89 430 110
3 425 100 447 127
3 405 103 421 126
3 387 91 405 118
3 347 90 371 128
3 371 105 389 124
3 361 92 378 110
3 329 89 350 113
3 293 103 317 129
3 283 93 297 110
3 268 97 285 117
3 252 105 273 127
3 250 91 267 115
3 232 81 247 99
3 231 94 245 112
3 215 83 232 102
3 207 102 227 128
3 189 95 206 114
3 173 105 194 124
3 159 89 175 114
3 169 81 184 100
3 146 89 163 108
3 137 103 150 124
3 113 81 126 107
3 105 91 125 110
3 97 102 114 118
3 61 103 79 121
5 0 10 637 157
