70
1 9 168 45 257
1 38 206 80 309
1 62 201 109 315
1 109 194 156 309
1 90 244 135 357
1 167 217 213 333
1 204 238 257 367
1 384 264 438 398
1 504 223 559 357
1 549 214 600 339
1 136 268 187 393
1 123 121 154 196
1 527 58 545 101
1 566 65 583 106
1 548 61 568 111
1 567 131 594 198
2 350 48 361 74
3 96 193 121 240
3 136 324 179 370
3 88 150 111 183
3 63 153 84 185
3 72 123 91 144
3 36 150 56 176
3 6 143 23 163
3 22 128 40 144
3 1 118 14 138
3 50 114 72 135
3 42 89 61 112
3 13 99 29 117
3 149 96 168 114
3 160 88 176 106
3 162 74 176 90
3 167 64 180 75
3 126 75 140 92
3 140 70 153 89
3 148 70 160 87
3 106 77 118 92
3 109 64 123 80
3 73 60 91 86
3 91 66 107 86
3 539 121 564 147
3 509 103 523 121
3 424 104 440 124
3 409 101 425 117
3 414 88 425 105
3 425 84 438 101
3 431 76 449 93
3 465 71 476 90
3 474 64 490 79
3 459 58 473 71
3 451 144 470 173
3 421 130 441 154
3 409 117 422 138
3 401 131 417 150
3 424 161 445 187
3 387 153 411 181
3 389 98 414 129
3 384 81 402 103
3 369 91 384 111
3 355 87 372 104
3 537 169 557 194
3 567 175 596 203
3 530 187 556 212
3 502 183 522 207
3 498 205 526 226
3 511 161 528 181
3 512 147 524 165
3 487 155 502 176
5 89 7 479 79
5 320 70 372 104
