42
1 616 268 658 373
1 525 269 573 386
1 484 268 524 369
1 429 270 460 346
1 378 258 411 342
1 325 256 355 333
1 278 252 306 323
1 197 216 237 315
1 178 226 213 315
1 115 211 153 307
1 300 243 324 301
1 219 241 242 297
1 233 246 253 298
3 53 211 70 231
3 82 215 98 235
3 95 211 109 231
3 107 220 125 239
3 155 226 167 243
3 165 235 178 251
3 173 224 191 244
3 143 250 166 267
3 152 267 176 313
3 119 266 141 308
3 96 251 113 271
3 104 248 122 265
3 82 252 101 273
3 61 251 79 272
3 52 232 72 250
3 24 220 44 239
3 3 212 18 232
3 13 217 29 232
3 14 238 40 265
3 534 235 553 257
3 569 241 584 256
3 583 248 599 267
3 603 242 620 264
3 630 244 651 264
3 657 254 673 267
3 572 266 589 289
3 528 258 544 275
3 646 263 668 284
5 238 231 685 343
