29
1 273 290 286 324
1 281 291 291 319
1 287 288 301 324
1 326 287 336 315
1 353 284 363 310
1 341 285 349 308
1 366 286 384 329
1 378 285 395 328
1 394 286 403 309
1 477 280 495 324
1 516 280 540 341
1 261 286 270 309
1 303 293 311 312
1 299 292 306 312
1 417 286 424 305
3 130 291 146 317
3 149 297 157 316
3 160 293 168 317
3 167 295 175 318
3 151 286 161 302
3 526 295 558 345
3 600 286 613 314
3 589 283 605 312
3 550 286 562 304
3 541 286 553 303
3 543 275 555 297
3 531 278 545 302
3 555 280 566 302
5 278 280 312 301
