36
1 425 173 441 213
1 396 150 411 188
1 385 152 396 182
1 369 151 384 191
1 326 149 368 251
1 352 153 367 192
1 324 152 340 194
1 311 156 324 190
1 294 154 323 224
1 287 152 302 190
1 270 153 286 195
1 252 149 277 211
1 223 154 268 266
1 199 156 222 214
1 212 155 231 201
1 181 156 201 207
1 192 154 208 194
1 162 151 195 231
1 153 154 171 198
1 141 155 168 220
1 127 155 149 210
1 119 154 139 206
1 110 157 127 200
1 87 155 120 238
1 71 148 100 222
1 60 155 75 191
1 62 153 79 198
1 61 150 83 206
1 64 149 91 214
1 160 152 180 202
3 224 162 233 195
3 230 166 242 197
3 229 151 241 168
3 194 154 201 165
3 87 145 97 161
3 95 146 109 163
