155
1 10 293 39 366
1 239 287 265 350
1 255 292 281 355
1 311 293 332 347
1 365 294 381 335
1 417 298 436 348
1 467 295 489 350
1 556 295 580 355
1 598 297 622 355
1 701 294 729 364
1 750 286 788 378
1 760 295 789 365
1 616 268 632 308
1 625 265 640 304
1 649 287 667 333
1 641 293 655 331
1 680 293 695 333
1 725 296 738 331
1 732 293 746 331
1 744 292 759 332
1 304 215 316 246
1 310 216 322 245
1 288 214 299 243
1 275 211 288 244
1 184 211 196 243
1 210 219 228 266
1 227 232 239 262
1 173 262 187 297
1 163 293 177 331
1 164 262 175 288
1 153 250 169 291
1 137 263 152 300
1 45 250 55 277
1 57 251 69 283
1 5 256 16 285
1 0 290 14 332
1 6 291 26 341
1 55 293 71 333
1 66 292 82 332
1 77 294 91 331
1 90 290 107 332
1 100 288 118 332
1 108 292 124 332
1 105 258 115 284
1 78 259 88 287
1 43 288 60 331
1 125 294 140 330
1 133 303 143 330
1 39 299 51 332
1 14 251 29 287
1 417 206 429 237
1 444 216 450 233
1 201 224 218 267
1 492 216 503 245
1 485 216 497 246
1 571 229 587 268
1 588 211 602 247
1 554 229 570 268
1 611 265 627 304
1 638 243 654 284
1 667 290 683 332
1 779 295 794 334
1 771 291 787 333
3 101 247 110 266
3 87 253 101 279
3 96 279 104 289
3 84 279 96 298
3 66 280 80 290
3 7 245 21 263
3 0 244 3 260
3 64 245 74 259
3 112 244 120 263
3 122 244 132 268
3 122 267 135 282
3 125 282 134 291
3 118 282 127 296
3 35 299 44 332
3 140 247 151 269
3 139 238 150 254
3 146 231 160 249
3 171 256 176 266
3 194 299 213 334
3 255 285 266 311
3 176 205 185 224
3 237 210 247 222
3 245 214 250 221
3 252 209 261 227
3 241 222 253 245
3 257 226 268 246
3 267 225 280 245
3 263 210 274 225
3 272 209 280 226
3 338 211 349 237
3 338 235 351 248
3 355 235 367 249
3 357 226 372 243
3 371 233 383 247
3 387 230 402 248
3 392 213 406 237
3 407 231 415 247
3 413 232 424 245
3 426 231 437 248
3 440 231 451 246
3 455 233 466 245
3 469 234 481 247
3 460 235 471 250
3 455 211 467 234
3 435 214 451 234
3 200 212 207 222
3 205 207 212 217
3 211 214 217 225
3 374 215 383 235
3 480 233 488 248
3 513 232 523 248
3 504 229 518 248
3 525 225 538 248
3 519 224 528 237
3 541 228 551 247
3 471 211 485 233
3 478 210 487 236
3 486 210 494 229
3 506 216 515 229
3 514 217 521 229
3 534 214 544 226
3 580 216 592 232
3 617 245 630 264
3 627 245 638 261
3 748 252 757 269
3 744 242 755 259
3 734 243 746 256
3 736 254 746 264
3 734 260 743 272
3 744 261 752 273
3 718 252 732 267
3 721 240 730 258
3 704 268 715 280
3 690 272 701 281
3 696 281 705 293
3 720 280 727 289
3 722 289 729 299
3 727 269 737 283
3 780 271 791 284
3 658 243 666 262
3 693 246 703 261
3 688 252 697 267
3 673 260 684 273
3 661 261 672 277
3 673 272 682 284
3 673 233 683 244
3 678 249 685 262
3 680 244 687 252
3 655 264 662 276
5 213 206 240 229
5 495 209 593 233
5 616 224 796 305
