105
1 229 97 263 183
1 197 77 240 183
1 247 59 270 156
1 177 54 211 139
1 150 61 187 151
1 131 84 161 159
1 115 65 148 147
1 85 63 120 148
1 55 59 92 149
1 26 75 65 171
1 0 64 32 156
1 2 65 36 150
1 18 59 52 144
1 70 46 101 125
1 92 53 121 127
1 49 46 79 123
3 135 135 183 185
3 31 101 70 186
3 0 105 13 158
3 227 87 243 122
3 217 45 243 75
3 194 44 215 64
3 199 59 214 84
3 161 52 183 74
3 167 35 180 58
3 176 43 189 67
3 165 28 182 47
3 185 25 199 49
3 180 13 191 30
3 165 10 181 31
3 152 15 167 33
3 149 43 160 63
3 139 39 152 54
3 141 30 151 41
3 142 22 153 36
3 131 21 143 34
3 125 17 138 33
3 120 14 133 27
3 124 2 134 18
3 124 39 140 62
3 116 42 129 59
3 98 34 112 51
3 99 28 109 44
3 85 20 100 33
3 83 29 100 48
3 52 41 68 58
3 33 45 48 63
3 39 41 53 64
3 28 35 40 51
3 19 27 33 45
3 3 27 20 50
3 1 51 9 75
3 5 10 18 28
3 1 1 11 11
3 9 0 17 9
3 14 3 27 16
3 26 0 34 15
3 31 3 39 16
3 42 13 56 28
3 51 31 62 43
3 54 26 66 40
3 51 17 62 31
3 56 9 67 28
3 51 8 59 19
3 40 0 51 13
3 55 1 64 15
3 64 1 77 16
3 73 0 80 14
3 67 16 77 34
3 87 2 96 21
3 99 0 106 16
3 106 1 116 21
3 119 1 126 13
3 138 0 146 15
3 145 8 151 20
3 146 1 150 9
3 0 13 8 27
3 245 49 258 68
3 250 46 261 60
3 245 35 258 51
3 260 26 268 40
3 261 32 268 55
3 263 13 269 28
3 256 6 265 18
3 254 16 262 28
3 250 15 257 22
3 245 13 257 34
3 240 22 253 40
3 216 20 229 38
3 208 29 221 47
3 203 15 214 29
3 190 9 203 25
3 190 3 200 15
3 183 0 192 14
3 197 1 207 14
3 204 0 213 12
3 211 4 222 19
3 224 5 233 19
3 230 2 241 23
3 224 0 232 7
3 216 1 223 9
3 238 0 247 11
5 103 14 150 58
5 1 0 149 28
5 183 0 269 63
