29
1 72 215 135 370
1 56 180 110 315
1 133 243 189 380
1 157 206 216 351
1 222 222 275 351
1 253 209 317 368
1 297 220 363 383
1 340 193 405 351
1 397 223 448 351
1 488 207 555 370
1 558 222 622 381
1 708 215 762 349
1 747 211 811 370
1 780 221 833 354
1 826 234 888 386
3 109 197 120 248
4 7 372 95 402
4 67 359 164 376
4 33 384 148 417
4 156 354 235 382
4 151 367 288 404
4 184 386 317 425
4 361 354 426 375
4 388 374 524 417
4 478 386 591 434
4 819 393 879 419
4 677 389 810 413
4 483 232 615 320
4 174 241 310 312
