43
1 137 113 226 330
1 105 120 171 282
1 77 124 131 255
1 217 128 261 237
1 278 125 331 256
1 361 108 434 289
1 455 124 479 183
1 470 125 492 182
1 481 115 500 181
1 439 125 463 185
1 428 117 454 183
1 422 126 446 184
1 351 135 371 185
1 341 137 360 187
1 327 134 348 188
1 262 141 281 188
1 278 137 299 189
1 250 137 270 189
3 0 146 12 183
3 13 157 43 201
3 77 160 95 198
3 208 147 218 161
3 277 139 284 149
3 278 131 286 146
3 265 135 273 146
3 308 137 317 145
3 306 130 314 142
3 313 130 323 145
3 365 124 376 146
3 411 123 425 142
3 422 123 432 140
3 404 124 414 141
3 371 126 387 149
3 468 119 499 167
3 475 117 484 127
3 455 122 466 138
3 245 133 251 145
4 199 281 340 331
4 408 251 493 294
4 318 239 371 263
5 192 132 231 160
5 242 131 294 156
5 332 127 377 145
