30
1 535 178 550 234
1 518 176 539 231
1 531 158 550 213
1 521 153 545 213
1 505 153 523 200
1 384 161 447 317
1 329 149 385 286
1 317 157 356 255
1 233 144 319 354
1 147 146 207 294
1 118 159 162 270
1 18 135 95 323
1 464 174 484 224
1 453 178 473 227
3 511 177 525 209
3 497 182 512 228
3 481 185 493 223
3 470 143 496 183
3 455 153 471 178
3 373 192 388 226
3 389 197 400 230
3 436 204 457 232
3 194 158 211 203
3 302 194 314 219
3 313 196 325 225
3 95 180 114 225
3 115 185 130 226
3 14 183 38 233
3 0 177 39 244
3 4 178 21 216
