57
1 0 217 22 281
1 12 215 38 281
1 18 214 68 336
1 51 220 99 338
1 94 218 129 307
1 84 224 116 305
1 76 222 106 295
1 130 223 146 265
1 124 221 141 265
1 127 220 159 298
1 137 223 166 295
1 150 221 186 310
1 143 218 174 296
1 168 223 193 287
1 171 218 197 281
1 189 223 201 253
1 194 223 209 263
1 201 223 214 258
1 207 220 236 291
1 249 229 298 349
1 265 221 316 346
1 240 226 273 307
1 228 220 261 304
1 219 223 247 293
1 293 223 320 289
1 286 220 313 286
1 306 226 327 281
1 313 224 336 281
1 330 225 347 268
1 321 225 334 259
1 340 225 357 270
1 350 229 361 256
1 356 225 370 259
1 363 219 413 341
1 386 229 431 338
1 433 230 459 296
1 442 229 468 294
1 417 226 435 269
1 428 226 445 267
3 485 231 498 261
3 499 243 506 267
3 457 223 466 253
3 443 223 449 234
3 412 220 421 233
3 395 228 406 246
3 396 215 407 231
3 408 222 414 235
3 326 228 337 250
3 342 221 347 233
3 316 218 322 228
3 309 217 320 227
3 114 215 127 238
3 83 221 94 237
3 45 212 59 236
3 60 216 69 236
3 56 212 64 225
5 276 214 326 239
