41
1 146 229 215 400
1 252 185 338 398
1 341 200 422 397
1 428 209 491 363
1 454 182 542 398
1 539 223 600 396
1 515 219 582 383
1 398 219 447 341
1 375 221 428 352
1 336 225 375 320
1 222 210 274 338
1 204 215 250 330
1 197 223 237 324
1 134 240 166 319
1 105 225 125 276
1 77 223 101 282
1 88 218 112 276
1 115 223 135 275
1 126 222 144 265
1 32 221 51 269
1 5 225 14 247
1 54 223 65 250
1 62 222 71 247
1 69 222 81 251
3 173 211 190 228
3 183 217 206 248
3 154 205 173 229
3 148 216 162 228
3 77 223 84 236
3 82 221 90 230
3 105 217 112 230
3 135 215 145 228
3 332 204 355 240
3 306 193 334 237
3 582 208 599 255
3 419 203 434 223
3 470 209 482 229
4 120 351 203 398
4 202 373 272 397
4 128 296 165 319
5 220 204 275 239
