45
1 0 179 22 251
1 7 177 36 250
1 16 169 72 309
1 62 183 86 245
1 93 170 147 305
1 153 171 206 301
1 155 183 163 204
1 188 178 200 208
1 204 171 225 225
1 300 177 351 303
1 365 168 420 304
1 460 164 520 310
1 543 175 549 192
1 533 179 535 187
1 526 180 529 188
1 521 179 525 190
1 516 177 521 192
1 509 176 515 193
1 507 178 509 186
1 497 178 500 187
1 501 176 505 187
1 439 177 446 194
1 428 177 433 193
1 448 173 455 192
1 455 179 462 197
1 423 179 425 187
1 359 179 363 191
1 352 179 358 193
1 343 177 350 195
1 341 180 345 190
1 305 179 312 198
1 372 179 376 191
1 91 189 99 208
1 74 183 89 223
3 217 134 321 317
3 57 183 67 206
3 84 185 95 204
3 201 179 207 195
3 223 174 231 186
3 231 173 240 184
3 243 172 254 185
3 303 181 310 190
3 405 176 410 185
3 397 178 405 187
3 539 173 544 181
