112
1 2 217 45 321
1 32 227 70 323
1 51 224 86 311
1 93 232 130 324
1 113 213 158 323
1 131 223 172 324
1 198 228 236 324
1 226 201 270 311
1 369 206 416 323
1 411 210 458 324
1 127 99 170 207
1 229 92 269 191
1 23 101 65 204
1 438 18 487 140
1 439 2 485 115
1 369 12 408 109
1 376 2 414 96
1 386 2 417 79
1 278 10 320 113
1 290 2 328 95
1 207 14 247 113
1 200 23 236 112
1 212 1 252 101
1 224 1 258 83
1 131 3 170 98
1 55 5 92 98
1 66 2 104 94
3 74 282 111 325
3 79 259 109 307
3 156 282 191 325
3 181 256 213 324
3 270 275 299 322
3 281 249 314 309
3 338 278 368 322
3 393 308 422 324
3 455 285 494 325
3 439 272 472 323
3 409 257 451 300
3 371 249 433 318
3 319 248 387 307
3 299 238 339 311
3 247 236 292 315
3 0 215 6 317
3 83 203 118 232
3 156 195 185 272
3 195 204 222 251
3 271 203 299 240
3 309 202 338 235
3 346 197 383 246
3 456 197 487 248
3 463 230 485 262
3 488 196 498 265
3 484 143 498 165
3 438 113 464 197
3 452 111 470 172
3 429 150 447 170
3 437 133 452 150
3 386 129 409 155
3 409 77 438 148
3 374 87 403 128
3 337 79 374 118
3 325 111 366 183
3 307 136 343 180
3 267 158 309 207
3 180 132 222 207
3 212 157 236 214
3 157 112 198 195
3 91 160 111 217
3 93 147 136 215
3 1 187 18 239
3 9 171 26 215
3 3 87 28 141
3 173 90 197 118
3 204 87 225 119
3 277 90 296 119
3 26 67 41 86
3 30 54 46 77
3 41 37 56 60
3 51 28 70 49
3 103 64 123 92
3 113 44 133 75
3 117 31 135 57
3 118 8 145 40
3 181 59 192 80
3 189 57 204 80
3 199 48 214 70
3 269 53 284 83
3 269 35 287 63
3 277 22 295 51
3 270 18 285 38
3 352 53 370 82
3 354 44 370 72
3 357 25 372 52
3 438 53 469 106
3 451 0 475 33
3 249 1 265 66
3 267 2 289 27
3 322 1 338 42
3 338 1 347 27
3 0 4 9 100
3 7 1 18 89
3 21 1 27 82
3 29 1 36 51
3 37 1 45 45
3 45 0 55 37
3 94 2 106 69
3 107 1 119 47
3 163 2 179 72
3 178 2 194 53
3 188 1 200 33
3 199 1 211 21
3 406 1 423 33
