91
1 212 104 282 277
1 264 157 309 268
1 283 177 318 262
1 296 175 325 246
1 308 139 325 180
1 319 130 335 171
1 329 125 341 158
1 338 121 350 152
1 344 115 354 142
1 356 113 365 135
1 325 166 370 275
1 350 170 391 272
1 360 168 401 270
1 435 183 475 282
1 445 173 487 277
1 505 175 530 237
1 495 160 517 216
1 480 146 500 194
1 523 146 540 188
1 507 137 518 165
1 466 125 478 154
1 450 134 465 171
1 439 126 451 156
1 431 123 441 149
1 425 113 436 142
1 421 111 431 136
1 450 112 460 136
1 392 108 403 138
1 396 116 409 149
1 400 123 412 156
1 407 130 422 169
1 410 142 425 179
1 419 146 436 191
1 369 132 381 161
1 297 123 306 145
1 209 177 242 260
1 181 171 217 261
1 149 168 187 263
1 141 172 175 258
1 113 166 156 270
1 104 161 141 255
1 80 172 112 253
1 44 170 80 258
1 15 163 54 261
1 5 168 36 247
1 34 174 59 234
1 62 162 87 222
1 177 135 196 185
1 198 127 210 160
1 117 136 132 172
1 278 106 287 130
1 268 113 279 140
1 135 163 160 224
3 232 181 264 274
3 350 172 357 187
3 354 163 367 184
3 355 151 365 168
3 359 139 370 157
3 366 136 376 151
3 372 119 376 132
3 374 119 381 126
3 374 111 384 125
3 370 104 385 117
3 347 103 355 116
3 427 188 469 274
3 428 153 447 179
3 482 121 498 152
3 459 113 471 139
3 449 140 471 172
3 420 167 444 194
3 298 177 313 209
3 284 203 316 266
3 317 104 335 122
3 312 108 327 127
3 307 118 320 139
3 292 105 310 118
3 288 112 302 130
3 283 116 296 130
3 275 124 293 148
3 262 117 275 137
3 257 115 269 134
3 265 138 281 171
3 209 149 238 179
3 219 140 236 165
3 227 114 242 135
3 156 145 181 175
3 50 153 76 195
3 19 163 35 189
3 0 167 16 229
3 84 141 111 181
3 168 129 200 178
