97
1 676 175 714 270
1 676 179 693 221
1 628 195 670 298
1 631 155 676 265
1 663 113 689 177
1 601 77 637 166
1 626 91 659 173
1 577 45 603 112
1 591 42 620 112
1 567 72 585 119
1 537 49 567 122
1 564 174 605 274
1 576 135 612 224
1 537 190 573 278
1 597 312 637 412
1 492 320 542 441
1 399 340 446 455
1 362 264 398 353
1 315 304 364 424
1 416 233 447 312
1 449 225 493 336
1 484 208 524 309
1 386 182 423 274
1 447 67 475 139
1 434 53 462 123
1 487 68 520 151
1 405 41 432 107
1 394 58 415 109
1 377 57 395 104
1 335 91 367 170
1 321 113 353 193
1 253 284 301 404
1 222 231 258 319
1 184 231 217 315
1 271 199 311 298
1 280 172 317 262
1 301 149 329 218
1 220 118 249 190
1 237 95 271 177
1 253 87 289 174
1 144 163 174 236
1 193 154 216 210
1 71 189 114 296
1 45 197 84 294
1 28 276 78 400
1 0 275 41 404
1 85 381 123 475
1 10 148 41 225
1 26 136 56 213
1 94 132 122 204
1 77 128 106 199
1 121 133 155 215
1 191 69 215 130
1 201 45 222 99
1 163 55 182 103
1 13 24 40 91
3 173 385 239 481
3 202 391 242 465
3 539 435 590 480
3 646 398 681 472
3 691 435 721 480
3 687 107 707 160
3 681 31 701 64
3 679 56 703 79
3 674 77 697 96
3 643 40 681 72
3 622 50 651 69
3 552 139 582 171
3 425 165 451 207
3 436 57 458 89
3 443 7 466 46
3 424 2 448 47
3 469 78 489 109
3 286 70 304 108
3 296 61 314 100
3 312 54 336 94
3 309 15 329 57
3 286 136 304 156
3 228 54 261 94
3 250 28 273 67
3 232 20 254 38
3 196 0 215 31
3 208 0 239 33
3 1 101 23 166
3 33 46 52 68
3 37 27 62 68
3 57 30 79 77
3 68 32 93 68
3 92 37 112 80
3 73 0 110 30
3 123 1 151 33
3 145 3 168 34
3 148 42 170 85
3 118 72 150 102
3 89 94 113 115
3 101 81 127 113
3 40 80 67 116
