86
1 0 229 48 368
1 13 209 66 339
1 53 198 99 310
1 75 180 118 286
1 100 168 140 268
1 123 157 156 237
1 144 153 171 221
1 106 241 159 370
1 130 227 176 341
1 147 210 187 310
1 159 195 195 285
1 172 182 208 271
1 183 174 216 254
1 196 165 225 235
1 203 156 232 226
1 209 147 237 215
1 220 145 246 210
1 217 246 268 373
1 236 228 282 343
1 252 196 284 275
1 258 185 287 255
1 265 174 295 248
1 271 165 301 239
1 276 159 305 231
1 282 152 309 220
1 288 142 312 203
1 327 245 379 374
1 344 230 392 348
1 409 149 439 222
1 421 161 455 244
1 426 181 457 260
1 436 187 473 279
1 437 207 482 319
1 445 224 494 347
1 454 237 512 378
1 502 146 529 214
1 510 156 536 222
1 526 159 556 234
1 538 166 570 247
1 556 184 589 264
1 575 191 599 289
1 355 99 365 125
3 246 201 273 242
3 356 212 383 232
3 356 195 381 221
3 357 186 379 208
3 352 175 377 197
3 354 163 372 183
3 359 155 376 174
3 366 141 380 164
3 436 145 457 176
3 465 184 495 217
3 171 369 216 396
4 5 361 101 397
4 31 329 131 385
4 64 297 179 345
4 156 301 236 341
4 151 338 251 371
4 132 369 213 397
4 244 370 317 395
4 356 373 425 397
4 246 336 360 379
4 257 304 370 355
4 263 287 390 335
4 163 280 232 311
4 176 263 239 291
4 193 246 237 270
4 206 227 250 251
4 226 209 265 229
4 228 200 270 216
4 297 199 360 222
4 284 210 345 235
4 282 227 348 250
4 277 236 347 259
4 281 248 349 275
4 275 265 348 291
4 268 280 369 324
4 372 343 486 376
4 373 308 497 358
4 363 285 478 329
4 365 263 479 313
4 366 246 480 293
4 488 343 594 388
4 490 318 592 359
4 492 300 595 335
4 497 281 577 312
