41
1 84 205 153 373
1 70 256 116 371
1 158 214 211 343
1 171 203 220 326
1 138 195 185 313
1 122 189 170 309
1 209 205 249 304
1 225 240 249 302
1 214 193 227 228
1 255 214 272 255
1 251 204 302 331
1 253 210 292 306
1 270 203 328 345
1 317 206 385 372
1 355 207 415 355
1 388 198 452 355
1 435 231 492 371
1 302 214 342 313
1 237 199 267 273
1 77 177 106 248
3 1 272 19 374
3 119 187 139 236
3 97 187 117 240
3 78 203 84 228
3 138 189 145 203
3 164 185 178 211
3 177 194 188 210
3 185 193 198 211
3 200 202 214 228
3 197 188 210 204
3 257 192 272 204
3 272 189 282 203
3 284 194 290 210
3 294 192 303 211
3 330 206 342 232
3 321 253 364 341
3 386 197 409 236
3 434 204 445 224
3 358 193 375 223
3 234 174 243 187
3 192 178 200 191
