121
1 0 97 22 182
1 0 98 31 181
1 9 107 38 179
1 22 104 70 223
1 145 102 185 200
1 232 96 292 242
1 325 97 355 173
1 481 85 550 255
1 476 100 511 187
1 576 85 600 169
1 572 89 600 167
1 565 95 594 167
1 560 98 587 164
1 551 90 581 164
1 550 95 576 161
1 546 99 570 161
1 531 94 557 157
1 525 93 551 159
1 519 94 544 155
1 403 101 412 125
1 416 96 429 128
1 412 98 422 125
1 424 95 438 130
1 442 96 457 133
1 435 93 449 130
1 457 94 473 133
1 450 92 467 136
1 450 97 462 130
1 394 97 402 118
1 382 98 391 119
1 376 96 384 118
1 369 94 378 117
1 362 94 368 111
1 315 96 325 123
1 310 97 316 114
1 302 97 308 113
1 298 96 306 115
1 294 97 300 113
1 288 98 294 112
1 283 99 288 114
1 278 98 284 114
1 222 102 231 126
1 230 78 235 94
1 201 103 210 128
1 214 101 222 124
1 209 101 218 122
1 195 100 205 126
1 191 101 200 125
1 188 99 198 127
1 184 99 196 129
1 174 99 188 133
1 179 99 190 129
1 238 97 247 121
1 230 94 242 125
1 271 99 278 116
1 56 89 84 160
1 68 102 91 161
1 80 112 97 156
1 89 108 109 156
1 85 99 107 156
1 96 94 121 156
1 113 94 135 150
1 119 97 139 149
1 124 97 143 147
1 128 97 148 145
1 135 99 154 146
1 140 94 160 144
1 23 63 28 79
1 27 83 32 99
1 196 82 201 97
1 352 95 360 116
3 480 86 490 108
3 476 98 483 110
3 467 100 478 113
3 471 89 479 100
3 467 88 475 100
3 569 110 582 127
3 567 85 576 99
3 541 94 551 111
3 542 85 550 97
3 415 89 423 99
3 409 88 415 96
3 408 92 417 103
3 404 92 411 101
3 433 94 441 108
3 452 89 460 100
3 328 92 334 108
3 341 94 351 109
3 346 89 353 105
3 239 80 243 93
3 251 93 257 101
3 271 89 277 96
3 283 88 287 94
3 290 88 296 94
3 214 90 218 98
3 211 90 215 96
3 184 91 191 97
3 81 88 91 100
3 73 99 80 113
3 75 93 81 105
3 61 92 71 109
3 53 90 62 103
3 39 92 50 106
3 31 68 37 79
3 36 66 41 77
3 39 68 45 81
3 47 71 54 83
3 51 72 57 82
3 68 73 73 82
3 88 78 93 87
3 8 71 19 94
3 497 87 503 101
3 442 90 446 100
3 175 95 181 106
3 169 92 178 108
5 1 45 47 85
5 99 78 159 102
5 198 91 215 107
5 220 92 255 102
5 375 89 414 102
5 439 85 505 103
