40
1 0 187 27 263
1 22 185 55 265
1 45 185 77 263
1 74 184 105 261
1 93 185 124 261
1 132 179 165 260
1 101 149 158 290
1 158 163 202 271
1 173 118 252 310
1 342 138 407 296
1 310 145 368 286
1 287 153 336 275
1 387 144 446 289
1 444 194 459 234
1 66 189 90 251
3 267 175 366 233
3 181 159 243 303
3 253 198 263 210
3 264 196 274 211
3 267 196 275 206
3 251 188 260 198
3 96 191 105 199
3 486 190 492 197
3 492 198 496 203
3 496 202 499 210
3 495 190 499 203
3 473 196 479 210
3 482 195 487 205
3 488 202 492 210
3 460 195 471 209
3 468 197 472 203
3 464 191 472 201
3 318 198 325 209
3 312 195 318 204
3 132 191 140 210
3 162 218 194 270
3 249 198 255 211
5 70 187 112 210
5 452 189 498 209
5 245 191 281 205
