40
1 0 303 46 487
1 26 318 58 399
1 43 317 76 401
1 8 310 43 398
1 73 319 105 400
1 97 315 131 398
1 100 297 187 510
1 161 304 205 415
1 177 280 277 526
1 247 315 281 400
1 266 321 297 399
1 285 324 317 402
1 221 315 260 413
1 346 291 435 510
1 426 325 456 399
1 440 291 543 542
1 449 353 467 400
1 498 303 535 397
1 518 297 602 505
1 604 329 632 400
1 624 303 664 404
1 645 283 740 516
1 648 299 685 393
1 725 312 763 405
1 703 312 739 403
1 809 285 902 511
1 873 323 903 400
1 891 309 929 404
1 925 284 1024 532
1 1004 315 1024 414
1 976 303 1018 405
3 1005 290 1024 337
3 991 337 997 439
3 574 332 606 408
3 517 333 548 399
3 405 358 440 410
3 326 336 364 406
3 325 338 343 362
3 303 340 331 412
3 153 307 181 352
