34
1 509 113 634 418
1 627 111 690 401
1 483 174 551 343
1 449 147 503 280
1 416 130 477 282
1 373 137 429 274
1 328 127 387 271
1 346 140 401 276
1 601 127 664 284
1 629 127 690 290
1 562 140 621 283
1 476 134 536 280
1 254 116 387 443
1 208 153 299 376
1 197 184 263 346
1 186 163 231 272
1 169 166 212 274
1 146 167 187 270
1 110 173 171 324
1 97 174 138 274
1 26 163 121 395
1 0 173 63 336
1 19 179 86 345
3 2 196 20 435
3 298 308 360 391
3 526 129 556 165
3 631 102 657 137
3 272 132 304 172
3 223 146 245 185
3 205 150 225 181
3 97 151 127 173
3 91 160 107 186
3 94 175 120 211
3 7 165 25 202
