162
1 12 142 66 273
1 0 129 32 231
1 77 129 119 235
1 129 152 187 295
1 162 171 225 327
1 218 130 256 225
1 191 128 217 191
1 330 160 386 298
1 332 136 370 228
1 378 148 422 257
1 423 170 486 326
1 448 149 485 242
1 463 118 491 190
1 478 124 500 194
1 404 114 426 171
1 306 124 328 180
1 309 120 331 177
1 288 124 310 179
1 269 118 295 185
1 255 115 276 170
1 240 114 263 170
1 226 123 251 186
1 208 117 231 176
1 127 115 149 172
1 116 114 141 175
1 101 114 125 176
1 75 115 104 188
1 61 114 86 175
1 148 87 155 104
1 182 83 190 103
1 112 77 118 95
1 115 67 124 89
1 47 77 55 100
1 130 73 136 87
1 134 71 141 89
1 24 74 32 93
1 226 83 233 103
1 240 81 248 102
1 321 118 342 172
1 330 115 355 175
1 424 126 449 189
1 66 78 73 95
3 419 143 433 186
3 455 118 465 139
3 457 112 467 123
3 460 102 472 116
3 472 106 483 115
3 486 109 496 120
3 484 112 490 126
3 493 118 498 128
3 491 103 498 118
3 491 87 497 99
3 478 89 487 99
3 449 120 455 133
3 441 117 447 129
3 445 114 452 124
3 445 107 455 119
3 436 102 450 117
3 431 109 439 119
3 426 118 436 133
3 434 118 442 129
3 425 110 438 121
3 416 112 423 118
3 400 112 410 127
3 391 123 407 141
3 386 120 396 135
3 388 109 397 118
3 384 76 400 90
3 390 86 400 104
3 398 89 413 107
3 413 87 424 108
3 425 89 434 107
3 433 87 441 98
3 439 84 449 97
3 372 117 381 131
3 363 132 385 163
3 357 108 363 118
3 363 105 370 114
3 339 79 351 99
3 354 83 363 95
3 337 111 343 122
3 332 108 341 123
3 325 108 335 119
3 347 101 354 116
3 354 104 358 118
3 376 78 381 94
3 369 75 374 83
3 366 84 375 97
3 353 76 360 84
3 331 89 344 105
3 261 105 269 117
3 276 99 282 110
3 281 87 290 105
3 271 79 279 97
3 266 92 273 108
3 257 92 267 107
3 250 93 258 105
3 257 86 266 98
3 232 77 239 93
3 199 83 207 93
3 195 81 203 95
3 175 83 182 96
3 143 67 153 80
3 146 78 155 92
3 91 81 98 94
3 82 76 90 82
3 75 81 83 96
3 59 81 67 96
3 33 79 39 92
3 33 71 39 80
3 18 69 27 85
3 41 73 46 88
3 45 78 49 86
3 6 115 16 129
3 1 110 8 125
3 12 108 23 124
3 19 96 31 114
3 27 111 43 128
3 41 106 52 126
3 32 102 42 117
3 43 102 50 112
3 39 95 47 104
3 58 109 69 130
3 78 114 84 123
3 73 105 79 118
3 64 102 71 114
3 64 98 73 108
3 52 102 64 117
3 83 101 92 120
3 95 105 103 115
3 132 108 142 123
3 150 113 167 148
3 170 120 182 140
3 160 114 169 127
3 176 114 182 122
3 184 125 197 145
3 187 117 195 129
3 202 117 210 126
3 210 110 214 123
3 208 101 215 113
3 195 110 202 122
3 189 109 194 117
3 182 105 192 120
3 172 107 182 117
3 165 99 175 115
3 160 105 167 117
3 167 110 173 121
3 219 90 227 110
3 237 106 243 116
3 229 110 242 124
3 242 107 251 118
3 247 104 256 117
3 256 107 265 120
3 282 111 292 125
3 299 114 311 130
3 311 112 319 120
3 303 104 313 117
3 270 107 279 124
3 273 111 285 124
3 295 79 307 105
5 323 101 374 134
5 71 100 143 135
