158
1 33 47 78 158
1 93 70 137 181
1 134 80 176 183
1 175 78 218 182
1 197 70 241 179
1 229 62 276 179
1 254 54 298 164
1 276 58 314 152
1 292 52 329 142
1 303 48 337 133
1 485 78 497 111
1 476 78 489 109
1 472 76 478 91
1 496 71 506 96
1 520 81 532 111
1 531 78 544 111
1 519 74 525 90
1 550 70 560 94
1 539 71 545 89
1 544 71 551 89
1 556 73 562 91
1 572 70 579 89
1 461 76 466 89
1 458 77 463 91
1 455 77 460 89
1 448 78 453 91
1 439 76 445 91
1 392 80 406 117
1 381 81 395 115
1 401 82 407 98
1 462 237 474 269
1 451 237 464 268
1 338 277 357 326
1 546 267 568 324
1 592 248 603 278
1 613 247 624 274
1 620 243 632 275
1 628 244 639 272
1 294 235 304 262
1 200 239 221 294
1 186 246 192 264
1 182 247 188 262
1 176 248 182 265
1 170 249 175 261
1 168 250 172 261
1 165 250 168 261
1 158 249 161 260
1 152 246 158 262
1 149 249 154 262
1 146 246 150 259
1 143 248 148 262
1 141 247 145 258
1 135 249 140 264
1 115 245 126 274
1 106 245 115 268
1 97 247 104 265
1 59 245 68 266
1 0 240 10 273
1 229 250 232 259
1 235 250 238 261
1 236 249 242 263
1 246 251 250 261
3 4 55 89 181
3 313 116 320 135
3 639 84 645 93
3 631 82 643 92
3 625 79 633 93
3 615 79 617 94
3 615 79 620 91
3 609 81 617 95
3 588 71 597 80
3 568 75 573 87
3 493 71 498 82
3 486 74 490 85
3 528 73 534 83
3 370 75 378 88
3 330 87 344 117
3 325 89 336 118
3 339 86 355 113
3 351 87 361 110
3 359 87 367 110
3 364 86 375 107
3 365 85 374 98
3 371 88 383 108
3 604 74 612 82
3 342 81 348 92
3 602 328 644 364
3 606 310 634 342
3 624 313 641 339
3 628 287 642 317
3 587 310 615 364
3 549 226 582 277
3 619 240 627 249
3 435 237 446 246
3 448 250 454 270
3 442 249 450 271
3 434 246 444 269
3 427 246 436 270
3 424 239 434 250
3 419 252 423 261
3 418 245 424 254
3 416 240 424 254
3 409 248 423 274
3 403 249 414 271
3 409 239 418 251
3 397 232 407 248
3 398 249 405 270
3 399 241 402 250
3 393 240 399 249
3 390 232 398 244
3 389 250 400 272
3 385 251 394 272
3 384 238 392 254
3 380 250 386 262
3 373 255 384 281
3 374 248 380 258
3 373 239 380 250
3 368 247 374 257
3 364 250 372 257
3 364 254 378 278
3 341 250 358 281
3 330 254 343 273
3 329 249 335 257
3 326 249 330 259
3 325 251 330 263
3 340 238 351 250
3 347 238 355 249
3 358 238 367 252
3 356 247 366 263
3 353 250 358 262
3 334 227 346 248
3 307 249 313 268
3 310 246 317 259
3 315 249 321 262
3 316 232 322 239
3 316 237 324 254
3 312 236 316 245
3 306 234 314 249
3 300 245 311 258
3 291 237 299 248
3 280 240 288 248
3 42 240 51 248
3 6 245 18 274
3 14 244 21 271
3 21 246 27 272
3 26 235 34 250
3 90 246 94 255
3 83 244 88 251
3 82 253 88 265
3 70 250 74 259
3 37 251 47 265
4 500 309 562 327
5 400 74 435 92
5 329 78 375 95
5 607 68 649 89
5 579 71 596 88
5 0 230 94 259
5 242 239 305 265
