46
1 30 183 92 334
1 70 185 129 331
1 90 188 145 322
1 119 196 168 315
1 129 193 185 333
1 151 193 203 322
1 174 186 234 333
1 198 194 246 313
1 213 194 269 333
1 232 187 285 318
1 253 199 305 327
1 269 201 316 318
1 279 192 325 308
1 294 200 343 323
1 319 192 373 326
1 340 185 394 319
1 356 187 406 309
1 368 191 422 323
1 384 186 435 314
1 397 175 449 304
1 417 195 470 326
1 431 184 482 311
1 458 191 512 323
1 472 187 521 310
1 490 191 541 319
1 500 181 551 305
1 523 187 575 317
1 547 185 595 303
1 534 181 581 298
1 571 189 619 309
1 580 175 628 295
1 595 174 642 292
1 608 181 659 305
1 632 170 678 286
1 648 183 694 297
1 664 173 709 286
1 668 154 718 279
1 698 150 750 276
3 205 171 229 193
3 226 179 239 202
3 251 169 267 198
3 267 175 287 202
3 307 177 325 199
3 323 185 337 217
3 572 167 588 191
3 663 162 676 181
