261
1 926 571 1036 841
1 865 530 962 767
1 748 512 861 788
1 735 470 813 663
1 713 469 788 651
1 691 454 770 646
1 661 449 737 637
1 634 470 714 665
1 608 473 684 658
1 581 457 658 647
1 528 529 624 766
1 498 467 579 665
1 476 464 552 653
1 441 459 519 650
1 414 443 490 632
1 385 469 463 661
1 363 468 441 658
1 333 457 409 646
1 391 442 467 630
1 373 434 450 623
1 344 426 422 616
1 300 463 381 662
1 272 457 353 654
1 246 453 323 643
1 223 442 304 641
1 193 458 276 664
1 165 455 246 656
1 139 448 222 652
1 123 447 199 635
1 97 439 178 636
1 70 421 153 627
1 58 428 134 615
1 34 400 121 612
1 622 443 693 619
1 467 430 544 618
1 446 410 527 611
3 154 389 195 446
3 178 417 210 455
3 202 415 233 458
3 230 427 260 465
3 251 390 279 437
3 280 416 302 457
3 291 419 323 459
3 316 426 346 470
3 345 436 367 473
3 560 465 638 580
3 578 442 612 488
3 546 425 580 472
3 524 424 559 473
3 359 393 406 436
3 577 404 610 450
3 610 426 635 470
3 625 433 650 472
3 633 395 668 437
3 669 407 714 449
3 139 98 170 133
3 137 73 166 100
3 108 31 143 78
3 138 39 165 72
3 178 66 213 114
3 162 102 205 139
3 169 138 198 178
3 182 186 212 251
3 218 194 248 256
3 148 197 182 255
3 137 158 170 197
3 168 163 193 206
3 103 162 134 233
3 75 162 108 219
3 46 156 82 211
3 18 147 60 209
3 54 124 76 158
3 74 128 102 158
3 100 132 132 169
3 131 133 155 166
3 73 102 108 131
3 61 65 101 98
3 44 70 75 110
3 23 79 55 113
3 1 74 20 108
3 4 41 30 67
3 221 132 257 163
3 248 128 272 156
3 280 134 292 162
3 291 127 315 157
3 326 128 344 160
3 321 99 352 135
3 297 65 330 115
3 271 74 315 126
3 240 66 274 124
3 268 18 297 38
3 202 153 224 184
3 221 163 244 191
3 242 165 266 192
3 246 198 268 233
3 321 216 347 286
3 286 193 323 239
3 346 215 374 255
3 373 218 396 258
3 406 217 427 254
3 435 216 462 265
3 459 215 493 275
3 501 221 537 276
3 559 228 594 275
3 508 185 531 222
3 571 154 610 191
3 587 184 621 229
3 564 194 607 239
3 612 216 647 273
3 650 216 693 273
3 633 183 664 227
3 586 98 620 152
3 628 98 660 176
3 551 68 584 114
3 530 40 557 75
3 490 49 520 97
3 478 10 508 46
3 518 15 543 51
3 554 17 577 52
3 581 17 601 46
3 591 44 624 78
3 566 54 604 97
3 425 92 461 132
3 424 126 446 157
3 450 130 466 162
3 482 125 508 161
3 517 124 538 175
3 371 170 399 193
3 326 159 356 199
3 373 190 396 213
3 398 189 430 216
3 424 161 454 188
3 402 156 420 187
3 399 101 428 145
3 360 92 404 143
3 353 54 390 106
3 337 31 360 79
3 324 17 355 65
3 293 22 331 38
3 707 9 729 33
3 665 13 696 35
3 646 11 670 42
3 640 45 665 74
3 613 12 635 39
3 690 41 714 64
3 695 72 726 97
3 731 77 753 110
3 740 40 770 72
3 720 39 743 69
3 735 9 761 38
3 772 11 795 47
3 796 14 820 42
3 778 47 802 65
3 792 59 813 87
3 763 57 790 82
3 780 89 802 124
3 755 87 779 114
3 807 84 840 130
3 812 60 845 95
3 842 88 872 118
3 856 123 878 152
3 875 91 906 126
3 866 59 899 87
3 848 59 877 94
3 835 40 860 70
3 802 32 832 61
3 820 18 846 41
3 853 19 880 40
3 877 29 896 57
3 1054 203 1085 256
3 1031 205 1060 260
3 1086 221 1111 262
3 1114 211 1136 265
3 1170 221 1198 263
3 1202 209 1231 264
3 1233 202 1267 262
3 1253 177 1276 218
3 1244 152 1273 190
3 1225 176 1255 204
3 1185 170 1227 217
3 1197 145 1234 192
3 1173 135 1212 167
3 1153 140 1199 184
3 1165 173 1198 216
3 1143 168 1157 193
3 1136 181 1167 222
3 1097 175 1127 205
3 1079 179 1105 210
3 1110 149 1146 191
3 1070 148 1100 183
3 1044 150 1075 195
3 1035 178 1066 214
3 1002 182 1038 219
3 976 177 1016 227
3 954 148 988 189
3 987 155 1016 185
3 1016 152 1048 185
3 921 149 959 189
3 897 145 928 172
3 894 128 921 154
3 906 122 936 154
3 934 135 965 161
3 975 125 997 157
3 1000 125 1026 155
3 1038 123 1055 157
3 1023 108 1043 142
3 1047 98 1079 149
3 1095 123 1124 152
3 1079 92 1106 132
3 904 90 935 118
3 937 93 955 132
3 966 75 986 120
3 981 71 1002 103
3 997 69 1017 108
3 1023 67 1046 108
3 907 59 940 99
3 892 68 920 101
3 894 18 924 53
3 919 21 948 52
3 922 41 956 86
3 885 4 931 30
3 950 8 973 38
3 953 29 976 66
3 990 37 1011 66
3 1013 40 1034 69
3 974 10 1002 43
3 976 1 1008 40
3 1014 16 1040 56
3 1054 43 1074 80
3 1069 63 1087 95
3 1092 71 1109 96
3 1074 38 1094 72
3 1064 11 1099 47
3 1066 0 1107 41
3 1106 39 1130 67
3 1111 67 1139 99
3 1116 86 1146 131
3 1151 95 1171 136
3 1146 66 1173 99
3 1141 34 1169 75
3 1176 68 1201 92
3 1177 92 1205 136
3 1201 99 1232 134
3 1239 116 1268 148
3 1230 89 1261 124
3 1228 71 1253 109
3 1175 42 1206 66
3 1166 2 1218 47
3 1238 16 1267 95
3 1235 3 1273 36
3 1265 42 1279 81
3 388 37 428 98
3 442 66 482 104
3 443 188 464 210
3 465 185 488 206
3 201 95 240 148
5 360 1 878 14
5 316 125 570 217
5 251 147 315 218
5 152 2 292 92
5 17 0 147 66
