75
1 214 174 258 281
1 227 163 260 245
1 264 167 299 253
1 264 160 293 234
1 282 174 324 278
1 308 167 339 243
1 72 186 112 285
1 92 159 127 248
1 121 161 149 232
1 142 155 169 224
1 161 151 184 210
1 179 157 204 220
1 207 153 235 223
1 247 151 273 214
1 320 148 345 212
1 328 147 353 208
1 335 142 359 202
1 349 151 372 210
1 384 154 408 215
1 391 148 416 211
1 421 152 450 225
1 431 157 462 236
1 443 179 485 282
1 470 147 474 159
1 476 145 480 155
1 501 134 505 147
1 485 140 490 155
1 370 142 380 167
3 98 262 181 353
3 86 271 150 336
3 18 275 98 356
3 0 275 32 353
3 0 223 27 284
3 19 224 54 282
3 190 271 245 339
3 227 267 306 351
3 315 275 394 353
3 388 255 489 353
3 454 241 494 294
3 475 249 536 348
3 531 241 588 351
3 579 226 598 355
3 551 222 586 265
3 586 216 598 259
3 566 180 598 231
3 552 166 581 214
3 568 163 585 194
3 581 168 592 185
3 503 210 538 258
3 494 196 523 232
3 492 181 516 206
3 506 171 525 205
3 492 165 509 195
3 498 155 510 171
3 506 150 524 191
3 517 156 526 176
3 521 160 536 177
3 534 160 545 179
3 540 161 561 207
3 480 160 500 196
3 468 160 490 203
3 454 153 468 172
3 450 158 469 198
3 373 159 389 216
3 306 145 326 179
3 288 147 296 172
3 298 157 315 182
3 276 140 287 161
3 267 154 279 180
3 243 158 260 184
3 219 148 235 185
3 110 173 130 214
3 53 178 74 222
3 66 165 80 198
3 28 171 52 224
