35
1 272 238 303 313
1 306 234 386 432
1 407 230 454 345
1 463 230 507 337
1 600 245 650 374
1 495 232 531 321
1 513 230 551 324
1 526 229 565 327
1 533 232 573 332
1 542 234 585 338
1 552 234 597 343
1 566 231 611 343
1 573 234 622 356
1 0 252 32 368
1 10 266 33 323
1 9 248 53 357
1 24 252 62 346
1 40 255 76 345
1 61 244 99 338
1 75 250 110 336
1 593 246 641 364
1 583 248 629 361
1 618 237 650 376
1 113 244 146 324
1 171 235 197 302
3 607 228 625 248
3 581 215 594 233
3 593 208 608 235
3 607 210 620 226
3 499 221 508 236
3 509 217 526 233
3 528 215 542 232
5 97 208 337 336
5 622 228 649 270
5 349 220 508 312
