41
1 155 186 198 292
1 496 202 538 308
1 595 204 631 294
1 831 200 872 301
1 158 113 194 203
1 203 111 240 203
1 177 102 210 184
1 236 99 271 185
1 264 116 300 207
1 292 103 325 183
1 323 117 360 207
1 352 105 383 181
1 407 117 443 208
1 418 103 451 183
1 479 119 515 206
1 477 108 505 180
1 544 126 576 206
1 535 112 565 189
1 610 126 643 208
1 605 114 635 191
1 685 126 719 209
1 674 110 705 186
3 118 235 154 313
3 192 240 215 311
3 309 237 346 323
3 346 233 379 318
3 383 239 416 322
3 729 245 759 310
3 742 222 773 291
3 792 218 821 283
3 2 523 90 599
3 148 497 241 598
3 257 476 324 593
3 352 480 425 596
3 463 492 543 599
3 543 480 621 599
3 644 481 717 598
3 735 482 815 599
3 813 491 876 585
3 875 478 898 579
5 0 1 899 95
