58
1 207 219 233 282
1 184 209 210 275
1 160 204 184 265
1 132 197 156 255
1 112 191 133 245
1 92 184 111 233
1 79 182 97 229
1 67 179 85 223
1 59 174 76 218
1 48 171 66 214
1 35 171 52 213
1 249 212 274 274
1 269 199 292 255
1 294 203 320 267
1 305 190 328 248
1 338 198 361 255
1 226 203 250 264
1 199 197 221 254
1 365 188 396 265
1 406 199 435 272
1 394 184 415 238
1 431 180 452 233
1 456 176 475 226
1 387 170 406 216
1 354 167 370 209
1 274 175 293 224
1 281 169 299 214
1 418 174 436 217
1 395 177 415 225
1 289 161 306 205
1 330 165 346 206
1 235 191 256 246
1 253 172 272 219
1 261 167 278 209
1 216 174 236 224
1 209 186 229 234
1 224 163 240 202
1 28 166 44 207
1 20 167 34 204
1 10 162 26 201
1 6 161 19 196
1 150 186 170 238
1 170 191 191 245
1 130 182 149 231
1 103 174 119 216
1 115 176 134 225
1 185 181 203 225
1 270 187 288 230
1 340 187 361 239
3 288 159 295 172
3 368 173 378 192
3 375 180 390 207
3 343 178 352 196
5 39 114 216 138
5 229 109 240 123
5 375 101 499 118
5 0 142 284 199
5 309 162 329 209
