80
1 0 391 16 439
1 0 458 13 499
1 19 396 40 451
1 11 429 29 476
1 40 413 59 463
1 51 421 67 463
1 48 463 61 497
1 62 456 78 498
1 64 424 81 466
1 98 441 117 488
1 115 453 132 495
1 126 457 142 498
1 150 464 162 496
1 162 440 181 487
1 193 450 211 496
1 224 456 241 499
1 240 463 254 498
1 21 251 40 301
1 17 210 34 253
1 29 233 52 289
1 59 247 79 296
1 77 252 95 299
1 92 262 110 306
1 104 266 120 308
1 116 269 134 315
1 140 281 159 329
1 156 272 172 314
1 171 287 188 331
1 186 294 204 339
1 208 292 228 344
1 229 303 248 350
1 261 300 281 351
1 179 251 199 301
1 142 248 164 301
1 122 245 144 298
1 190 281 210 329
1 0 130 11 182
1 7 129 25 173
1 43 122 64 173
1 59 90 78 138
1 137 46 159 99
1 168 45 190 98
1 186 82 204 127
1 195 185 216 237
1 180 178 199 227
1 158 177 177 226
1 133 165 154 220
1 164 160 184 210
1 174 143 198 202
1 271 2 293 55
1 293 18 310 61
1 204 38 221 81
1 206 8 224 53
1 94 146 113 192
1 78 140 96 186
1 87 97 104 142
1 128 136 148 186
1 109 141 128 188
3 58 436 77 468
3 44 397 64 424
3 61 405 81 431
3 80 401 99 431
3 83 424 104 457
3 168 486 188 499
3 187 473 213 498
3 104 418 124 458
3 124 431 146 471
3 34 487 52 499
3 93 483 108 498
3 76 453 96 477
3 59 221 77 256
3 74 232 88 250
3 90 227 105 250
3 113 242 127 268
3 217 264 227 286
3 209 282 220 299
3 208 267 218 284
3 83 120 104 148
3 106 130 119 152
5 125 0 332 247
