43
1 0 91 33 177
1 28 93 64 181
1 57 95 90 175
1 86 98 119 178
1 113 94 146 178
1 142 94 179 187
1 171 94 208 186
1 201 97 236 184
1 229 96 265 184
1 260 97 295 183
1 294 100 329 185
1 328 99 361 183
1 363 92 399 182
1 395 90 432 180
1 427 88 463 179
1 460 86 500 183
3 176 171 241 234
3 446 171 499 234
3 31 89 44 106
3 61 93 75 107
3 73 83 89 101
3 92 93 103 109
3 105 87 115 99
3 117 87 132 103
3 135 85 151 102
3 148 93 159 106
3 163 87 183 105
3 192 86 208 106
3 205 85 226 103
3 226 88 240 103
3 237 86 250 100
3 251 89 270 107
3 266 80 279 92
3 282 85 296 102
3 293 85 303 99
3 312 85 334 103
3 334 84 344 94
3 337 84 364 106
3 366 83 388 102
3 367 83 378 96
3 405 86 417 95
3 415 79 428 92
3 428 84 460 108
