35
1 0 221 51 382
1 33 213 115 414
1 128 218 224 456
1 174 226 242 394
1 235 230 265 303
1 250 206 373 506
1 354 229 374 281
1 347 229 364 272
1 380 231 396 271
1 376 230 427 357
1 386 225 451 386
1 421 219 517 455
1 473 233 530 372
1 514 229 548 314
1 517 222 596 416
1 609 233 672 387
1 665 225 690 326
1 645 224 684 321
1 602 227 633 303
1 584 229 620 316
1 114 236 149 323
1 96 233 129 316
1 21 229 62 329
3 514 216 532 256
3 568 233 585 267
3 644 221 661 238
3 436 231 455 262
3 430 226 442 258
3 399 223 409 232
3 645 229 656 244
3 82 228 104 267
3 28 236 37 252
3 33 222 45 236
3 53 232 62 248
3 155 225 162 239
