35
1 182 163 222 264
1 229 184 258 258
1 257 158 300 262
1 299 160 341 265
1 350 149 396 262
1 409 169 447 262
1 261 112 279 157
1 291 109 306 147
1 305 113 318 147
1 388 113 403 153
1 399 109 417 154
1 413 102 425 131
1 448 109 461 144
1 465 111 479 148
1 463 106 477 140
1 483 106 500 149
1 491 113 515 172
1 514 113 539 173
1 561 98 575 132
1 575 100 587 132
1 159 126 185 192
1 150 137 175 197
1 120 133 146 199
1 130 128 155 192
1 94 121 121 186
1 87 121 109 177
1 61 126 87 189
1 52 126 74 181
1 27 99 47 151
1 41 103 53 133
1 354 106 362 128
3 146 200 176 241
5 0 104 224 167
5 379 100 418 116
5 460 96 497 127
