36
1 1 149 31 224
1 27 145 42 184
1 42 153 68 220
1 45 150 77 231
1 77 155 101 217
1 89 154 118 226
1 105 155 136 234
1 124 157 149 219
1 135 158 163 230
1 157 159 191 241
1 175 161 202 226
1 185 161 215 236
1 198 162 223 226
1 211 163 245 247
1 238 164 268 239
1 262 167 284 223
1 270 168 296 235
1 275 166 311 254
1 300 167 334 252
1 322 171 353 246
1 333 170 370 262
1 353 173 386 254
1 375 174 404 248
1 396 177 432 268
1 404 177 437 260
1 424 179 454 254
1 432 178 461 249
1 446 178 471 238
1 455 179 478 235
1 463 181 484 232
1 467 182 486 228
1 475 181 491 221
1 481 173 500 259
1 294 169 314 220
5 60 74 263 147
5 484 178 495 197
