31
1 253 98 381 414
1 519 142 600 343
1 487 147 558 322
1 507 136 575 304
1 466 142 526 291
1 442 171 478 260
1 363 159 406 263
1 302 144 362 290
1 320 158 370 282
1 335 150 382 267
1 387 167 418 246
1 385 180 413 251
1 205 159 250 268
1 173 166 215 272
1 163 147 217 280
1 113 148 169 288
1 60 144 128 309
1 0 130 79 329
1 71 145 133 296
1 136 154 181 266
1 221 160 261 258
1 79 151 131 278
1 576 173 600 265
3 201 155 217 203
3 55 165 64 174
3 113 153 131 171
3 173 158 185 176
3 569 179 593 224
3 385 164 399 186
5 249 161 270 245
5 437 168 461 268
