34
1 706 201 750 363
1 621 211 679 352
1 591 202 654 356
1 565 200 629 358
1 525 204 590 366
1 494 203 562 368
1 468 206 535 371
1 431 208 497 372
1 409 204 479 378
1 360 209 430 383
1 330 209 402 386
1 300 207 374 390
1 263 176 352 396
1 191 189 285 418
1 27 210 99 388
1 61 207 132 384
1 100 207 169 375
1 108 209 183 391
1 143 215 207 372
1 149 211 220 386
1 170 217 232 369
1 244 190 325 388
1 231 212 296 372
1 193 215 264 391
1 343 201 414 376
1 373 199 441 366
1 406 200 467 350
1 394 218 449 354
1 512 200 575 356
1 536 202 596 352
1 558 211 604 327
1 436 202 500 359
3 227 197 235 217
3 336 194 358 243
