32
1 16 259 86 431
1 127 188 250 488
1 256 169 392 504
1 294 208 402 474
1 342 237 428 450
1 355 245 435 440
1 394 276 453 420
1 426 177 551 481
1 457 211 558 460
1 495 231 583 447
1 520 251 596 438
1 555 279 610 414
1 633 209 743 478
1 664 239 748 447
1 699 287 755 423
1 741 327 772 406
1 770 327 800 407
1 244 323 278 408
1 106 322 142 413
1 74 324 111 414
1 0 327 30 414
1 53 327 88 414
1 636 336 665 409
1 596 330 627 406
1 614 359 634 408
1 427 325 460 408
3 101 326 120 349
3 135 326 151 347
3 635 335 644 352
3 787 329 799 349
5 214 339 246 412
5 595 332 608 357
