28
1 696 173 729 255
1 654 190 681 258
1 626 186 656 261
1 604 190 633 264
1 590 192 622 273
1 562 192 596 276
1 533 187 572 285
1 496 180 539 288
1 440 169 492 296
1 487 187 515 258
1 430 195 460 268
1 404 191 436 272
1 360 192 396 279
1 371 196 397 261
1 343 201 367 260
1 319 188 358 286
1 301 200 328 268
1 264 181 308 291
1 244 202 269 262
1 261 198 291 273
1 196 180 242 296
1 183 206 209 269
1 157 196 191 281
1 131 193 164 273
1 90 199 126 290
1 78 198 109 276
1 32 191 72 290
1 24 193 60 280
