31
1 97 88 134 179
1 125 91 166 193
1 148 82 204 220
1 171 85 237 248
1 224 88 261 180
1 245 84 289 195
1 253 92 337 300
1 304 93 357 222
1 410 92 508 333
1 383 92 450 257
1 372 86 399 155
1 340 95 366 161
1 87 88 117 162
1 79 87 107 155
1 21 88 38 130
1 58 90 82 148
1 74 91 90 133
1 115 88 138 144
1 356 90 379 147
1 468 88 509 237
3 251 92 263 108
3 328 81 345 98
3 430 84 437 93
3 442 78 460 104
3 429 88 449 127
3 391 84 419 137
5 37 90 71 143
5 144 89 163 112
5 211 92 239 139
5 301 88 328 118
5 341 86 382 105
