34
1 142 154 202 302
1 206 167 256 291
1 236 149 307 322
1 303 170 356 301
1 349 177 387 270
1 356 170 408 296
1 374 156 440 316
1 468 165 519 291
1 506 174 550 311
1 184 149 215 225
1 98 166 139 268
1 79 144 110 219
1 53 173 90 264
1 50 163 90 261
1 23 162 60 256
1 1 163 32 239
1 0 163 15 240
1 17 159 46 233
3 501 171 517 187
3 506 176 529 203
3 125 150 142 170
3 108 143 128 176
3 144 145 163 171
3 288 170 308 206
3 283 166 294 180
3 302 169 321 207
3 352 171 361 187
3 16 152 25 166
3 11 159 20 172
3 2 165 11 189
3 336 175 345 189
3 339 173 360 193
5 496 158 546 181
5 417 173 434 187
