43
1 632 417 690 562
1 671 454 711 554
1 586 313 625 411
1 573 296 598 360
1 629 311 661 392
1 647 290 672 351
1 685 300 716 376
1 710 286 729 335
1 750 298 775 361
1 784 292 808 350
1 810 277 827 321
1 814 286 836 341
1 859 284 880 335
1 902 273 918 315
1 650 271 663 306
1 644 265 657 297
1 576 264 586 292
1 517 265 533 307
1 525 278 543 324
1 532 281 556 342
1 476 308 507 385
1 473 268 486 301
1 463 290 487 351
1 414 299 439 362
1 380 311 416 401
1 348 292 372 351
1 336 283 357 337
1 251 308 284 391
1 164 307 192 378
1 184 287 208 345
1 271 281 287 320
1 259 277 277 320
1 129 275 139 302
1 151 276 163 305
1 486 262 495 284
1 32 273 40 296
1 39 273 48 295
1 70 273 79 296
1 726 275 736 303
2 687 272 701 308
3 787 464 916 583
5 91 272 103 286
5 154 264 460 305
