30
1 0 81 92 332
1 40 99 131 322
1 157 128 250 355
1 114 134 169 268
1 144 122 218 302
1 336 197 389 326
1 311 187 361 310
1 283 184 330 301
1 381 213 430 335
1 418 211 477 356
1 406 208 459 339
1 374 204 415 306
1 273 173 305 254
1 244 160 288 270
1 411 244 500 557
3 2 60 16 90
3 9 83 23 115
3 13 58 49 140
3 0 35 18 142
3 69 110 84 137
3 106 121 117 150
3 117 128 128 152
3 111 94 137 172
3 224 152 256 213
3 488 225 499 243
3 298 180 315 201
3 390 201 429 238
5 243 165 262 193
5 329 187 341 205
5 351 193 366 212
