75
1 145 165 191 279
1 171 157 209 251
1 217 151 254 245
1 266 150 304 244
1 325 150 365 248
1 383 153 425 258
1 439 167 480 267
1 25 161 43 205
1 560 164 575 202
1 61 138 85 198
1 115 115 125 143
1 285 108 296 135
1 327 108 339 138
1 345 112 355 139
1 530 166 543 200
1 502 143 526 201
1 494 136 520 199
3 159 213 226 297
3 247 229 320 309
3 357 218 419 303
3 433 212 492 293
3 52 171 73 203
3 13 135 35 160
3 34 132 52 163
3 50 161 59 184
3 54 136 65 172
3 71 161 95 200
3 79 143 92 169
3 88 137 99 151
3 95 135 114 151
3 108 134 116 148
3 92 165 113 203
3 103 161 113 187
3 132 120 140 127
3 144 117 153 126
3 180 116 192 132
3 196 117 207 132
3 269 105 280 124
3 406 110 414 123
3 195 151 211 201
3 208 171 227 198
3 251 139 264 167
3 295 173 310 202
3 312 173 329 202
3 329 180 339 202
3 307 144 320 174
3 293 147 311 174
3 364 184 378 206
3 373 163 386 199
3 381 183 396 205
3 385 165 395 195
3 388 142 399 156
3 380 147 389 153
3 417 180 426 206
3 426 181 443 205
3 443 173 455 207
3 471 139 487 161
3 484 144 501 162
3 584 164 599 201
3 581 160 592 178
3 567 156 575 172
3 571 162 585 201
3 551 167 562 185
3 537 144 552 167
3 517 138 529 163
3 483 158 504 205
5 117 136 142 156
5 133 164 161 199
5 161 142 193 170
5 243 143 266 203
5 271 141 301 163
5 461 138 476 160
5 524 138 540 177
5 551 136 599 169
5 0 159 16 199
