37
1 32 454 69 548
1 4 463 44 561
1 3 460 36 542
1 287 467 305 512
1 281 463 295 501
1 774 463 798 522
1 765 458 789 518
1 677 462 697 513
1 672 476 686 514
1 653 470 682 544
1 578 457 600 514
1 512 462 531 511
1 499 461 519 512
1 483 461 503 511
1 476 462 495 511
1 462 465 479 508
1 435 465 452 506
1 408 435 417 458
1 427 435 437 460
1 266 465 281 502
1 461 453 476 492
3 499 463 506 485
3 495 448 506 460
3 418 447 427 460
3 353 487 377 519
3 368 487 384 515
3 411 476 429 531
3 386 476 410 514
3 547 471 586 544
3 113 460 128 481
3 419 462 430 475
3 429 462 437 483
3 168 459 190 482
3 473 460 478 477
5 607 436 627 475
5 263 435 380 502
5 508 437 527 463
