35
1 93 51 186 278
1 170 48 264 280
1 232 43 329 279
1 318 39 415 279
1 457 74 500 261
1 461 76 500 195
1 433 79 460 147
1 406 79 432 146
1 27 86 48 137
1 19 87 34 123
1 11 87 25 125
1 98 86 110 118
1 152 86 170 132
1 164 85 179 123
1 423 86 437 120
1 432 81 455 137
1 448 85 465 129
1 457 94 473 133
1 466 88 482 129
3 298 83 309 103
3 310 81 325 102
3 315 82 320 91
3 308 88 314 95
3 325 83 336 103
3 333 83 342 102
3 373 75 387 99
3 373 81 377 92
3 411 84 417 95
3 400 70 404 75
3 403 69 408 75
3 432 86 437 94
5 404 84 412 112
5 462 84 488 98
5 430 88 443 129
5 230 83 276 105
