40
1 205 135 231 201
1 243 135 260 176
1 255 128 284 202
1 316 139 331 175
1 306 138 314 161
1 343 138 351 160
1 353 139 362 160
1 359 137 369 165
1 399 140 408 165
1 412 139 422 165
1 438 142 450 175
1 479 143 490 169
1 193 131 209 170
1 176 132 192 171
1 170 135 185 172
1 183 131 199 170
1 146 130 164 174
1 161 136 176 174
1 125 131 143 174
1 114 132 129 172
1 90 133 108 178
1 106 114 120 150
1 64 124 84 176
1 9 126 31 181
1 0 127 15 180
1 53 117 73 165
1 65 68 78 99
1 36 99 48 130
1 54 99 66 130
1 71 101 84 135
3 28 119 45 152
3 40 118 54 150
3 53 119 58 133
3 0 118 16 136
5 81 113 110 139
5 0 61 41 132
5 78 69 300 168
5 366 139 387 160
5 419 143 439 160
5 489 146 492 166
