50
1 217 151 243 216
1 270 153 295 214
1 276 152 300 210
1 308 146 338 219
1 408 148 434 215
1 184 163 202 207
1 154 162 168 197
1 129 163 139 191
1 136 163 150 198
1 143 165 156 197
1 163 163 177 199
1 169 164 181 197
1 174 166 187 198
1 122 123 127 139
1 97 161 114 206
1 89 161 107 207
1 82 159 102 207
1 2 149 27 212
1 0 150 15 216
1 16 157 38 212
1 8 154 30 211
1 52 153 74 209
1 62 161 83 212
1 68 158 88 210
1 108 162 125 205
1 115 162 133 205
1 242 169 249 188
1 252 168 260 191
1 302 168 309 187
1 463 159 480 204
1 481 156 500 205
1 485 155 500 206
1 452 159 468 198
1 443 158 459 197
1 378 167 385 187
1 389 168 397 187
1 308 169 314 186
3 374 178 381 187
3 196 180 211 196
3 7 144 17 157
3 30 147 45 170
3 42 147 51 160
5 331 168 369 188
5 396 166 417 190
5 428 162 450 194
5 459 154 490 169
5 258 168 276 191
5 294 170 302 190
5 207 166 223 197
5 180 163 193 197
