44
1 25 248 63 340
1 53 246 92 342
1 77 246 117 343
1 100 246 142 350
1 126 240 169 348
1 157 239 199 344
1 176 240 219 346
1 202 235 248 348
1 225 230 271 343
1 252 234 298 346
1 279 241 321 346
1 302 239 345 346
1 328 240 370 346
1 354 244 394 344
1 375 240 417 346
1 399 248 437 342
1 419 243 460 343
1 446 248 483 341
1 469 248 507 342
1 493 253 527 339
1 511 256 545 339
3 9 290 42 355
3 39 290 63 359
3 52 291 87 359
3 81 287 115 362
3 105 292 143 364
3 141 291 170 361
3 162 287 194 363
3 183 292 215 366
3 209 288 242 367
3 241 287 272 364
3 268 289 295 363
3 293 292 320 364
3 318 292 344 364
3 343 294 372 363
3 370 294 396 365
3 393 301 422 366
3 413 294 439 363
3 435 289 460 362
3 454 295 476 362
3 470 295 499 363
3 499 294 522 365
3 515 294 556 366
3 548 304 584 366
