43
1 370 236 418 356
1 388 246 438 368
1 232 227 282 351
1 189 234 236 352
1 140 228 191 352
1 83 227 132 349
1 67 228 113 344
1 30 261 77 375
1 15 223 62 340
1 0 222 31 339
1 9 55 41 133
1 64 51 97 132
1 126 52 162 139
1 197 74 232 162
1 236 77 270 160
1 269 73 301 152
1 284 68 316 146
1 249 63 282 144
1 221 54 255 136
1 198 56 231 138
1 440 113 468 181
1 463 124 490 193
1 456 105 484 175
1 503 115 534 191
1 502 119 535 199
3 394 236 405 258
3 6 309 74 365
3 563 181 613 223
3 321 166 360 216
3 359 176 404 216
3 289 167 329 213
3 229 156 287 215
3 180 160 218 213
3 160 159 192 210
3 112 156 158 206
3 65 174 96 209
3 40 145 70 203
3 0 145 38 201
3 520 186 570 222
3 499 165 532 222
3 457 172 488 220
3 435 172 456 218
5 387 135 439 220
