30
1 17 282 52 371
1 63 276 93 352
1 79 291 107 361
1 121 290 158 381
1 144 335 174 408
1 193 271 216 330
1 257 316 295 410
1 284 301 325 403
1 313 304 347 387
1 339 292 370 370
1 390 307 415 370
1 404 271 431 336
1 434 339 462 410
1 449 317 479 394
1 464 308 495 386
1 544 288 576 369
1 524 334 555 409
1 556 351 580 412
1 210 265 235 327
3 233 383 284 412
3 217 297 237 342
3 245 299 265 333
3 503 294 526 326
3 524 290 546 326
3 367 288 390 326
3 388 279 407 325
3 482 286 500 323
3 461 278 480 313
3 161 297 200 343
5 1 202 583 284
