31
1 19 162 64 274
1 58 163 104 275
1 75 151 122 269
1 92 150 141 273
1 113 142 162 262
1 150 144 198 262
1 165 146 211 260
1 184 152 225 255
1 198 145 240 250
1 209 153 251 257
1 39 151 88 271
1 227 152 268 253
1 242 145 284 248
1 257 131 295 224
1 274 145 315 246
1 297 142 338 243
1 316 139 356 239
1 333 138 374 240
1 353 139 391 235
1 365 131 407 234
1 385 135 424 231
1 405 139 442 230
1 422 135 458 225
1 437 134 475 227
1 449 129 487 224
1 470 130 500 219
3 294 132 310 151
3 328 124 342 139
3 411 131 420 150
3 430 121 443 149
3 230 137 250 153
