57
1 164 170 183 218
1 207 170 227 221
1 252 172 271 221
1 285 165 305 216
1 318 160 337 206
1 344 151 363 198
1 371 140 389 186
1 384 131 399 170
1 122 167 141 214
1 85 159 106 210
1 53 155 73 203
1 28 140 48 189
1 12 136 29 181
1 0 123 17 167
1 82 114 96 152
1 96 121 112 163
1 119 127 136 170
1 146 134 163 179
1 181 131 200 177
1 218 135 234 177
1 254 131 273 179
1 277 125 294 167
1 301 117 316 156
1 313 107 329 146
1 385 94 400 133
1 375 84 388 119
1 362 77 377 115
1 340 71 353 105
1 320 63 333 98
1 298 81 313 117
1 284 73 297 108
1 301 59 313 91
1 281 56 293 87
1 251 48 264 81
1 258 68 272 102
1 237 65 250 99
1 213 63 226 96
1 230 48 241 78
1 206 44 218 75
1 191 63 204 97
1 166 66 179 99
1 143 64 157 100
1 126 71 138 103
1 105 72 119 108
1 87 78 100 113
1 67 104 83 143
1 2 82 16 119
1 15 76 27 109
1 31 67 45 102
1 52 64 65 95
1 70 57 83 89
1 90 53 101 82
1 113 52 123 78
1 136 48 148 78
1 158 45 169 75
1 181 44 194 75
1 77 88 88 115
