54
1 455 174 490 262
1 427 173 464 263
1 277 117 285 140
1 310 117 320 144
1 49 174 64 210
1 41 173 53 202
1 74 175 87 206
1 81 175 96 213
1 10 174 23 208
1 6 176 19 208
1 82 160 123 262
1 111 158 151 259
1 136 159 175 257
1 148 165 186 258
1 180 166 216 257
1 210 166 248 261
1 242 164 284 268
1 271 171 308 265
1 295 173 332 264
1 314 175 350 262
1 337 170 373 260
1 366 169 403 259
1 403 170 438 258
1 384 171 419 260
3 2 172 10 185
3 17 172 24 183
3 104 205 130 268
3 130 204 156 270
3 156 203 185 269
3 188 197 219 272
3 175 163 196 187
3 209 164 225 188
3 220 203 237 222
3 245 200 271 225
3 239 165 255 192
3 270 165 287 189
3 295 166 310 187
3 318 168 330 190
3 336 170 349 187
3 361 171 376 188
3 368 209 390 271
3 351 209 370 269
3 329 209 348 225
3 303 207 327 224
3 273 203 301 226
3 392 208 417 273
3 418 209 448 274
3 56 47 65 59
3 105 48 116 60
3 127 49 137 61
3 141 49 149 61
3 238 54 248 67
3 280 54 287 70
5 353 101 586 157
