67
1 29 206 52 264
1 49 220 68 270
1 64 222 84 272
1 83 226 101 272
1 96 224 116 273
1 110 220 132 275
1 125 220 146 271
1 137 218 156 266
1 164 197 186 250
1 151 199 169 244
1 50 185 65 222
1 58 179 73 219
1 66 175 82 215
1 76 173 90 210
1 86 170 103 212
1 95 171 110 210
1 105 173 120 209
1 114 171 130 210
1 124 171 138 207
1 135 172 149 208
1 256 251 277 305
1 274 254 295 309
1 288 257 312 316
1 303 257 328 318
1 319 258 344 318
1 342 259 365 318
1 364 259 388 319
1 382 254 409 320
1 404 253 429 313
1 460 177 481 230
1 451 149 469 194
1 433 149 452 195
1 417 149 434 192
1 404 144 420 185
1 286 175 303 217
1 297 177 312 217
1 306 176 323 218
1 318 165 339 218
1 333 170 350 213
1 341 168 359 215
1 352 169 369 212
1 363 174 379 216
1 375 173 393 219
1 387 176 406 222
1 398 181 416 228
1 440 111 452 141
1 429 111 440 140
1 417 107 431 141
1 408 111 419 141
1 337 87 349 116
1 356 85 369 118
1 204 141 216 173
1 210 143 223 177
1 219 145 234 181
1 232 144 246 182
1 240 145 255 182
1 252 145 266 181
1 261 146 275 182
1 270 145 285 182
1 254 107 266 140
1 245 111 256 140
1 238 112 249 141
1 232 112 242 140
1 226 112 237 141
1 219 114 228 139
5 100 72 261 109
5 5 104 122 157
