59
1 84 137 96 166
1 124 131 134 156
1 209 134 220 161
1 68 220 87 266
1 90 210 108 256
1 124 203 140 244
1 167 201 181 236
1 201 196 215 232
1 232 196 247 233
1 234 231 252 278
1 249 224 268 270
1 257 208 274 250
1 281 172 295 208
1 254 170 267 201
1 298 162 308 187
1 313 158 326 189
1 334 169 346 202
1 346 165 357 195
1 364 269 385 322
1 393 276 415 330
1 435 278 460 338
1 471 274 498 340
1 496 270 520 329
1 525 265 551 328
1 542 255 564 311
1 584 173 597 207
1 552 170 564 200
1 607 188 622 226
1 528 170 542 206
1 484 180 498 218
1 505 184 522 225
1 502 175 516 209
3 1 364 86 445
3 161 387 235 447
3 333 374 425 448
3 408 371 463 440
3 534 387 590 447
3 602 416 643 448
3 640 398 699 448
3 743 416 792 449
3 335 160 345 171
3 515 225 531 247
4 237 118 245 156
4 244 118 254 156
4 252 119 263 158
4 265 118 296 156
4 298 122 317 162
4 321 123 340 164
4 341 121 364 167
4 366 122 388 165
4 390 125 411 167
4 411 126 452 170
4 456 143 498 162
4 506 147 552 166
4 552 137 574 174
4 571 134 592 177
4 598 137 620 178
4 625 143 664 182
4 662 142 700 183
