28
1 163 371 187 429
1 189 365 214 428
1 51 388 74 446
1 70 386 94 445
1 104 411 118 449
1 129 408 144 448
1 282 378 303 433
1 288 370 311 426
1 346 361 366 410
1 318 351 336 398
1 366 360 386 409
1 349 347 368 395
1 335 335 353 379
1 398 337 415 382
1 411 332 429 378
1 433 349 453 397
1 448 356 466 399
1 490 318 504 355
1 516 320 531 359
1 521 325 537 366
1 581 310 598 354
1 511 305 527 346
1 303 312 319 351
1 289 312 307 356
1 274 309 288 343
1 265 295 279 331
1 258 306 268 330
5 168 236 379 313
