35
1 0 189 37 282
1 33 159 71 255
1 45 172 84 267
1 55 171 97 275
1 73 188 111 281
1 121 164 161 265
1 151 174 193 280
1 174 199 207 280
1 195 162 232 252
1 213 148 245 226
1 231 184 269 280
1 246 159 286 258
1 273 183 313 281
1 296 160 326 235
1 314 133 341 200
1 324 169 351 238
1 357 136 384 203
1 364 147 399 234
1 380 140 406 203
1 399 142 431 221
1 390 137 420 213
1 419 175 447 247
1 436 152 465 222
1 447 148 484 238
1 186 142 216 219
1 100 131 122 184
1 82 163 115 245
1 122 145 150 215
3 164 142 186 165
3 69 135 90 171
3 9 150 30 177
3 2 167 22 188
3 281 142 303 174
3 450 242 484 281
5 3 66 487 148
