29
1 365 135 395 210
1 349 133 376 198
1 335 136 362 201
1 320 133 343 191
1 307 134 335 205
1 300 168 316 209
1 268 132 298 209
1 228 138 255 207
1 213 134 242 204
1 193 137 214 192
1 175 137 203 205
1 16 138 31 177
1 32 139 52 188
1 74 141 93 190
1 84 145 103 191
1 90 137 114 195
1 106 142 128 196
1 124 138 145 190
1 135 139 160 200
1 145 142 169 202
1 164 142 184 191
1 244 131 270 195
1 249 136 273 197
1 292 132 319 198
3 370 120 388 139
4 268 13 286 60
4 284 10 303 56
4 332 6 350 52
4 350 7 367 53
