38
1 297 357 317 408
1 406 362 427 414
1 191 351 212 403
1 159 338 174 378
1 16 349 34 395
1 35 345 52 389
1 59 343 73 380
1 82 338 97 375
1 100 334 114 369
1 116 333 128 366
1 173 337 188 374
1 187 334 199 367
1 200 330 214 364
1 215 328 226 356
1 224 326 235 353
1 211 352 227 393
1 223 348 239 387
1 305 354 324 400
1 316 349 333 394
1 509 361 529 413
1 629 362 650 416
1 617 355 638 409
1 607 354 624 399
1 597 352 613 391
1 585 345 601 384
1 575 341 589 379
1 567 337 581 372
1 659 345 674 382
1 650 340 663 374
1 642 339 655 370
1 630 332 644 368
1 622 333 633 363
2 71 375 89 419
2 99 367 116 411
2 210 382 228 429
2 664 381 683 431
5 11 290 416 351
5 470 295 681 349
