98
1 68 323 99 401
1 175 324 207 404
1 97 301 126 373
1 115 287 144 361
1 198 306 227 378
1 293 319 327 401
1 310 306 338 375
1 419 325 450 401
1 536 324 569 404
1 660 320 695 406
1 762 305 792 381
1 741 288 772 363
1 647 310 676 381
1 636 292 664 364
1 627 278 653 344
1 621 264 644 321
1 780 322 815 408
1 1 294 27 361
1 27 279 54 344
1 51 271 74 329
1 71 256 94 313
1 5 245 26 300
1 26 237 47 289
1 43 229 64 282
1 86 246 109 302
1 135 274 164 344
1 153 267 177 326
1 212 291 239 357
1 227 280 253 344
1 241 267 264 324
1 253 257 274 312
1 105 238 127 292
1 59 218 81 272
1 73 212 91 259
1 89 204 107 250
1 102 204 118 244
1 113 193 131 237
1 116 225 138 282
1 130 221 152 274
1 145 212 165 263
1 155 208 175 256
1 168 252 193 316
1 179 243 204 303
1 192 233 213 288
1 203 227 225 280
1 211 219 231 271
1 222 213 242 263
1 166 201 185 249
1 178 195 197 242
1 188 191 204 232
1 195 187 212 228
1 20 211 37 254
1 33 205 50 247
1 51 198 68 240
1 262 245 286 307
1 317 291 344 356
1 326 279 351 339
1 333 267 357 325
1 611 254 635 315
1 602 246 625 305
1 587 229 609 282
1 862 301 894 379
1 731 276 761 349
1 718 265 744 330
1 705 255 731 318
1 691 243 716 307
1 680 237 704 295
1 670 230 692 286
1 842 293 870 362
1 822 276 850 348
1 801 265 828 330
1 786 254 812 317
1 772 245 797 306
1 763 239 784 294
1 748 230 770 283
1 735 222 755 272
1 724 217 741 262
1 877 259 900 317
1 854 246 877 304
1 840 239 862 293
1 825 231 846 282
1 808 222 829 273
1 796 220 814 264
1 787 214 803 255
1 776 205 793 247
1 885 225 900 271
1 866 216 888 269
1 856 210 874 255
1 844 207 861 248
1 830 200 846 241
1 817 196 835 240
1 802 188 819 232
1 880 196 899 242
1 867 193 883 235
1 849 185 866 227
1 834 182 850 221
5 9 137 347 221
5 530 125 895 225
