33
1 4 85 70 246
1 34 83 106 259
1 348 88 411 245
1 392 102 457 264
1 110 82 176 243
1 48 61 63 99
1 238 71 256 116
1 367 68 385 114
1 397 74 415 119
3 40 166 83 295
3 76 152 110 228
3 105 139 136 182
3 88 87 112 133
3 107 81 132 153
3 155 129 216 174
3 210 126 234 192
3 232 135 260 185
3 270 137 307 191
3 313 127 358 206
3 399 187 443 315
3 334 75 367 118
3 334 103 364 162
3 317 97 340 120
3 298 98 315 155
3 286 74 318 125
3 266 100 288 138
3 237 105 275 148
3 221 99 245 130
3 212 90 230 123
3 178 80 209 122
3 163 82 187 122
5 80 61 196 90
5 426 72 477 159
