29
1 426 173 519 403
1 298 148 379 348
1 194 180 243 300
1 233 122 269 212
1 302 131 340 226
1 0 89 35 234
1 35 83 77 185
1 27 106 49 162
1 11 107 33 163
1 70 100 96 167
1 55 80 77 134
1 77 82 97 132
1 127 108 145 154
1 164 119 189 182
1 258 107 279 161
1 304 107 317 141
1 458 87 484 152
1 487 122 502 158
1 399 99 414 138
1 370 95 388 139
3 94 177 131 257
3 111 177 157 212
3 384 221 454 330
3 386 183 415 246
3 405 171 432 236
3 399 166 417 187
3 509 110 523 133
3 526 113 539 130
3 490 97 500 123
