54
1 0 353 12 392
1 7 350 20 385
1 21 355 36 391
1 32 347 44 378
1 54 349 67 383
1 80 351 93 386
1 48 381 68 429
1 80 392 101 444
1 110 382 130 432
1 173 398 189 439
1 269 405 289 455
1 232 368 248 409
1 261 371 278 413
1 272 363 285 395
1 291 372 307 412
1 302 363 315 398
1 324 371 342 417
1 332 365 344 397
1 358 363 375 407
1 382 401 407 463
1 411 408 433 463
1 449 406 472 465
1 451 450 479 522
1 509 413 533 472
1 546 415 568 468
1 625 426 652 493
1 672 453 705 533
1 705 565 757 695
1 693 620 731 715
1 815 489 848 569
1 862 481 896 566
1 835 452 862 521
1 787 440 811 498
1 749 440 771 497
1 665 396 682 440
1 670 379 688 422
1 710 397 731 448
1 764 403 780 443
1 715 385 733 428
1 812 403 833 454
1 800 394 817 435
1 335 643 365 716
1 496 550 562 713
3 16 397 43 430
3 199 399 224 446
3 471 399 496 424
3 477 439 503 468
3 390 661 429 713
3 665 670 713 719
3 795 654 843 715
3 23 662 74 717
3 230 677 300 720
5 0 201 954 310
5 178 164 953 200
