59
1 9 1172 269 1806
1 99 1138 494 2104
1 489 1148 721 1715
1 382 1154 567 1607
1 729 1168 889 1560
1 743 1132 1055 1896
1 867 1153 1064 1637
1 1128 1165 1302 1590
1 1200 1155 1443 1747
1 988 1200 1093 1456
1 1033 1187 1143 1455
1 1082 1183 1188 1441
1 1362 1103 1835 2260
1 1719 1146 2054 1964
1 1677 1152 1859 1598
1 1995 1156 2259 1799
1 2117 1149 2335 1680
1 2269 1151 2459 1615
1 2593 1177 2707 1456
1 2682 1171 2824 1517
1 2705 1080 3251 2413
1 2718 1124 3088 2026
3 1 1282 30 1432
3 198 1199 234 1243
3 412 1194 439 1231
3 429 1168 468 1229
3 506 1187 541 1212
3 520 1204 556 1246
3 668 1212 722 1292
3 650 1185 695 1245
3 668 1320 737 1451
3 731 1312 776 1441
3 997 1316 1071 1465
3 1065 1319 1110 1470
3 1095 1317 1154 1469
3 1160 1158 1199 1212
3 1055 1142 1119 1215
3 981 1176 1007 1231
3 1368 1326 1415 1476
3 1414 1333 1464 1482
3 1695 1328 1742 1486
3 1904 1046 1954 1137
3 2070 1030 2119 1102
3 2135 1033 2190 1144
3 2352 1047 2390 1096
3 1974 1283 2067 1490
3 2423 1335 2482 1489
3 2465 1322 2539 1504
3 2554 1327 2627 1489
3 2612 1320 2656 1405
3 2662 1323 2720 1432
3 3067 1170 3134 1250
3 3006 1196 3078 1273
3 3139 1322 3229 1494
3 3090 1338 3157 1499
5 1766 1136 1835 1214
5 1857 1114 2261 1241
5 2247 1159 2337 1255
5 2342 1115 2624 1329
