48
1 132 251 228 485
1 72 285 159 499
1 40 406 135 638
1 161 190 236 375
1 196 179 266 352
1 222 168 293 341
1 269 180 335 341
1 338 182 409 358
1 406 200 498 427
1 449 142 502 273
1 410 82 451 185
1 381 83 414 166
1 298 46 346 163
1 326 77 361 163
1 271 62 317 174
1 608 21 645 111
1 670 3 706 92
1 625 10 658 91
1 696 2 727 80
1 738 0 772 82
1 790 0 825 86
1 814 0 852 93
1 853 2 882 75
1 31 120 77 232
1 140 104 178 199
1 178 98 215 191
1 216 83 255 178
1 239 52 285 166
1 392 73 430 169
3 291 364 450 445
3 485 304 647 374
3 83 249 132 299
3 68 204 120 254
3 114 209 149 259
3 145 193 177 234
3 211 138 245 189
3 7 281 69 344
3 31 260 71 310
3 0 218 27 261
3 15 192 73 253
3 2 155 23 202
3 72 134 99 172
3 86 149 144 200
3 114 137 146 181
3 104 111 128 138
3 87 122 114 151
3 163 95 181 134
3 178 70 203 97
