38
1 80 267 92 300
1 167 232 180 267
1 179 231 193 268
1 189 206 202 237
1 11 131 23 162
1 28 131 39 161
1 248 169 261 202
1 379 82 390 111
1 425 168 435 195
1 452 127 464 159
1 350 507 366 546
1 387 484 402 522
1 396 488 409 523
1 270 371 284 406
1 473 372 487 407
1 460 351 472 381
1 503 349 513 376
1 551 321 564 353
1 665 350 679 384
1 517 263 527 289
1 527 253 537 280
1 512 257 524 288
1 764 175 777 208
1 666 227 677 256
1 676 223 689 258
1 575 61 587 91
1 519 65 530 91
1 718 164 729 193
2 114 322 129 362
2 152 358 164 390
2 529 126 540 153
2 539 112 548 137
2 565 97 573 118
2 585 115 591 130
2 589 91 597 111
2 644 52 655 79
2 684 62 695 91
3 485 351 506 373
