117
1 0 808 94 1090
1 116 809 241 1114
1 86 825 168 1026
1 43 795 124 994
1 230 799 333 1051
1 285 817 437 1191
1 373 806 481 1072
1 454 793 550 1029
1 501 821 661 1213
1 655 821 825 1238
1 837 819 1025 1278
1 271 807 353 1007
1 132 751 187 886
1 99 710 154 848
1 41 717 86 829
1 3 757 53 878
1 579 788 678 1031
1 633 786 714 983
1 722 800 873 1171
1 798 805 929 1124
1 713 727 753 827
1 408 723 448 822
1 366 728 404 824
1 284 734 326 838
1 747 724 780 806
1 837 719 871 805
1 854 724 888 806
1 925 775 1057 1096
1 1068 830 1263 1305
1 1027 807 1196 1219
1 992 806 1132 1147
1 1217 818 1390 1242
1 1173 803 1321 1163
1 1322 822 1529 1328
1 1440 799 1634 1276
1 1569 793 1739 1208
1 1680 759 1847 1167
1 1789 760 1942 1136
1 1861 764 1995 1093
1 1952 776 2072 1070
1 2044 767 2157 1043
1 2268 775 2494 1327
1 2316 767 2516 1257
1 2358 756 2537 1192
1 2418 748 2583 1150
1 2519 801 2572 931
1 2504 747 2579 931
1 2549 757 2592 930
1 2235 738 2308 918
1 2178 751 2247 921
1 2130 750 2196 914
1 1996 752 2047 879
1 1842 767 1950 1032
1 1759 784 1869 1053
1 1631 771 1756 1075
1 1747 758 1797 880
1 1276 778 1422 1134
1 1475 775 1627 1145
1 2049 750 2113 906
1 2218 754 2279 902
3 0 717 24 783
3 111 790 155 840
3 182 752 246 803
3 237 756 278 811
3 239 728 268 767
3 192 718 230 760
3 146 711 183 762
3 372 774 397 812
3 318 790 346 835
3 459 796 495 843
3 439 810 468 856
3 447 779 478 821
3 526 794 561 834
3 511 777 544 826
3 553 792 578 833
3 579 781 601 826
3 634 778 661 833
3 745 787 766 825
3 802 748 826 789
3 796 721 830 758
3 837 777 858 808
3 873 778 892 823
3 890 774 908 818
3 908 773 925 811
3 928 764 952 793
3 1014 785 1037 821
3 1936 768 1978 837
3 1948 752 1968 780
3 1963 753 1986 782
3 1786 758 1815 787
3 1409 786 1482 929
3 1246 767 1296 833
3 1355 770 1396 833
3 1191 779 1242 875
3 1175 758 1206 821
3 1146 761 1179 809
3 1128 786 1186 847
3 1111 762 1139 793
3 1080 768 1135 828
3 1396 762 1419 799
3 1285 744 1309 782
3 1284 765 1322 810
3 1315 771 1346 797
3 1375 742 1395 780
3 1427 752 1443 781
3 1443 745 1474 782
3 1486 745 1517 780
3 1559 777 1588 833
3 1581 752 1595 770
3 1638 764 1653 790
3 1685 765 1714 803
3 1471 780 1517 838
3 1541 764 1559 786
4 2314 593 2366 649
4 2232 607 2289 647
4 2142 610 2192 663
4 2063 612 2104 659
