44
1 4 169 25 222
1 0 169 14 223
1 16 167 38 224
1 69 167 87 212
1 76 164 95 212
1 89 163 108 213
1 99 167 122 224
1 120 174 142 228
1 141 174 165 235
1 153 173 171 217
1 161 170 189 238
1 180 172 200 224
1 191 171 207 213
1 207 171 236 244
1 218 170 242 229
1 234 169 251 213
1 243 169 263 219
1 243 158 285 260
1 298 162 344 274
1 280 169 307 235
1 327 162 357 239
1 352 160 390 256
1 368 152 427 296
1 418 161 460 265
1 439 160 477 253
1 456 160 489 243
1 473 153 504 231
1 486 159 517 236
1 499 158 525 223
1 407 166 432 230
1 378 165 404 230
1 417 157 440 215
1 294 164 315 215
3 114 115 131 138
3 128 118 141 130
3 149 119 160 132
3 164 121 174 135
3 183 123 199 135
3 198 124 213 137
3 247 132 257 143
3 270 131 282 145
3 286 131 292 144
5 284 107 463 158
5 519 162 559 184
