31
1 481 155 540 329
1 492 164 540 348
1 396 183 462 347
1 424 163 496 341
1 365 167 440 351
1 292 142 375 348
1 337 151 365 219
1 232 171 306 351
1 182 175 253 352
1 151 180 220 352
1 98 174 171 352
1 41 184 108 351
1 0 191 47 354
1 402 149 430 220
1 222 145 271 267
1 27 140 62 228
1 277 139 295 182
1 255 174 325 346
3 426 156 456 190
3 138 162 163 206
3 160 157 183 198
3 160 139 185 174
3 84 161 115 210
3 98 142 118 175
3 133 139 147 163
3 45 155 79 189
3 45 137 68 162
3 256 141 275 171
3 193 151 212 194
5 184 126 243 161
5 242 122 304 146
