50
1 370 263 395 323
1 347 261 364 303
1 321 252 344 310
1 312 260 334 313
1 293 257 315 314
1 261 266 284 324
1 289 273 308 322
1 314 285 329 324
1 345 276 364 324
1 68 266 91 323
1 27 270 48 323
1 44 243 69 304
1 35 224 58 282
1 18 238 43 298
1 226 189 246 238
1 211 193 232 245
1 199 198 218 245
1 182 197 203 249
1 168 206 185 247
1 156 204 175 251
1 137 210 155 253
1 123 206 142 254
1 107 208 125 254
1 39 141 55 182
1 11 125 27 164
1 28 118 45 160
1 37 100 54 143
1 11 103 25 138
1 60 68 70 93
1 100 57 111 85
1 141 68 154 99
1 212 115 227 154
1 198 112 214 154
1 186 116 198 149
1 174 116 187 149
1 116 49 129 80
1 95 59 103 81
1 87 59 94 77
1 290 75 301 102
1 279 71 291 101
5 83 151 136 209
5 137 177 191 209
5 177 150 218 200
5 231 81 278 127
5 298 57 353 87
5 340 15 446 54
5 411 2 464 22
5 1 2 59 88
5 56 0 181 69
5 182 0 260 19
