47
1 670 261 700 361
1 538 249 580 354
1 508 259 547 354
1 477 258 515 353
1 447 255 489 360
1 400 248 440 348
1 380 248 421 350
1 352 248 394 351
1 337 236 379 341
1 306 244 348 349
1 268 247 301 331
1 237 209 290 339
1 226 244 263 335
1 173 245 214 345
1 140 254 177 345
1 114 256 152 349
1 91 260 127 349
1 51 275 91 374
1 83 361 125 464
1 610 187 633 245
3 466 302 501 369
3 393 312 433 381
3 308 306 359 376
3 233 308 287 367
3 148 307 196 374
3 199 267 244 344
3 96 302 128 368
3 370 201 405 257
3 401 199 430 251
3 421 220 446 248
3 437 196 458 247
3 474 204 492 241
3 488 202 507 241
3 506 198 525 243
3 523 196 547 244
3 548 192 564 239
3 571 199 587 239
3 595 192 610 239
3 626 187 649 240
3 647 188 669 237
3 665 184 682 230
3 682 182 699 225
3 497 181 513 197
3 510 174 531 193
3 539 178 556 206
3 588 179 603 199
5 2 249 84 457
