31
1 36 193 118 395
1 82 202 158 389
1 116 193 186 366
1 136 192 219 396
1 182 177 270 393
1 204 194 286 396
1 249 194 322 374
1 278 197 359 395
1 313 196 386 375
1 359 161 456 397
1 398 195 476 389
1 444 198 511 363
1 453 190 535 393
1 518 190 593 374
1 495 199 553 340
1 564 201 600 355
1 50 57 84 140
1 81 68 109 140
1 569 198 596 263
3 0 42 14 111
3 177 103 195 130
3 336 117 359 140
3 373 124 394 147
3 391 124 423 148
3 431 129 451 147
3 456 136 472 150
3 522 191 547 221
5 11 30 214 106
5 269 70 474 134
5 475 95 506 146
5 517 105 600 160
