73
1 647 284 680 366
1 534 335 578 443
1 612 277 645 359
1 581 262 614 343
1 548 259 576 331
1 531 245 561 318
1 500 237 530 313
1 484 230 513 300
1 472 219 500 291
1 423 304 463 403
1 426 278 456 351
1 377 283 409 364
1 141 303 186 412
1 353 258 389 345
1 330 264 366 351
1 317 286 351 370
1 282 286 317 371
1 307 247 336 321
1 238 281 272 367
1 208 272 240 353
1 264 265 298 348
1 661 134 686 194
1 637 139 658 194
1 613 144 634 197
1 581 144 605 204
1 568 149 588 200
1 545 152 568 209
1 528 155 550 209
1 508 156 533 217
1 495 161 517 218
1 487 164 510 223
1 471 171 491 223
1 599 114 621 169
1 582 113 603 165
1 569 121 585 162
1 540 117 559 163
1 555 110 576 162
1 545 113 564 163
1 521 125 539 172
1 501 129 517 169
1 479 132 495 171
1 465 129 481 170
1 436 128 455 175
1 417 125 438 176
1 400 120 419 169
1 387 122 409 177
1 299 132 323 193
1 326 89 348 144
1 188 90 207 138
1 175 96 196 148
1 151 100 171 151
1 138 103 156 150
1 184 264 217 347
1 170 255 200 331
1 144 247 177 330
1 108 232 143 320
1 102 230 132 305
1 86 220 118 299
1 75 206 109 288
3 412 76 436 104
3 189 219 212 259
3 174 206 199 236
3 268 240 292 260
3 242 249 273 277
3 229 242 244 269
3 265 213 287 239
3 222 215 252 239
3 238 181 263 207
5 207 5 449 79
5 38 0 77 35
5 81 0 207 24
5 471 0 687 28
5 72 152 237 207
