50
1 93 350 110 391
1 120 356 145 417
1 149 359 174 419
1 159 359 178 409
1 171 360 192 414
1 504 367 530 434
1 650 348 669 398
1 627 355 646 402
1 619 358 635 398
1 569 355 586 398
1 511 355 527 395
1 493 354 511 400
1 475 352 496 406
1 481 349 501 400
1 461 355 480 403
1 452 350 472 401
1 446 354 463 399
1 425 356 440 396
1 408 353 427 399
1 395 354 412 399
1 383 353 400 396
1 373 358 389 397
1 359 353 375 395
1 347 355 367 403
1 341 355 358 397
1 334 357 349 397
1 317 350 334 394
1 307 354 325 399
1 298 345 317 395
1 290 353 307 394
1 280 356 296 395
1 260 354 275 394
1 244 353 260 392
1 231 346 249 392
1 219 345 236 388
1 209 348 226 391
1 194 347 210 389
3 76 348 95 369
3 529 369 545 406
3 548 369 567 401
3 595 370 614 403
3 580 373 598 404
3 666 367 688 406
5 15 310 94 356
5 109 324 196 361
5 206 330 419 351
5 184 303 377 331
5 377 295 548 324
5 488 324 682 359
5 549 299 666 324
