106
1 120 56 272 430
1 391 75 537 432
3 1 110 46 226
3 45 142 88 229
3 73 138 136 233
3 250 113 312 231
3 304 133 363 232
3 362 134 436 236
3 493 122 539 182
3 1 97 12 110
3 17 94 55 159
3 38 92 74 142
3 58 91 81 130
3 68 100 111 165
3 77 87 97 103
3 93 91 114 122
3 108 85 136 131
3 121 89 139 112
3 127 97 155 134
3 31 80 53 100
3 26 16 43 24
3 20 24 47 48
3 35 42 47 52
3 0 45 25 90
3 12 88 26 104
3 14 54 32 77
3 23 47 36 62
3 30 56 47 78
3 44 32 76 89
3 64 17 82 49
3 78 20 100 40
3 97 21 114 45
3 73 45 92 68
3 78 34 117 87
3 110 38 129 64
3 116 53 153 97
3 135 33 158 54
3 142 54 162 77
3 157 46 176 73
3 148 16 171 49
3 187 15 204 40
3 203 16 219 42
3 219 20 244 46
3 290 20 316 44
3 314 13 346 40
3 387 17 411 42
3 418 19 450 40
3 447 8 471 41
3 494 15 551 50
3 543 18 564 40
3 241 36 266 51
3 221 53 259 96
3 179 36 205 61
3 204 38 221 67
3 215 94 241 136
3 224 85 245 111
3 229 92 275 171
3 245 53 258 70
3 249 51 279 99
3 270 48 287 80
3 285 49 305 83
3 269 96 290 113
3 275 84 295 100
3 290 87 313 119
3 298 100 336 157
3 322 82 347 120
3 336 95 353 127
3 340 94 381 171
3 377 92 421 175
3 301 37 316 52
3 296 42 336 104
3 324 43 340 78
3 333 34 356 75
3 346 43 366 79
3 361 45 383 77
3 371 44 402 93
3 395 84 412 103
3 391 39 413 71
3 409 39 423 63
3 412 34 437 70
3 430 49 452 69
3 440 34 458 59
3 457 40 476 67
3 474 36 494 58
3 478 43 538 93
3 509 43 522 64
3 519 37 539 61
3 521 38 556 83
3 551 45 568 70
3 560 40 574 70
3 553 35 599 90
3 482 90 497 120
3 488 82 540 152
3 514 86 538 127
3 525 75 548 112
3 538 107 559 188
3 546 79 565 108
3 574 77 595 105
3 588 89 607 123
3 600 86 619 119
3 548 92 613 224
3 591 134 649 232
3 601 95 647 161
3 598 46 619 73
3 612 44 629 72
3 606 43 648 104
