55
1 78 482 104 547
1 95 486 122 552
1 109 488 137 556
1 129 480 160 556
1 166 475 184 521
1 60 466 82 522
1 34 312 89 447
1 75 353 112 447
1 186 370 203 414
1 100 374 119 420
1 41 189 84 297
1 18 198 46 267
1 192 201 219 269
1 171 201 188 242
1 187 205 200 238
1 168 203 182 240
1 156 200 173 244
1 69 200 96 265
1 15 201 34 251
1 89 201 100 227
1 19 31 52 114
1 35 41 65 114
1 81 51 106 114
1 60 49 86 115
1 136 47 163 113
1 178 35 208 109
1 154 39 183 113
3 9 501 42 547
3 100 467 119 489
3 145 475 164 500
3 41 499 64 528
3 103 353 145 445
3 121 356 137 371
3 0 257 22 299
3 107 240 169 298
3 143 194 156 225
3 153 199 162 227
3 35 201 45 241
3 99 200 106 222
3 79 159 181 300
3 52 41 62 61
3 62 38 74 53
3 85 39 102 53
3 100 39 119 58
3 106 52 123 77
3 118 44 131 61
3 131 39 141 55
3 125 52 144 73
3 142 33 161 53
3 171 59 213 124
3 145 65 177 118
3 117 60 153 121
3 78 61 125 120
3 41 68 101 134
5 0 201 20 239
