41
1 235 19 272 112
3 232 82 492 313
3 93 11 248 331
3 1 1 112 329
3 274 1 307 34
3 60 162 97 203
3 25 105 52 152
3 85 97 123 139
3 79 74 113 105
3 87 40 119 82
3 123 41 158 73
3 152 35 174 59
3 132 12 168 44
3 175 5 198 22
3 106 17 127 47
3 85 9 127 57
3 55 24 87 70
3 54 64 80 108
3 327 91 352 113
3 316 55 358 102
3 313 26 350 60
3 281 54 318 85
3 281 27 316 59
3 366 54 404 110
3 362 25 394 57
3 379 128 410 158
3 407 123 438 157
3 453 115 483 156
3 485 123 498 154
3 460 82 497 123
3 441 74 468 115
3 407 76 426 125
3 391 76 431 118
3 382 105 412 136
3 403 45 430 77
3 433 42 467 84
3 412 0 460 49
3 459 1 497 63
3 393 24 418 58
3 331 0 361 27
3 363 0 404 22
