66
1 49 166 80 242
1 64 167 97 249
1 82 171 110 242
1 99 167 130 244
1 106 162 137 241
1 120 169 150 242
1 142 175 169 242
1 154 168 183 240
1 169 174 193 236
1 181 169 209 238
1 201 172 226 236
1 214 170 243 242
1 246 175 270 236
1 255 168 282 233
1 268 164 293 224
1 280 167 308 235
1 299 174 325 237
1 310 177 336 240
1 324 174 352 242
1 336 173 363 242
1 352 176 378 239
1 366 172 395 244
1 383 174 409 240
1 406 177 432 244
1 426 176 454 245
1 439 174 465 241
1 455 192 476 246
1 467 178 494 247
1 493 168 527 250
1 186 193 206 241
3 134 160 151 184
3 178 168 189 182
3 183 162 193 169
3 196 165 207 176
3 199 174 209 183
3 231 168 243 184
3 237 166 253 193
3 252 161 264 178
3 295 169 303 181
3 301 166 311 180
3 312 167 323 180
3 322 171 334 193
3 335 165 346 181
3 353 163 377 185
3 371 169 378 182
3 383 170 392 183
3 391 164 402 176
3 404 167 422 189
3 457 170 474 190
3 471 165 488 177
3 411 223 436 260
3 375 211 404 259
3 351 212 378 258
3 324 204 355 255
3 301 206 322 251
3 259 200 279 221
3 279 197 301 219
3 265 218 287 249
3 283 208 302 256
3 241 215 262 248
3 229 218 243 246
3 212 214 229 250
3 197 209 212 250
3 168 203 197 252
3 533 169 548 213
4 164 156 182 171
