32
1 271 254 349 447
1 350 313 406 450
1 219 300 279 446
1 174 341 217 449
1 444 277 466 331
1 456 283 473 326
1 410 280 427 324
1 395 280 415 328
1 371 276 394 335
1 346 279 368 336
1 169 283 201 361
1 153 283 180 348
1 88 281 116 353
1 54 283 81 351
1 336 284 352 324
1 338 262 356 309
1 330 264 344 298
3 0 274 8 364
3 6 308 40 348
3 75 302 86 338
3 83 302 101 339
3 143 281 153 296
3 168 269 186 297
3 219 306 239 339
3 239 279 257 300
3 254 280 279 315
3 106 278 114 293
3 112 295 121 312
3 119 299 128 312
3 132 292 140 307
5 73 278 99 299
5 319 240 358 274
