34
1 0 318 158 785
1 170 308 253 512
1 101 305 166 466
1 100 304 128 372
1 134 307 177 413
1 218 320 274 460
1 237 300 284 418
1 259 297 301 401
1 280 309 312 390
1 306 313 334 383
1 328 301 347 351
1 309 247 500 714
1 427 286 529 535
1 507 306 547 406
1 502 302 527 366
1 546 297 580 380
1 535 302 566 381
1 564 301 591 366
1 564 291 640 539
1 171 304 191 356
1 185 308 201 347
1 0 325 22 412
1 94 309 108 343
1 584 295 609 355
1 90 311 100 338
1 75 306 87 337
3 4 314 28 334
3 228 301 248 320
3 360 300 378 332
3 422 294 440 323
3 439 302 455 323
3 484 298 509 320
3 517 289 528 306
3 534 296 551 317
