43
1 70 152 116 268
1 280 192 381 441
1 304 184 411 444
1 355 155 411 291
1 281 128 316 216
1 224 142 261 234
1 473 234 622 598
1 698 245 842 600
1 667 218 775 483
1 815 165 900 376
1 845 237 950 613
1 545 147 579 233
1 561 151 595 236
1 574 152 613 247
1 587 143 628 244
1 600 139 643 243
1 653 142 694 243
1 670 138 712 240
1 713 135 748 223
1 737 136 777 237
1 730 128 765 217
1 749 131 784 217
1 771 131 809 225
1 811 126 837 193
1 827 100 845 144
1 849 100 869 150
1 834 91 847 125
1 875 100 894 150
1 864 100 883 146
1 908 117 932 176
1 903 95 921 138
1 919 107 940 160
1 935 105 950 154
3 16 265 97 382
3 476 145 503 183
3 598 117 620 146
3 618 120 630 142
3 628 125 653 149
3 672 116 694 144
3 719 112 737 131
3 844 80 862 99
3 926 86 944 104
5 897 49 949 87
