39
1 44 305 141 541
1 110 297 208 538
1 157 302 253 539
1 187 295 287 541
1 219 258 312 485
1 272 292 373 538
1 308 265 412 521
1 337 301 431 533
1 393 303 481 521
1 420 306 514 539
1 473 282 576 535
1 508 286 611 540
1 562 278 658 513
1 597 291 700 542
1 641 300 740 543
1 686 292 787 541
1 737 286 840 541
1 769 295 865 533
1 803 250 899 484
1 839 296 935 533
1 873 277 968 510
1 906 298 1005 542
1 971 283 1074 537
1 1015 302 1112 542
3 51 289 80 340
3 201 243 235 279
3 272 251 305 289
3 430 260 481 303
3 477 234 509 278
3 508 247 545 284
3 544 238 570 272
3 565 252 589 290
3 592 244 619 273
3 618 252 645 286
3 654 232 700 287
3 734 255 774 294
3 817 233 845 288
3 922 222 971 270
3 983 257 1017 319
