102
1 561 228 612 352
1 508 221 528 269
1 490 221 507 264
1 461 222 483 275
1 411 224 432 278
1 339 224 379 322
1 255 222 286 298
1 217 227 242 290
1 193 229 215 283
1 178 225 202 286
1 158 226 183 287
1 129 222 164 308
1 36 231 62 296
1 65 230 90 291
1 84 228 111 295
1 100 228 123 284
1 116 229 140 291
1 246 226 256 252
1 297 227 306 248
1 310 225 319 247
1 321 225 330 248
1 337 225 346 247
1 361 225 381 274
1 53 228 77 287
1 16 231 41 293
1 7 231 30 289
1 0 232 11 289
1 369 216 376 234
1 376 216 382 231
1 383 215 389 231
1 390 213 397 232
1 452 218 458 234
1 462 216 469 234
1 478 215 486 234
1 487 214 495 234
1 499 214 507 234
1 520 216 525 231
1 510 215 517 232
1 526 214 535 237
1 536 213 544 233
1 544 214 551 231
1 553 213 559 231
1 561 214 569 234
1 571 212 579 233
1 580 213 586 231
1 589 212 598 233
1 598 212 606 232
1 610 215 615 230
1 620 213 628 235
1 631 212 639 231
1 641 213 647 231
1 691 187 699 210
1 652 211 660 231
1 665 211 673 234
1 677 211 685 234
1 688 210 698 234
1 700 210 709 233
1 713 210 721 231
1 728 211 735 231
1 739 211 748 232
1 764 210 771 229
1 778 210 786 231
1 743 219 766 278
1 760 218 784 278
1 776 217 800 278
1 469 226 485 265
3 753 211 761 222
3 730 223 739 235
3 706 222 718 234
3 689 222 700 236
3 653 226 663 236
3 639 219 657 239
3 631 223 641 234
3 607 220 618 235
3 599 228 608 240
3 591 222 603 238
3 571 222 580 236
3 553 220 564 237
3 538 219 550 240
3 522 228 530 237
3 506 223 517 234
3 500 224 506 235
3 458 225 467 234
3 396 226 404 236
3 388 226 395 235
3 373 227 380 236
4 155 172 172 196
4 178 183 193 197
4 205 160 214 177
4 196 163 202 174
4 187 158 194 175
4 181 157 187 173
4 166 157 174 172
4 161 153 166 169
4 174 166 182 181
4 150 161 158 181
4 195 187 208 198
4 202 175 213 193
4 215 189 226 199
4 219 177 228 193
4 220 168 227 183
5 260 221 351 241
