43
1 10 172 32 225
1 18 159 44 226
1 33 174 53 226
1 38 157 67 227
1 60 151 91 230
1 79 159 107 231
1 90 156 120 231
1 96 151 130 233
1 0 164 19 230
1 238 130 287 250
1 270 142 316 255
1 294 146 338 253
1 227 173 316 393
1 335 182 411 370
1 381 132 435 266
1 414 138 465 266
1 423 124 475 254
1 453 121 513 271
1 481 117 544 271
1 514 124 581 291
1 502 118 565 275
1 555 106 626 283
1 611 114 680 284
1 620 99 695 282
1 651 115 700 288
1 606 131 652 243
1 370 175 405 263
1 331 143 378 257
3 28 163 39 176
3 0 160 14 176
3 160 151 201 213
3 209 152 224 181
3 215 150 242 180
3 560 119 583 144
3 602 117 624 139
3 333 210 353 256
3 372 164 390 179
3 373 152 388 165
3 380 141 399 170
3 321 154 339 178
3 337 157 349 165
3 277 151 284 164
4 433 208 454 234
