46
1 0 113 56 268
1 0 116 29 235
1 37 112 71 194
1 50 112 92 217
1 87 116 139 245
1 112 114 149 208
1 145 112 214 283
1 153 112 198 224
1 203 108 247 215
1 224 110 285 258
1 279 113 328 235
1 321 115 395 299
1 316 104 363 222
1 371 115 434 268
1 402 115 447 245
1 277 126 300 184
1 268 111 296 179
1 315 112 344 183
1 374 119 401 186
1 229 113 255 177
1 200 113 224 172
1 185 113 210 175
1 143 116 167 175
1 130 116 153 174
1 75 121 98 177
1 82 113 107 175
1 267 116 291 175
1 362 125 386 184
3 53 114 66 132
3 121 100 129 116
3 139 103 150 128
3 148 106 160 120
3 163 102 176 118
3 156 123 165 140
3 163 116 170 133
3 33 114 42 130
3 7 112 17 125
3 184 115 191 127
3 289 108 299 128
3 262 118 272 149
3 267 117 274 129
3 363 113 374 131
3 317 114 325 135
3 409 116 423 143
3 436 117 446 146
3 409 116 414 128
