45
1 408 87 468 247
1 350 119 404 251
1 239 117 292 250
1 100 85 168 251
1 70 68 123 201
1 261 72 329 238
1 229 57 276 172
1 219 57 257 151
1 323 58 348 119
1 188 83 245 224
1 168 69 209 170
1 145 85 189 194
1 131 54 163 133
1 15 79 55 179
1 0 84 25 180
1 25 50 34 71
1 42 51 51 72
1 56 49 65 70
1 289 46 302 81
1 372 59 416 169
1 37 118 90 251
1 40 73 86 188
1 254 36 260 53
1 72 53 89 97
1 152 53 168 93
1 0 126 28 251
1 62 50 71 73
2 224 31 231 48
3 277 58 321 100
3 385 51 393 60
3 356 96 399 130
3 62 71 81 98
3 91 57 100 73
3 97 63 113 93
3 112 70 137 89
3 116 57 135 80
3 121 46 133 65
3 165 60 182 88
3 196 66 219 86
3 230 48 250 71
3 42 49 48 55
3 210 62 216 71
3 409 78 467 127
5 149 15 221 84
5 234 30 254 51
