67
1 0 128 37 249
1 43 158 83 255
1 98 126 147 248
1 130 137 177 254
1 174 111 231 250
1 198 129 247 249
1 242 189 264 243
1 286 141 330 249
1 270 142 313 250
1 332 113 392 261
1 324 191 344 243
1 427 177 456 249
1 406 177 435 251
1 453 125 500 250
1 463 89 500 260
1 3 93 19 134
1 78 88 92 126
1 90 93 104 130
1 92 88 107 124
1 114 89 128 126
1 164 86 180 127
1 189 88 204 127
1 214 88 229 125
1 275 92 288 126
1 283 97 294 127
1 290 88 306 129
1 304 92 319 128
1 260 139 303 246
1 353 134 397 242
1 379 153 411 233
1 451 194 469 239
1 401 188 422 242
1 0 94 7 129
1 452 65 464 96
1 477 71 486 94
1 489 70 499 97
1 480 105 492 137
1 451 120 462 148
1 450 103 464 137
1 465 102 476 132
1 457 100 469 131
1 435 103 445 128
1 448 101 458 129
1 404 64 414 89
1 411 67 421 92
1 460 68 470 93
3 123 119 133 141
3 129 105 142 124
3 146 87 160 102
3 203 115 216 131
3 222 130 239 142
3 270 130 285 142
3 290 127 300 140
3 273 111 287 127
3 296 111 309 127
3 336 97 346 110
3 350 100 356 115
3 378 129 387 142
3 434 130 445 142
3 428 186 434 197
3 447 185 452 195
3 419 86 430 102
3 430 86 440 106
3 436 87 446 107
3 441 87 448 106
5 95 119 111 162
5 438 121 453 131
