63
1 1 190 44 298
1 39 188 78 284
1 61 185 100 281
1 25 221 52 290
1 80 191 114 275
1 89 185 130 287
1 111 187 156 298
1 156 209 179 266
1 167 183 206 280
1 195 185 239 296
1 210 183 244 269
1 228 195 253 258
1 254 183 299 296
1 268 192 311 296
1 290 183 327 275
1 324 185 369 297
1 370 185 410 283
1 395 186 432 278
1 427 192 470 296
1 462 185 508 298
1 487 190 518 265
1 490 187 534 294
1 505 183 546 283
1 522 183 554 261
1 536 187 565 261
1 544 189 575 264
1 568 182 602 264
1 586 191 615 265
1 607 189 650 296
1 639 194 670 272
1 665 184 690 268
1 657 185 689 265
1 646 194 675 266
1 594 190 624 265
1 351 189 377 255
1 304 188 332 256
1 142 191 170 263
1 248 189 272 248
1 314 190 341 256
3 645 187 654 207
3 29 185 47 232
3 25 184 37 201
3 4 192 15 238
3 88 187 98 205
3 62 183 72 205
3 161 189 177 216
3 328 186 341 218
3 321 183 330 194
3 334 170 349 190
3 420 189 443 216
3 428 189 443 218
3 432 178 441 191
3 455 180 479 221
3 566 190 581 225
3 90 258 138 298
3 374 273 412 298
5 193 181 213 210
5 227 178 257 207
5 364 179 416 203
5 442 181 481 197
5 487 179 524 197
5 547 178 671 202
5 289 183 306 214
