86
1 489 291 578 509
1 549 289 620 466
1 586 289 647 437
1 617 286 666 408
1 656 282 700 393
1 676 281 716 379
1 707 281 743 370
1 716 282 749 362
1 730 282 758 354
1 747 282 774 349
1 782 280 800 330
1 768 280 788 329
1 760 278 781 333
1 752 281 776 341
1 323 289 399 477
1 407 288 465 433
1 461 286 513 412
1 500 282 533 365
1 528 284 565 376
1 651 281 678 346
1 180 282 246 444
1 278 287 331 417
1 321 286 358 378
1 370 282 399 353
1 395 284 412 329
1 459 282 489 359
1 456 284 479 342
1 492 280 518 343
1 553 279 574 334
1 252 285 287 370
1 267 284 310 389
1 244 285 267 343
1 223 285 251 355
1 175 285 206 363
1 161 282 185 343
1 143 286 172 356
1 107 287 149 393
1 82 285 137 422
1 75 284 103 353
1 53 287 88 375
1 19 291 65 404
1 17 282 46 353
1 0 288 30 371
1 406 286 440 368
1 405 284 432 349
1 441 284 456 324
1 316 232 324 253
1 447 199 452 214
1 473 200 479 215
1 240 231 246 249
1 391 200 397 217
1 429 202 433 215
1 167 268 174 287
1 158 267 164 285
1 182 294 228 409
1 314 288 332 331
1 453 286 474 339
1 745 280 762 325
3 306 283 332 309
3 371 283 382 305
3 368 285 374 297
3 111 286 160 310
3 198 287 206 299
3 222 285 238 300
3 258 285 269 301
3 276 285 282 295
3 386 284 393 296
3 436 283 447 295
3 490 285 503 295
3 535 282 542 295
3 573 282 586 292
3 596 282 607 301
3 604 283 617 295
3 619 283 637 299
3 635 282 660 305
3 642 281 656 299
3 682 280 691 298
3 637 282 646 291
3 569 282 573 288
3 139 269 144 276
3 161 285 168 295
3 131 273 137 285
3 112 271 116 280
5 309 209 318 219
5 700 280 715 341
5 0 282 154 320
