41
1 17 171 80 328
1 0 186 41 317
1 94 193 136 297
1 111 128 203 356
1 192 171 244 298
1 176 203 203 268
1 243 199 273 272
1 266 205 287 260
1 271 181 315 289
1 316 158 381 318
1 411 160 470 303
1 444 185 482 277
1 470 173 500 280
1 402 197 427 261
1 346 183 386 283
1 283 202 313 275
1 295 200 321 266
1 42 187 84 291
1 0 613 38 750
1 42 617 80 713
1 81 616 133 744
1 162 616 206 723
1 173 609 230 751
1 142 613 176 696
1 222 612 247 675
1 245 604 283 697
1 270 603 318 723
1 325 611 349 670
1 334 608 371 702
1 354 604 387 687
1 381 610 408 676
1 391 596 454 750
1 426 599 473 717
1 443 601 478 690
1 464 600 496 679
1 214 613 224 640
1 211 613 222 640
3 168 610 184 637
3 302 610 324 637
3 429 607 438 621
5 314 209 325 260
