43
1 313 97 420 361
1 556 142 600 318
1 530 177 580 300
1 486 182 535 301
1 509 174 561 301
1 460 180 511 304
1 417 179 468 304
1 4 202 49 314
1 50 199 98 316
1 111 199 157 315
1 550 160 600 303
1 435 183 481 296
1 285 10 300 49
1 302 14 318 55
1 355 34 373 77
1 346 25 365 75
1 577 21 596 69
1 366 46 379 77
1 479 0 489 27
1 580 0 590 26
1 523 58 545 112
1 540 59 562 114
1 492 39 511 89
1 455 56 474 103
1 427 67 447 115
3 467 186 479 206
3 2 201 21 233
3 0 210 11 276
3 43 230 53 256
3 41 212 56 235
3 423 186 435 208
3 287 162 303 183
3 294 144 317 183
3 397 0 409 18
3 394 18 407 30
3 409 10 425 36
3 433 0 449 17
3 540 22 555 51
3 566 38 577 53
3 443 175 466 202
3 509 172 529 208
5 0 0 296 210
5 369 18 599 205
