46
1 157 80 204 196
1 260 140 276 179
1 258 120 280 173
1 249 121 269 170
1 249 141 263 177
1 242 138 257 175
1 236 142 250 179
1 225 141 239 175
1 213 144 230 186
1 202 145 219 186
1 222 140 235 175
1 231 120 251 169
1 193 144 208 183
1 165 146 182 190
1 157 144 174 186
1 149 143 167 187
1 141 152 159 195
1 131 148 151 196
1 128 147 143 187
1 112 148 137 208
1 100 148 123 207
1 86 146 109 203
1 77 147 97 198
1 65 149 92 216
1 54 149 79 210
1 37 150 60 207
1 18 154 45 219
1 2 155 26 214
1 0 152 12 207
1 279 118 292 150
1 210 124 218 143
1 36 147 58 200
1 15 148 40 211
1 352 120 360 152
3 126 146 134 157
3 114 144 122 160
3 101 147 108 161
3 100 142 107 149
3 219 122 232 143
3 196 124 210 144
3 157 129 170 146
3 134 130 149 147
3 200 142 205 150
3 53 148 60 164
5 87 118 171 161
5 0 132 92 179
