38
1 52 212 115 365
1 97 211 155 356
1 126 204 187 352
1 154 207 211 348
1 173 209 230 348
1 197 212 252 348
1 223 213 277 346
1 260 217 311 341
1 309 209 363 343
1 282 209 333 333
1 344 208 397 341
1 375 212 427 338
1 402 208 454 334
1 432 218 479 335
1 468 216 518 341
1 499 212 553 343
1 534 211 590 351
1 579 206 588 230
3 261 209 281 247
3 314 210 332 236
3 348 212 369 286
3 460 210 485 250
3 495 206 520 246
3 77 266 137 380
3 128 260 183 377
3 162 265 196 346
3 183 270 225 362
3 216 270 252 360
3 234 268 286 366
3 281 270 321 369
3 317 266 360 369
3 354 268 393 365
3 389 269 450 374
3 442 271 495 384
3 494 282 548 388
3 541 272 599 393
4 273 183 288 200
5 380 204 424 217
