39
1 552 154 702 522
1 688 218 746 363
1 738 218 787 340
1 522 245 562 344
1 566 281 599 361
1 536 247 579 352
1 497 248 540 354
1 480 242 522 344
1 469 250 512 358
1 448 255 490 359
1 427 254 474 372
1 417 254 461 361
1 404 246 457 378
1 399 244 448 364
1 364 260 416 389
1 370 251 419 374
1 325 251 387 403
1 302 250 348 362
1 277 252 341 411
1 256 259 321 420
1 189 246 267 440
1 120 251 203 453
1 15 233 135 526
1 44 245 146 495
1 667 223 719 351
3 572 239 584 256
3 329 251 347 275
3 359 252 379 284
3 6 263 23 293
3 41 253 58 273
4 164 492 192 511
4 329 431 397 489
4 324 480 359 504
4 237 461 271 484
4 214 495 245 523
4 270 472 305 502
4 238 484 278 512
4 199 472 232 496
4 274 507 308 525
