36
1 108 260 155 375
1 87 273 130 378
1 35 280 73 376
1 25 267 69 375
1 418 271 458 369
1 402 262 444 368
1 452 271 489 362
1 475 267 516 368
1 495 262 537 367
1 177 236 217 334
1 198 244 235 335
1 211 253 250 349
1 231 258 271 355
1 266 256 307 357
1 283 252 327 359
1 311 253 348 347
1 334 239 373 334
1 293 245 332 340
3 70 270 96 331
3 40 309 102 394
3 447 307 505 383
3 0 363 22 410
3 67 371 115 410
3 163 358 225 410
3 248 367 307 409
3 358 372 404 410
3 454 372 493 410
3 527 375 549 410
3 240 285 298 365
3 202 222 231 255
3 238 230 248 246
3 257 252 281 285
3 239 240 262 266
3 276 239 290 264
3 299 215 337 256
3 288 231 299 247
