38
1 130 213 173 321
1 415 212 466 340
1 625 222 658 306
1 611 235 635 294
1 572 225 603 304
1 567 235 593 301
1 535 227 562 296
1 526 233 551 294
1 515 224 543 293
1 503 228 529 295
1 493 235 515 292
1 474 239 497 295
1 477 231 496 278
1 447 231 471 292
1 459 238 482 294
1 389 218 419 294
1 361 229 386 290
1 349 223 377 293
1 334 229 360 296
1 299 229 325 296
1 272 219 303 296
1 263 225 289 292
1 248 226 276 295
1 231 216 263 296
1 215 223 242 288
1 172 209 204 288
1 101 225 127 291
1 79 218 108 291
1 46 217 77 294
1 26 223 54 291
1 11 220 39 290
1 319 235 339 286
1 322 231 349 296
1 198 225 224 289
1 194 223 221 289
3 113 200 181 291
3 408 196 486 306
5 101 221 131 295
