51
1 0 54 37 171
1 22 59 70 177
1 19 51 66 168
1 71 70 114 178
1 63 51 113 174
1 119 63 168 186
1 86 104 135 224
1 155 72 201 187
1 151 53 193 157
1 192 71 239 187
1 216 68 258 173
1 229 71 279 194
1 268 78 313 191
1 294 69 348 202
1 306 66 356 191
1 327 77 380 208
1 345 73 389 182
1 398 75 450 204
1 386 89 433 205
1 433 91 483 213
1 444 78 492 196
1 489 92 537 212
1 518 80 573 215
1 532 95 584 223
1 566 88 616 211
1 597 88 648 213
1 638 89 692 220
1 668 86 700 225
1 564 143 634 314
1 457 143 523 307
1 357 132 419 287
1 267 137 316 259
1 185 116 239 247
1 84 104 136 232
1 34 194 97 350
1 73 210 126 341
1 129 210 192 365
1 512 224 591 416
1 460 222 534 405
1 394 215 470 403
1 348 208 422 390
1 271 209 340 381
1 216 210 279 366
1 171 210 230 353
1 159 200 219 349
1 485 15 505 63
1 514 13 528 49
3 111 57 138 113
3 192 62 228 116
3 272 69 293 106
3 483 78 522 135
