136
1 58 27 63 42
1 4 46 10 63
1 46 67 52 84
1 41 67 47 84
1 120 26 125 40
1 113 28 119 42
1 105 28 109 41
1 100 31 104 44
1 133 68 139 82
1 122 56 128 70
1 54 67 60 83
1 328 18 333 32
1 277 80 284 99
1 481 37 487 52
1 494 39 499 52
1 455 37 462 54
1 435 142 446 169
1 3 160 14 189
1 13 161 23 188
1 20 160 30 188
1 30 161 40 188
1 39 161 49 186
1 47 160 57 188
1 105 162 115 187
1 92 161 103 187
1 86 162 94 185
1 76 160 86 186
1 66 160 76 188
1 58 161 68 188
1 231 160 237 177
1 318 158 325 175
1 223 159 230 177
1 162 157 169 175
1 172 158 178 175
1 177 161 183 175
1 185 163 190 177
1 151 158 157 176
1 146 158 153 175
1 120 158 127 176
1 427 168 438 195
1 364 163 372 186
1 444 164 455 193
1 18 189 38 240
1 57 189 81 247
1 88 187 108 238
1 97 186 118 237
1 113 196 134 250
1 118 182 141 238
1 130 190 150 239
1 142 189 160 234
1 158 186 177 234
1 176 187 195 234
1 187 187 204 232
1 206 188 224 234
1 212 189 228 229
1 235 186 253 230
1 252 186 267 225
1 256 187 272 229
1 275 185 293 229
1 300 185 317 226
1 297 180 314 222
1 321 184 337 225
1 342 186 357 224
1 362 181 378 222
1 373 181 389 223
1 382 179 399 222
1 74 190 93 239
1 53 185 75 240
1 398 180 414 221
1 412 181 428 220
1 436 178 452 219
1 443 180 459 220
1 459 180 474 219
1 472 179 486 217
1 426 166 433 185
1 38 85 44 100
1 497 179 511 215
1 503 182 515 214
1 518 179 531 212
1 524 179 538 214
1 535 180 549 214
1 399 178 416 219
3 31 51 36 57
3 124 75 129 85
3 159 85 165 91
3 141 84 146 92
3 107 86 113 95
3 114 96 120 104
3 97 86 103 95
3 19 67 25 76
3 42 40 49 49
3 133 41 140 48
3 135 48 140 54
3 139 47 144 54
3 144 46 151 55
3 183 31 189 39
3 150 53 156 62
3 158 54 163 62
3 383 37 389 45
3 399 37 405 44
3 405 37 410 45
3 410 36 416 45
3 259 74 264 83
3 264 74 269 82
3 170 93 177 101
3 243 89 248 99
3 257 91 262 98
3 263 90 271 99
3 270 90 275 98
3 16 74 22 82
3 361 91 368 99
3 367 91 372 99
3 371 91 376 98
3 376 89 381 99
3 380 90 386 98
3 15 47 21 56
3 84 110 90 117
3 22 94 27 100
3 512 159 518 167
3 474 164 479 168
3 483 160 491 168
3 432 159 438 171
3 533 179 540 192
5 0 70 18 93
5 116 90 126 98
5 130 84 156 98
5 57 74 67 86
5 67 74 104 106
5 0 111 82 148
5 206 115 309 150
5 302 110 436 147
5 197 156 224 178
5 103 156 144 177
5 332 159 346 171
5 346 169 367 188
5 513 175 524 192
