42
1 221 18 275 149
1 221 130 275 262
1 189 194 238 317
1 257 188 310 319
1 295 157 343 275
1 165 158 206 259
1 259 80 310 208
1 194 76 246 203
1 59 180 85 247
1 43 179 69 246
1 24 193 47 249
1 4 182 30 248
1 0 185 19 245
1 32 185 57 245
1 75 196 95 247
1 85 198 104 247
1 107 198 126 245
3 1 212 26 253
3 17 213 36 249
3 36 219 51 249
3 57 187 65 193
3 77 185 91 200
3 89 185 97 192
3 91 190 98 198
3 97 196 108 214
3 103 195 113 210
3 103 211 119 246
3 133 212 152 245
3 349 188 371 245
3 376 189 398 239
3 396 190 417 241
3 419 182 436 238
3 435 186 452 239
3 453 185 477 238
3 453 173 474 202
4 422 18 476 95
4 320 116 367 194
4 422 142 457 177
4 384 106 438 182
4 64 106 91 164
4 123 173 151 219
4 113 132 163 165
