31
1 3 148 52 267
1 31 169 82 293
1 45 148 89 257
1 67 133 134 296
1 111 149 161 271
1 140 147 190 270
1 167 143 229 295
1 198 139 252 272
1 219 144 279 293
1 268 133 331 287
1 319 154 374 288
1 372 174 418 289
1 389 149 444 284
1 423 135 477 269
1 456 137 517 286
1 486 162 544 306
1 491 138 552 287
1 526 131 590 289
1 568 145 631 301
1 635 138 687 266
3 149 128 196 174
3 242 104 291 174
3 306 99 362 187
3 345 107 366 160
3 362 134 400 200
3 402 128 450 176
3 408 209 476 315
3 21 212 82 323
3 150 212 208 325
3 243 212 301 322
4 580 20 619 72
