111
1 0 185 38 313
1 61 185 115 317
1 21 149 79 294
1 126 230 218 454
1 348 242 413 400
1 304 226 379 410
1 493 235 601 498
1 115 147 176 299
1 199 144 262 300
1 256 193 312 329
1 367 195 415 312
1 293 152 350 292
1 356 77 400 187
1 370 37 421 165
1 378 142 442 298
1 387 119 446 266
1 458 185 517 329
1 447 85 505 226
1 468 55 518 178
1 484 154 546 306
1 504 120 554 241
1 547 84 607 232
1 566 201 624 344
1 588 147 655 312
1 572 46 627 180
1 610 131 667 271
1 635 85 696 234
1 655 116 708 249
1 668 57 723 191
1 691 152 755 311
1 687 134 735 254
1 707 204 763 344
1 736 91 794 236
1 760 54 818 196
1 792 125 855 279
1 828 208 886 351
1 830 152 879 272
1 840 65 889 184
1 739 0 773 84
1 270 91 321 215
1 204 119 248 226
1 267 60 316 183
1 121 61 160 159
1 139 82 175 170
1 81 86 136 222
1 63 61 112 183
1 38 88 85 203
1 21 64 61 163
1 0 90 36 209
1 900 170 940 356
3 51 464 257 624
3 64 402 281 590
3 1 482 86 577
3 0 410 61 501
3 242 457 453 624
3 220 405 388 529
3 225 374 265 441
3 22 372 61 466
3 19 379 84 445
3 39 398 148 528
3 65 321 119 385
3 104 349 127 385
3 125 343 147 383
3 55 349 136 408
3 202 322 227 360
3 203 327 272 388
3 250 323 282 355
3 279 317 314 358
3 258 349 318 404
3 285 377 360 513
3 391 310 437 375
3 351 355 422 403
3 364 357 464 424
3 423 385 460 436
3 371 431 496 623
3 436 312 469 357
3 468 315 520 381
3 452 343 493 424
3 472 458 652 625
3 588 402 646 502
3 627 384 684 452
3 666 396 707 444
3 605 452 694 624
3 670 420 739 539
3 641 467 836 625
3 757 411 788 453
3 777 456 879 625
3 806 424 858 501
3 797 381 870 453
3 847 397 940 536
3 568 334 606 427
3 582 329 612 383
3 626 346 650 386
3 647 323 690 389
3 689 347 724 416
3 702 326 720 353
3 716 330 767 443
3 722 319 746 351
3 3 300 106 386
3 55 296 76 330
3 169 176 240 261
3 830 95 887 181
3 301 122 352 184
3 198 83 256 158
3 207 51 253 116
3 121 116 176 181
3 94 61 126 109
3 46 119 84 191
3 14 66 37 107
3 0 56 33 113
3 913 127 940 202
