104
1 119 170 188 338
1 220 172 269 292
1 306 186 352 301
1 357 174 439 375
1 708 194 750 304
1 700 178 740 275
1 0 189 22 287
1 0 178 37 287
1 21 193 60 288
1 37 184 78 285
1 51 187 92 287
1 75 184 117 287
1 96 190 136 288
1 146 188 189 293
1 179 192 219 290
1 200 182 227 248
1 242 198 276 284
1 291 196 325 282
1 423 191 448 252
1 163 196 192 266
1 216 209 248 289
1 124 191 164 290
1 296 186 303 203
1 437 181 454 222
1 442 193 463 244
1 467 190 501 275
1 525 206 558 287
1 521 190 547 255
1 562 187 573 215
1 550 196 572 249
1 578 191 599 243
1 646 182 654 205
1 630 205 664 289
1 670 181 685 220
1 672 197 708 285
1 503 187 509 203
1 510 186 517 206
1 515 185 522 204
1 524 186 530 202
1 493 186 500 204
1 694 182 700 199
1 623 187 632 208
1 628 187 636 206
1 634 185 641 203
1 661 193 680 240
1 686 184 692 198
1 692 190 720 262
3 22 183 36 198
3 64 180 73 189
3 78 190 86 204
3 96 186 108 203
3 119 187 133 210
3 170 182 182 202
3 178 181 190 196
3 195 188 206 212
3 216 190 232 224
3 256 188 264 197
3 261 185 274 211
3 311 192 322 215
3 267 223 298 287
3 268 201 295 223
3 274 194 285 210
3 286 189 301 213
3 295 210 302 220
3 353 189 370 218
3 345 243 375 296
3 415 178 434 213
3 418 251 447 296
3 435 235 448 252
3 448 229 464 250
3 450 240 475 298
3 462 197 474 226
3 475 237 501 297
3 498 261 545 300
3 514 225 531 252
3 521 183 545 205
3 546 188 560 212
3 540 240 573 299
3 563 221 571 238
3 567 230 592 258
3 572 242 606 298
3 590 227 611 263
3 600 223 610 241
3 600 207 614 222
3 608 237 636 303
3 647 200 657 214
3 637 236 674 301
3 624 226 642 251
3 614 226 627 237
3 610 215 625 238
3 671 239 708 303
3 485 185 492 194
3 659 221 669 233
3 666 218 674 232
3 731 180 737 186
3 736 183 743 200
3 744 185 749 205
5 35 186 50 200
5 113 188 125 201
5 343 182 374 219
5 427 160 541 179
5 546 186 554 200
5 562 187 585 206
5 584 184 626 209
