51
1 0 64 65 232
1 24 70 84 219
1 68 69 118 194
1 112 65 164 193
1 109 77 153 185
1 99 86 129 160
1 142 75 198 213
1 153 61 226 240
1 188 73 247 218
1 214 84 256 189
1 0 75 21 154
1 229 86 263 169
1 243 86 274 164
1 251 82 293 187
1 266 75 326 224
1 274 60 351 250
1 334 73 412 267
1 330 87 374 194
1 323 86 360 177
1 402 88 444 192
1 446 91 491 200
1 465 96 497 190
1 398 93 432 179
1 386 94 420 178
1 248 86 282 170
1 440 94 467 162
1 434 82 449 120
1 426 98 446 149
3 3 70 25 101
3 66 79 83 98
3 77 84 87 92
3 115 77 131 98
3 174 72 185 91
3 206 76 213 91
3 225 81 232 97
3 230 85 238 102
3 278 88 287 101
3 40 76 48 90
3 0 76 8 101
3 388 98 399 113
3 405 81 416 97
3 487 97 496 114
3 459 93 466 109
3 445 95 451 107
3 427 83 438 97
3 416 83 424 93
3 414 93 422 105
3 463 89 469 93
3 385 79 395 98
5 101 83 113 96
5 250 95 256 133
