157
1 7 217 27 267
1 17 204 39 258
1 42 195 62 244
1 62 188 78 227
1 11 248 39 317
1 41 228 65 288
1 62 216 85 272
1 86 204 105 254
1 98 195 117 244
1 113 186 131 233
1 25 294 65 391
1 65 271 96 347
1 92 249 119 315
1 113 229 139 292
1 126 214 150 272
1 139 205 161 258
1 151 193 171 245
1 163 185 183 237
1 114 301 153 396
1 144 270 175 349
1 159 247 187 318
1 170 227 197 292
1 179 213 202 271
1 191 202 213 257
1 198 192 218 244
1 201 183 221 231
1 212 304 250 396
1 228 267 258 343
1 236 244 265 318
1 245 211 266 263
1 315 302 354 397
1 318 265 345 332
1 315 244 336 297
1 312 227 332 277
1 414 303 449 391
1 404 266 434 342
1 386 242 415 312
1 380 227 404 285
1 370 213 394 272
1 366 200 382 241
1 357 184 375 230
1 402 183 422 231
1 414 195 432 241
1 421 203 442 254
1 432 211 456 273
1 439 226 465 289
1 457 245 483 311
1 478 266 509 342
1 509 300 545 387
1 525 241 549 303
1 501 225 526 286
1 488 215 509 269
1 476 204 497 258
1 463 195 481 241
1 450 184 468 228
1 504 193 523 240
1 519 203 540 256
1 533 213 550 267
1 146 344 187 447
1 348 342 392 451
1 40 153 53 185
1 55 155 69 189
1 78 148 90 180
1 88 153 102 189
1 103 164 112 189
1 108 154 122 188
1 111 150 124 185
1 122 153 136 187
1 131 152 143 182
1 125 148 138 183
1 149 152 161 184
1 157 150 171 185
1 165 151 179 186
1 181 167 190 188
1 174 150 189 187
1 184 150 197 183
1 190 152 203 187
1 197 153 210 188
1 226 115 235 139
1 196 117 206 141
1 230 154 242 184
1 246 159 257 185
1 254 154 265 182
1 262 150 275 182
1 270 151 283 182
1 283 151 295 181
1 292 147 306 181
1 300 150 313 181
1 307 153 318 183
1 321 151 332 181
1 329 157 339 183
1 335 157 347 186
1 341 154 354 185
1 351 155 361 183
1 359 151 372 184
1 365 151 378 182
1 374 159 384 183
1 391 154 402 183
1 434 149 448 183
1 386 149 399 182
1 427 151 439 182
1 277 103 285 122
1 218 151 232 186
1 351 112 359 134
1 452 148 467 184
1 461 149 474 180
1 468 152 480 185
1 470 154 483 188
1 476 151 489 183
1 485 150 498 184
1 493 151 507 186
1 507 154 520 188
1 447 153 460 185
1 515 151 528 186
1 522 159 533 186
1 500 151 512 183
1 474 163 482 185
3 228 227 276 256
3 240 200 277 225
3 237 190 280 213
3 246 184 269 204
3 296 211 346 238
3 311 201 332 224
3 300 190 339 217
3 303 183 338 204
3 351 192 391 216
3 61 154 70 167
3 144 146 154 164
3 147 155 151 167
3 139 163 154 188
3 171 145 176 153
3 174 149 179 158
3 183 145 195 156
3 208 161 222 179
3 255 169 263 183
3 263 172 273 186
3 241 171 251 186
3 396 146 405 160
3 400 162 408 184
3 408 163 418 184
3 417 167 425 184
3 424 168 436 184
3 289 105 294 114
3 483 146 489 157
3 490 144 495 151
3 503 144 510 155
3 520 88 525 96
3 526 101 532 110
3 278 167 287 185
3 313 163 324 184
3 316 170 323 183
5 195 142 282 171
5 236 104 272 145
5 301 107 335 144
5 522 146 549 190
5 444 145 454 185
5 278 135 440 177
