33
1 290 129 438 493
1 389 126 481 352
1 460 133 493 213
1 475 143 503 214
1 496 143 531 230
1 523 140 556 223
1 539 147 569 223
1 558 145 589 223
1 585 146 618 226
1 616 155 645 226
1 678 162 707 236
1 696 159 728 239
1 651 150 680 223
3 8 192 80 270
3 123 204 188 277
3 215 203 261 252
3 308 123 326 148
3 269 129 287 154
3 246 122 272 155
3 234 122 249 146
3 199 129 217 151
3 207 148 233 171
3 184 123 197 153
3 168 127 188 157
3 143 111 164 130
3 145 132 176 168
3 109 114 131 139
3 115 137 140 170
3 53 132 79 166
3 30 136 51 170
3 0 142 16 172
3 304 147 337 192
5 456 124 750 241
