32
1 0 208 46 338
1 76 190 131 325
1 142 190 197 326
1 200 177 262 328
1 84 231 206 532
1 254 196 358 453
1 356 189 443 405
1 463 198 591 513
1 535 192 639 446
1 600 184 695 416
1 817 181 951 510
3 185 158 209 192
3 588 197 616 232
3 655 204 673 232
3 641 195 655 219
3 663 173 681 197
3 682 165 703 196
3 668 206 688 231
3 685 199 706 227
3 730 167 749 187
3 750 157 774 187
3 780 162 800 193
3 769 195 791 233
3 748 190 768 221
3 725 203 744 235
3 819 195 834 225
3 890 199 912 228
3 909 185 934 214
3 948 188 973 213
3 974 188 998 218
3 994 177 1020 212
4 105 162 132 194
