177
1 65 441 90 502
1 78 473 99 527
1 51 412 73 469
1 14 387 36 442
1 33 319 51 364
1 17 301 34 345
1 0 283 17 326
1 63 275 80 320
1 46 262 63 305
1 32 247 49 290
1 14 231 30 273
1 5 220 22 262
1 61 335 81 383
1 81 353 103 406
1 100 380 117 425
1 129 399 152 455
1 154 423 178 482
1 197 456 221 515
1 216 483 236 533
1 98 292 115 337
1 117 307 136 353
1 137 328 155 375
1 169 347 189 395
1 182 363 205 420
1 227 389 249 446
1 258 411 281 468
1 292 443 316 503
1 319 470 343 530
1 381 428 406 488
1 410 458 435 520
1 346 396 370 458
1 309 378 331 435
1 285 358 305 410
1 247 337 267 386
1 217 317 237 365
1 184 305 201 349
1 173 289 189 330
1 148 271 167 317
1 126 257 144 300
1 110 244 127 288
1 80 232 94 270
1 69 214 86 256
1 36 209 51 246
1 18 185 32 223
1 0 177 9 211
1 571 477 593 530
1 522 451 543 505
1 487 419 510 478
1 438 393 461 450
1 400 370 422 423
1 362 352 381 401
1 328 328 348 378
1 300 311 317 356
1 266 301 280 339
1 239 283 257 327
1 217 264 235 309
1 197 253 213 293
1 181 240 197 281
1 144 225 159 261
1 130 212 145 252
1 108 205 122 241
1 91 197 104 232
1 81 184 94 216
1 59 173 72 208
1 49 163 63 199
1 33 157 45 190
1 10 148 22 180
1 0 138 11 173
1 1 110 12 136
1 16 118 26 146
1 27 124 40 156
1 39 132 49 159
1 50 137 63 170
1 73 146 85 176
1 85 151 98 184
1 101 161 113 193
1 125 170 138 204
1 137 177 151 215
1 157 188 173 227
1 170 199 185 238
1 184 207 199 247
1 216 219 231 258
1 237 232 254 274
1 257 247 273 286
1 286 260 301 300
1 323 277 339 316
1 335 289 352 332
1 378 304 396 351
1 409 321 428 369
1 443 343 463 392
1 473 359 494 413
1 512 379 535 436
1 572 407 596 468
1 598 440 619 493
1 598 375 619 428
1 659 398 683 460
1 688 424 715 490
1 734 387 758 447
1 678 366 699 421
1 646 354 664 401
1 586 325 607 377
1 553 309 572 355
1 546 350 569 407
1 519 330 540 382
1 509 294 526 337
1 529 273 546 316
1 505 259 521 301
1 483 277 499 319
1 480 311 502 364
1 453 302 471 346
1 413 281 432 327
1 448 264 464 304
1 426 250 442 290
1 443 232 458 270
1 476 243 492 285
1 382 239 399 280
1 385 271 401 310
1 343 255 358 294
1 358 228 373 267
1 416 221 430 258
1 388 211 403 247
1 361 197 376 237
1 334 214 348 252
1 327 245 341 283
1 296 229 310 267
1 316 202 330 240
1 284 191 299 229
1 277 215 293 257
1 249 205 264 245
1 240 196 254 231
1 214 189 226 222
1 250 174 263 209
1 269 185 282 217
1 225 164 239 199
1 186 175 201 212
1 177 166 190 198
1 152 157 167 193
1 756 361 775 410
1 719 337 740 388
1 734 315 753 363
1 761 286 779 331
1 773 265 791 310
1 785 328 799 378
1 698 293 716 338
1 710 273 728 319
1 734 257 750 297
1 756 234 774 278
1 661 322 678 366
1 656 280 674 325
1 669 264 684 302
1 692 241 708 281
1 628 302 646 345
1 639 247 656 290
1 625 221 638 255
1 649 204 663 240
1 604 236 619 272
1 611 271 623 303
1 579 288 594 326
1 574 252 591 294
1 589 210 604 246
1 558 222 575 264
1 539 235 557 280
1 520 231 533 266
1 487 213 502 253
1 501 203 516 241
1 450 203 464 240
1 472 195 486 231
1 430 198 443 231
1 399 190 413 225
3 107 497 134 532
3 271 510 295 532
3 371 489 396 530
3 524 515 548 530
3 713 485 739 524
3 648 504 673 527
5 4 2 471 232
5 476 0 795 261
