36
1 40 156 89 279
1 61 158 106 268
1 88 155 133 265
1 125 158 165 259
1 148 156 190 259
1 164 153 211 268
1 214 160 255 263
1 231 160 277 276
1 260 188 302 290
1 278 162 331 291
1 323 189 364 291
1 363 193 411 312
1 401 188 448 305
1 417 182 466 304
1 451 166 511 313
1 468 219 521 352
1 499 208 556 350
3 406 165 425 188
3 384 173 403 203
3 349 155 368 184
3 352 173 369 198
3 319 154 344 190
3 277 150 296 174
3 203 144 225 177
3 101 220 125 251
3 94 256 125 345
3 121 210 140 238
3 137 208 176 255
3 129 255 171 325
3 200 250 242 334
3 198 211 222 247
3 241 252 275 333
3 278 249 310 338
3 334 261 368 349
3 374 264 405 324
3 404 265 451 341
