38
1 28 204 61 286
1 1 171 30 243
1 67 206 106 302
1 106 186 146 283
1 136 186 163 252
1 178 159 216 253
1 169 139 202 223
1 215 148 248 230
1 218 110 239 162
1 247 112 271 174
1 255 138 280 200
1 266 112 291 172
1 284 87 303 134
1 285 121 311 184
1 302 111 323 162
1 410 89 435 150
1 503 89 528 151
1 552 99 573 154
1 638 99 662 158
3 612 97 634 131
3 587 98 614 132
3 570 97 584 121
3 471 93 491 116
3 456 93 469 117
3 438 94 458 115
3 350 155 440 230
3 345 195 423 248
3 322 226 425 294
3 248 258 361 324
3 190 274 313 350
3 51 335 215 407
3 4 225 41 313
3 77 176 99 199
3 100 183 118 207
3 120 163 134 183
3 147 163 165 182
3 193 144 207 160
3 530 95 548 117
