37
1 100 174 220 470
1 340 187 406 350
1 9 180 69 328
1 477 188 520 295
1 503 182 551 301
1 538 199 583 311
1 553 179 620 343
1 577 173 640 329
1 616 187 682 347
1 645 184 709 340
1 662 247 705 353
1 685 202 751 364
1 706 187 781 370
1 735 192 800 385
1 216 190 246 266
1 239 183 272 266
1 276 187 308 265
1 302 218 321 265
1 300 183 331 262
1 46 184 96 309
3 165 142 211 200
3 378 162 407 201
3 752 168 776 198
3 785 193 800 222
3 553 179 572 200
3 296 178 312 199
3 326 174 345 204
3 355 176 368 191
3 238 182 249 202
3 212 171 222 189
3 530 193 543 209
3 692 173 717 200
3 48 182 73 209
3 50 160 68 183
3 3 172 28 203
5 5 154 485 313
5 482 163 729 375
