34
1 1 279 19 324
1 20 312 46 377
1 24 302 51 371
1 76 280 95 328
1 110 295 137 361
1 124 305 151 371
1 137 280 154 322
1 195 270 215 320
1 221 287 248 356
1 238 296 266 368
1 298 282 326 350
1 334 294 360 360
1 421 275 449 345
1 453 283 485 361
1 483 247 500 289
1 497 250 516 296
1 515 259 534 305
1 540 248 555 286
1 545 270 574 340
1 561 250 580 297
1 580 259 598 303
1 405 260 424 310
1 390 257 407 300
1 352 259 375 315
1 383 251 401 295
1 373 247 390 288
1 343 257 361 302
1 334 253 351 297
1 327 250 343 289
1 307 265 326 313
1 249 269 267 315
1 275 246 291 285
5 2 186 349 308
5 350 181 598 300
