30
1 723 115 749 190
1 656 122 683 190
1 565 114 596 192
1 523 112 554 191
1 498 112 536 205
1 477 110 513 198
1 459 108 491 186
1 399 182 473 363
1 278 207 366 425
1 234 203 331 439
1 187 197 276 416
1 127 203 221 434
1 59 178 146 390
1 5 173 104 414
1 0 177 80 385
1 5 101 33 172
1 64 107 99 193
1 348 115 384 203
1 373 47 399 113
1 352 61 374 115
1 411 70 433 125
1 652 22 680 91
3 41 91 66 116
3 5 81 28 107
3 121 94 145 127
3 162 94 190 126
3 299 131 338 180
3 78 86 98 106
5 94 3 405 122
5 408 2 747 120
