32
1 0 130 10 157
1 70 114 80 142
1 87 115 99 146
1 125 107 135 134
1 130 116 143 148
1 151 111 163 140
1 159 118 171 148
1 191 122 203 151
1 179 143 192 175
1 188 145 202 179
1 385 30 395 54
1 409 18 418 41
1 448 81 461 115
1 341 173 354 207
1 316 137 329 170
1 315 158 329 195
1 297 137 311 172
1 289 145 304 184
1 283 192 295 222
1 262 167 276 204
1 239 167 251 198
1 232 154 243 184
1 222 151 235 182
1 213 161 225 194
1 199 161 212 195
1 174 230 191 271
1 158 162 174 201
1 136 164 148 194
1 115 184 127 214
1 94 167 108 201
1 86 204 100 242
1 43 249 57 284
