55
1 23 235 68 346
1 50 248 99 367
1 488 238 535 355
1 448 238 495 353
1 418 242 462 350
1 390 242 434 353
1 360 248 401 351
1 332 242 377 352
1 308 246 353 357
1 275 244 321 356
1 249 248 293 355
1 223 246 266 351
1 199 244 243 353
1 172 245 216 354
1 143 241 189 355
1 118 243 162 351
1 91 241 137 354
3 73 230 89 247
3 85 239 97 261
3 95 223 114 246
3 125 222 142 242
3 121 236 133 254
3 145 233 163 258
3 172 236 187 257
3 182 228 198 247
3 202 238 217 260
3 222 235 237 253
3 232 232 243 249
3 249 238 264 260
3 261 231 275 249
3 276 233 290 254
3 290 219 307 243
3 304 232 318 254
3 315 233 329 253
3 334 231 349 252
3 363 228 379 251
3 379 233 393 258
3 391 229 405 255
3 411 232 426 254
3 424 225 439 243
3 442 235 458 260
3 453 229 472 252
3 484 227 500 252
3 468 290 518 374
3 420 288 460 364
3 384 286 423 355
3 346 286 384 359
3 314 286 345 364
3 281 284 312 363
3 257 287 287 357
3 223 286 254 359
3 189 291 225 363
3 159 289 190 365
3 116 284 150 353
3 82 283 111 358
