28
1 8 191 76 356
1 116 168 193 357
1 237 208 298 356
1 253 210 313 358
1 288 181 360 356
1 313 214 370 355
1 356 218 412 356
1 399 219 455 355
1 416 210 476 357
1 448 217 506 358
1 500 215 557 356
1 541 222 595 354
1 575 234 625 357
1 600 223 654 355
1 651 226 703 355
1 634 238 680 353
1 558 241 605 355
1 696 246 740 353
1 711 231 760 353
1 758 271 791 352
1 776 241 820 352
1 803 249 845 353
1 823 236 869 352
1 861 232 911 353
1 911 247 953 353
1 835 331 918 535
4 51 207 111 354
4 88 233 142 355
