33
1 0 180 50 311
1 80 159 151 335
1 107 170 158 296
1 209 171 262 303
1 233 163 308 348
1 318 164 366 283
1 364 160 424 310
1 395 159 478 363
1 446 156 499 289
1 503 161 570 328
1 540 171 579 267
1 304 178 339 264
1 25 180 55 253
1 45 176 76 251
1 64 175 94 251
1 145 177 171 241
1 165 182 185 234
1 183 191 199 233
1 201 187 218 231
1 188 173 212 231
1 293 172 315 229
1 497 167 525 237
1 561 160 592 238
1 358 174 382 232
3 159 216 180 241
3 176 217 189 240
3 177 209 187 222
3 187 210 200 238
3 197 210 208 237
3 207 209 219 236
3 82 178 93 191
3 91 174 102 188
3 178 175 189 196
