33
1 10 160 60 284
1 35 150 89 282
1 75 148 128 281
1 107 159 157 283
1 143 159 192 281
1 161 193 198 284
1 191 209 220 282
1 180 164 229 283
1 205 147 261 283
1 264 148 319 284
1 322 165 372 287
1 346 161 398 289
1 248 324 302 459
1 389 305 447 450
1 442 328 500 470
1 484 324 529 435
1 379 161 431 290
1 406 168 453 286
1 464 165 514 289
1 483 167 531 285
1 532 171 578 287
1 529 157 583 289
1 581 167 630 288
1 625 159 679 291
1 665 176 711 289
1 702 176 748 290
1 701 329 757 466
1 740 164 791 292
1 789 196 827 290
1 815 217 845 290
1 779 156 810 232
3 805 172 838 212
3 721 157 749 208
