36
1 17 266 83 429
1 179 299 233 432
1 197 218 273 406
1 317 204 384 371
1 333 194 409 383
1 409 219 481 397
1 428 214 497 385
1 265 143 315 268
1 230 131 265 216
1 205 132 241 219
1 176 131 214 223
1 149 136 185 223
1 181 194 246 354
1 148 199 210 350
1 308 133 357 256
1 452 138 514 290
3 3 195 28 237
3 30 132 43 152
3 75 135 98 159
3 114 135 148 168
3 167 126 187 152
3 256 131 277 158
3 469 197 503 240
3 434 189 461 215
3 404 151 430 190
3 384 191 414 223
3 367 172 387 199
3 386 125 409 155
3 440 129 461 154
3 425 161 450 187
3 544 123 560 149
3 579 118 606 143
4 284 92 311 134
4 340 96 361 147
4 318 70 341 99
4 366 95 383 121
