29
1 27 158 95 323
1 71 133 121 258
1 89 152 149 299
1 232 157 285 290
1 149 180 209 328
1 177 144 242 302
1 197 214 243 328
1 326 194 380 329
1 279 152 332 281
1 257 115 299 221
1 318 143 364 257
1 344 130 393 249
1 380 110 418 203
1 399 133 453 264
1 426 109 458 189
1 455 102 488 184
1 455 148 500 295
3 280 109 295 140
3 289 130 307 152
3 231 118 250 159
3 206 116 223 138
3 323 122 341 143
3 343 107 362 146
3 368 105 383 145
3 479 101 494 133
4 389 260 442 320
5 11 1 267 92
5 264 35 388 87
5 380 3 491 61
