39
1 293 71 345 201
1 251 69 301 191
1 210 69 252 175
1 265 69 311 184
1 0 73 33 167
1 10 84 45 170
1 27 82 62 169
1 43 78 79 167
1 61 81 97 168
1 81 81 117 170
1 99 74 137 169
1 120 76 157 169
1 134 69 173 166
1 153 76 189 166
1 163 81 198 166
1 180 84 213 166
1 199 75 235 165
1 243 71 288 180
3 7 124 32 182
3 34 121 63 180
3 61 116 85 185
3 78 113 103 182
3 100 114 127 181
3 127 115 152 186
3 150 114 180 184
3 180 115 209 185
3 207 116 236 187
3 25 72 37 89
3 35 66 47 82
3 67 74 78 89
3 84 77 93 93
3 95 66 105 84
3 101 73 114 93
3 124 69 134 90
3 170 63 183 79
3 185 73 195 87
3 200 65 207 80
3 204 73 213 87
3 236 67 251 85
