32
1 19 173 111 400
1 154 121 275 418
1 164 219 252 434
1 235 207 313 400
1 253 158 349 392
1 289 211 358 382
1 312 142 409 378
1 343 159 429 369
1 388 222 452 381
1 422 217 484 372
1 454 214 511 356
1 437 164 510 345
1 540 197 583 304
1 543 146 640 383
1 605 170 665 319
1 656 190 690 284
1 128 180 151 238
1 79 166 109 240
1 242 182 274 261
3 252 163 269 181
3 266 180 283 203
3 316 168 330 194
3 403 164 430 224
3 439 163 469 203
3 505 194 535 225
3 519 237 553 315
3 490 171 508 198
3 505 169 531 196
3 523 166 546 195
3 539 168 558 201
3 553 173 571 199
3 617 164 638 194
