116
1 21 116 68 234
1 35 89 78 193
1 62 65 94 143
1 85 77 113 145
1 96 75 123 143
1 107 71 137 146
1 164 72 195 148
1 183 76 213 151
1 190 75 218 147
1 271 76 303 154
1 292 75 323 150
1 321 73 351 150
1 338 77 368 153
1 350 77 380 154
1 377 73 413 160
1 384 70 418 153
1 402 78 433 153
1 426 71 461 158
1 448 73 482 156
1 432 90 480 210
1 356 104 403 221
1 307 89 354 207
1 266 117 318 246
1 225 108 272 225
1 209 84 255 197
1 147 85 193 198
1 122 116 175 246
1 122 76 149 145
1 21 82 42 136
3 2 60 15 73
3 15 58 29 75
3 8 67 18 77
3 21 72 32 82
3 17 81 28 93
3 13 81 21 94
3 5 79 16 93
3 0 80 9 93
3 1 99 13 133
3 3 94 13 112
3 0 94 26 145
3 30 61 38 71
3 34 59 45 75
3 31 70 41 83
3 33 76 46 107
3 39 72 49 88
3 46 74 58 93
3 41 66 51 77
3 45 57 57 71
3 52 70 65 84
3 57 67 71 103
3 71 62 84 74
3 85 64 94 85
3 93 66 106 77
3 102 52 113 72
3 119 62 132 77
3 127 71 135 85
3 128 63 137 75
3 136 61 146 75
3 137 71 149 84
3 144 68 162 95
3 151 71 161 84
3 156 58 169 70
3 160 72 171 87
3 169 65 180 81
3 187 64 200 82
3 202 64 216 81
3 205 68 222 91
3 216 69 227 88
3 213 60 226 78
3 223 72 234 84
3 233 71 249 99
3 239 73 262 107
3 239 58 256 73
3 254 58 264 76
3 258 63 269 75
3 255 70 266 83
3 255 71 281 109
3 265 92 283 142
3 272 68 285 85
3 287 60 296 73
3 285 66 299 96
3 291 69 305 100
3 296 60 307 74
3 304 59 318 79
3 311 70 320 88
3 293 31 312 57
3 304 37 318 59
3 317 36 339 68
3 317 63 332 76
3 319 71 329 87
3 335 62 348 79
3 336 73 350 88
3 339 55 352 72
3 348 61 360 78
3 360 58 373 78
3 366 63 380 87
3 375 72 387 90
3 383 61 399 74
3 398 60 415 78
3 413 63 428 82
3 421 67 436 81
3 422 73 438 92
3 426 44 448 67
3 445 44 459 69
3 455 47 470 67
3 470 41 482 60
3 477 57 483 74
3 467 67 478 86
3 475 68 483 87
3 442 61 456 79
3 112 70 123 86
3 19 101 66 161
3 118 91 170 155
3 175 66 189 88
3 98 72 106 90
3 383 67 400 80
