153
1 0 683 60 920
1 16 673 113 910
1 72 649 123 777
1 92 639 146 772
1 116 626 230 905
1 212 664 261 785
1 247 662 294 778
1 241 793 356 1076
1 333 696 432 940
1 312 622 363 747
1 413 697 543 1016
1 513 646 658 1002
1 646 754 727 953
1 619 695 715 933
1 654 678 754 924
1 684 666 782 908
1 728 659 818 881
1 766 635 876 906
1 830 657 878 777
1 842 662 891 783
1 877 667 927 788
1 913 672 959 787
1 939 664 988 783
1 970 668 1015 778
1 987 622 1053 783
1 1021 608 1076 745
1 1036 617 1103 782
1 1085 656 1137 782
1 1102 723 1194 951
1 1155 699 1254 940
1 1248 746 1380 1071
1 1323 629 1459 963
1 1446 706 1577 1029
1 1714 640 1835 937
1 1641 615 1715 799
1 1550 725 1693 1076
1 1538 665 1586 784
1 1782 673 1882 919
3 5 620 27 649
3 4 629 18 668
3 10 646 41 675
3 40 653 71 680
3 59 643 86 680
3 121 614 150 654
3 144 620 167 641
3 176 607 219 658
3 223 625 246 652
3 234 634 257 665
3 250 641 281 665
3 261 610 278 647
3 281 595 309 628
3 298 620 320 689
3 358 646 396 690
3 310 718 397 904
3 288 704 349 796
3 397 641 432 685
3 420 663 465 703
3 407 698 470 967
3 480 683 521 735
3 503 677 526 728
3 516 673 541 718
3 489 671 522 700
3 473 649 510 687
3 455 651 483 691
3 465 609 489 651
3 491 612 529 667
3 520 637 553 688
3 542 632 575 667
3 543 624 561 641
3 587 614 613 638
3 594 640 618 670
3 608 650 636 684
3 612 672 644 731
3 632 667 667 698
3 630 651 654 679
3 635 639 660 672
3 653 657 680 685
3 663 660 694 697
3 692 635 734 676
3 667 611 695 654
3 700 596 741 647
3 703 623 727 650
3 664 642 691 669
3 736 655 763 693
3 807 615 834 639
3 826 659 852 711
3 855 620 878 655
3 870 643 889 673
3 882 638 906 667
3 872 660 895 683
3 907 653 919 678
3 906 623 932 657
3 930 622 954 646
3 945 608 970 640
3 970 619 990 650
3 961 638 979 665
3 938 646 954 666
3 915 649 942 669
3 990 623 1015 646
3 993 644 1009 669
3 975 646 999 671
3 1009 597 1040 623
3 1078 616 1109 662
3 1089 620 1126 660
3 1119 642 1143 671
3 1091 655 1113 678
3 1121 652 1141 686
3 1138 685 1181 747
3 1138 667 1179 708
3 1162 679 1198 712
3 1180 679 1209 714
3 1198 681 1225 716
3 1192 667 1219 693
3 1170 622 1200 671
3 1195 650 1219 672
3 1211 644 1235 666
3 1203 604 1238 646
3 1231 607 1275 662
3 1256 607 1280 642
3 1236 650 1258 680
3 1295 586 1322 622
3 1438 645 1476 685
3 1439 679 1476 718
3 1404 666 1447 686
3 1420 595 1478 660
3 1487 614 1516 654
3 1465 654 1501 686
3 1468 680 1510 711
3 1504 682 1555 741
3 1433 691 1489 967
3 1508 610 1542 652
3 1518 648 1539 676
3 1536 639 1558 667
3 1543 647 1559 667
3 1529 658 1553 693
3 1547 616 1580 662
3 1555 647 1590 691
3 1589 653 1616 703
3 1607 642 1642 677
3 1614 667 1655 723
3 1561 599 1605 667
3 1616 602 1663 654
3 1690 607 1712 652
3 1699 659 1747 893
3 1727 610 1758 643
3 1753 617 1782 645
3 1773 612 1827 669
3 1821 612 1847 640
3 1848 588 1903 655
3 1844 650 1886 692
3 1821 649 1856 684
3 1835 653 1914 946
3 1875 620 1917 1074
