37
1 14 139 58 250
1 64 134 119 271
1 116 145 154 241
1 150 131 222 307
1 195 150 244 269
1 253 165 272 215
1 275 137 337 289
1 353 151 390 243
1 370 142 424 275
1 447 156 489 261
1 495 176 515 224
1 514 201 528 237
1 526 170 549 229
1 511 171 531 222
1 479 188 493 226
1 488 169 511 226
1 441 172 461 220
1 429 168 449 219
1 420 167 440 217
1 408 166 427 214
1 345 164 363 211
3 0 180 28 231
3 50 171 77 235
3 256 162 271 192
3 323 182 334 218
3 328 179 344 216
3 330 176 342 196
3 340 180 353 221
3 353 184 372 215
3 352 166 368 198
3 437 169 451 201
3 474 162 485 196
3 539 209 549 235
3 506 168 519 186
3 524 160 537 186
3 541 169 549 190
3 521 196 536 224
