28
1 237 298 282 410
1 306 312 358 441
1 369 294 404 379
1 385 328 445 475
1 452 301 494 405
1 441 282 472 360
1 503 337 576 516
1 529 310 579 435
1 602 282 636 364
1 634 298 679 407
1 653 317 717 473
1 743 303 795 429
1 810 288 850 387
1 694 286 731 376
3 94 307 140 358
3 217 219 229 229
3 228 214 240 228
3 235 210 246 229
3 757 146 771 160
3 748 143 755 158
3 739 143 751 163
3 767 138 784 166
3 780 138 795 160
5 1 270 337 319
5 250 201 577 310
5 584 233 896 336
5 792 119 900 195
5 385 166 456 207
