32
1 2 150 30 221
1 32 155 58 222
1 54 151 81 220
1 78 152 104 216
1 100 152 126 218
1 123 145 153 218
1 141 148 169 219
1 164 145 194 220
1 193 149 220 218
1 220 139 260 238
1 255 145 283 216
1 279 143 309 217
1 300 146 328 215
1 324 146 353 217
1 347 145 377 218
1 375 143 404 217
1 407 143 438 218
1 435 148 461 214
1 461 141 490 213
1 495 143 524 214
1 480 140 492 172
1 490 143 503 175
3 235 151 268 223
3 217 148 236 171
3 297 138 311 156
3 321 138 335 154
3 274 140 289 153
3 255 141 266 154
3 247 146 256 155
3 520 152 528 179
5 3 138 215 164
5 341 137 529 165
