40
1 166 348 179 381
1 160 350 172 383
1 179 349 189 377
1 232 347 243 374
1 242 346 252 374
1 253 343 266 374
1 283 342 301 387
1 296 343 312 383
1 340 338 362 391
1 380 346 396 385
1 374 336 393 385
1 402 340 418 382
1 391 341 406 378
1 411 340 428 381
1 431 340 447 382
1 458 340 475 381
1 465 336 481 376
1 478 333 500 386
1 491 330 506 368
3 218 352 235 381
3 264 346 275 373
3 272 345 285 377
3 307 352 320 372
3 315 349 327 375
3 321 350 332 376
3 332 352 345 375
3 356 352 371 376
3 479 337 486 353
3 508 341 525 373
3 539 343 553 370
3 549 343 562 370
3 558 344 569 366
3 561 341 573 368
3 566 340 579 366
3 576 341 590 364
4 102 324 116 344
4 224 300 248 352
4 306 299 351 351
4 482 293 512 344
4 535 285 566 337
