30
1 80 14 148 181
1 229 1 297 169
1 405 4 475 176
1 502 73 556 207
1 590 10 649 154
1 576 209 655 403
1 488 232 551 385
1 368 211 448 409
1 207 184 300 413
1 45 215 122 406
1 548 229 582 313
3 114 1 151 73
3 235 1 250 38
3 407 5 431 41
3 544 63 571 114
3 648 202 673 247
3 621 200 643 235
3 518 222 541 257
3 537 219 562 261
3 417 198 443 241
3 254 174 297 241
3 317 182 336 207
3 302 186 323 206
3 312 197 334 224
3 316 218 335 264
3 344 204 377 263
3 81 207 109 253
3 10 226 30 291
3 19 223 44 273
3 38 217 68 271
