38
1 106 130 150 240
1 138 118 175 209
1 152 118 184 197
1 159 108 195 195
1 183 113 209 177
1 194 107 221 173
1 217 107 239 164
1 241 109 265 169
1 254 97 280 161
1 267 108 292 169
1 293 112 316 171
1 316 113 341 176
1 336 118 362 181
1 362 122 390 190
1 402 124 431 198
1 426 132 462 223
1 452 159 490 254
1 84 177 142 321
3 14 194 96 294
3 36 226 151 335
3 55 143 105 209
3 50 116 89 156
3 73 108 101 147
3 101 93 133 132
3 111 119 139 154
3 128 103 157 141
3 179 100 191 123
3 185 99 199 119
3 213 93 243 120
3 269 138 335 271
3 316 155 379 270
3 360 100 381 139
3 401 115 434 143
3 422 102 436 133
3 471 114 498 151
3 458 128 469 162
3 443 142 494 188
3 470 144 498 244
