31
1 4 251 51 367
1 27 256 69 362
1 73 248 120 365
1 109 248 160 375
1 135 240 198 395
1 165 248 216 372
1 207 261 248 364
1 240 252 292 381
1 268 240 331 393
1 290 238 354 395
1 323 253 373 378
1 348 242 406 387
1 378 262 430 391
1 364 256 420 392
1 438 248 497 392
1 470 248 528 391
1 0 250 34 391
1 228 255 262 341
3 5 241 37 281
3 41 252 55 269
3 56 250 70 272
3 63 256 78 277
3 73 248 92 294
3 113 254 132 283
3 142 250 163 283
3 199 250 233 287
3 268 248 292 274
3 354 250 372 283
3 519 235 564 290
3 503 263 565 333
3 440 247 473 292
