35
1 204 327 255 455
1 242 314 284 417
1 256 333 306 455
1 304 332 354 456
1 341 309 399 451
1 372 339 419 453
1 442 320 496 454
1 421 328 472 454
1 467 327 519 453
1 505 332 554 453
1 527 318 578 444
1 558 345 602 452
1 592 345 636 453
1 640 342 685 453
3 63 349 113 419
3 3 331 49 417
3 122 344 187 429
3 164 323 214 396
3 225 285 255 350
3 281 297 311 349
3 259 308 309 363
3 327 305 365 367
3 319 411 364 453
3 386 301 409 350
3 402 320 435 381
3 434 296 473 345
3 514 319 544 362
3 559 297 592 341
3 578 313 600 357
3 596 319 620 355
3 598 295 628 347
3 626 305 651 357
3 644 307 669 345
3 656 315 689 372
3 675 299 688 333
