33
1 0 114 45 230
1 71 102 116 215
1 113 93 160 208
1 163 120 211 237
1 190 108 242 238
1 217 133 258 235
1 237 129 279 231
1 270 110 320 231
1 291 112 341 233
1 316 101 371 239
1 367 107 421 242
1 402 104 474 282
1 434 104 493 250
1 476 122 523 237
1 486 77 559 255
1 519 100 582 253
1 562 116 602 215
1 592 107 638 220
1 629 116 672 220
1 632 87 713 286
1 672 102 733 251
3 0 39 18 108
3 27 53 86 136
3 20 101 81 190
3 152 99 181 139
3 151 119 180 179
3 235 107 258 137
3 272 119 301 193
3 342 87 378 177
3 361 103 379 128
3 462 97 504 152
3 567 103 603 144
3 710 86 740 203
