70
1 12 93 30 140
1 26 96 45 146
1 40 99 58 144
1 55 99 74 146
1 70 101 87 146
1 85 105 102 149
1 100 108 117 149
1 111 110 126 148
1 133 112 148 150
1 149 101 169 151
1 168 120 178 147
1 42 171 70 242
1 63 178 87 237
1 79 172 106 241
1 92 181 114 236
1 104 171 149 280
1 140 182 174 267
1 162 167 207 280
1 187 183 219 261
1 228 161 272 268
1 242 164 291 283
1 284 179 313 253
1 326 171 369 276
1 346 178 373 243
1 371 175 400 246
1 415 181 439 242
1 437 180 462 241
1 470 183 483 215
1 477 183 487 210
1 480 182 490 210
1 488 186 500 216
1 498 184 509 214
1 503 185 515 215
1 508 186 519 215
1 524 182 536 215
1 540 185 552 216
1 546 184 558 214
1 563 166 600 256
1 522 180 528 196
1 529 187 538 212
3 306 142 312 156
3 309 137 319 152
3 319 147 329 156
3 327 139 335 152
3 331 145 337 157
3 338 142 349 155
3 346 143 354 157
3 354 144 366 160
3 364 143 375 157
3 375 144 383 162
3 382 145 389 160
3 386 146 392 161
3 392 151 397 162
3 396 151 400 160
3 398 151 405 160
3 405 151 409 160
3 408 153 415 160
3 414 154 419 160
3 422 153 426 160
3 425 153 430 160
3 433 156 439 165
3 461 195 469 209
3 492 180 498 186
3 499 178 505 187
3 504 179 510 189
3 516 186 529 204
3 219 193 230 221
3 269 191 290 220
3 197 126 210 142
5 363 155 486 195
