38
1 50 2 68 46
1 115 1 134 49
1 67 59 85 105
1 18 53 36 99
1 36 83 60 145
1 0 102 20 158
1 504 42 528 100
1 513 36 538 96
1 491 214 529 307
1 383 215 416 296
1 210 223 242 302
1 54 226 89 311
1 531 77 550 139
3 136 112 170 157
3 127 91 177 125
3 140 82 170 119
3 145 74 180 104
3 192 110 241 153
3 193 94 240 130
3 193 87 243 115
3 203 77 240 107
3 249 113 306 157
3 253 103 296 130
3 266 85 296 117
3 255 75 297 107
3 320 73 358 103
3 318 98 367 137
3 320 106 381 159
3 389 71 422 104
3 378 88 417 114
3 384 94 427 130
3 397 106 444 152
3 428 0 454 50
3 505 1 528 48
3 495 7 509 39
3 5 4 15 38
3 12 4 24 35
3 0 7 9 41
