34
1 295 47 403 310
1 193 19 315 316
1 150 51 214 208
1 75 77 116 177
1 55 68 97 173
1 42 75 82 173
1 433 70 507 252
1 400 90 462 243
1 383 69 455 245
1 400 141 441 242
1 367 103 421 238
3 37 44 60 88
3 44 56 71 95
3 20 51 36 87
3 7 49 25 81
3 7 97 93 322
3 135 72 151 120
3 100 75 133 120
3 189 35 244 159
3 295 68 330 120
3 304 48 349 102
3 364 71 383 102
3 374 65 398 98
3 385 56 421 84
3 388 71 417 122
3 411 44 466 106
3 471 49 486 106
3 477 50 518 103
3 498 40 541 102
3 525 83 547 128
3 517 75 546 124
3 467 106 520 209
3 505 159 544 307
3 488 129 542 281
