46
1 11 217 95 425
1 84 211 165 410
1 152 170 200 288
1 85 157 115 233
1 59 157 93 242
1 18 162 49 239
1 0 154 26 239
1 208 186 231 242
1 169 159 208 257
1 190 147 222 227
1 233 223 334 473
1 299 231 400 477
1 438 146 470 224
1 420 148 446 211
1 414 142 436 196
1 399 144 424 204
1 377 151 402 212
1 324 153 357 233
1 311 148 334 204
1 297 146 320 203
1 278 153 309 228
1 277 137 299 190
1 413 244 480 480
3 106 150 138 201
3 138 156 163 184
3 134 170 165 216
3 116 170 145 209
3 116 202 165 299
3 212 171 278 287
3 249 164 272 209
3 245 147 269 178
3 203 160 233 187
3 163 143 191 173
3 225 138 246 174
3 259 136 272 166
3 239 133 263 159
3 267 136 284 171
3 289 136 302 163
3 318 138 330 157
3 372 197 433 267
3 334 206 392 279
3 356 159 384 216
3 365 138 386 177
3 389 144 407 168
3 330 140 354 158
3 462 139 473 156
