35
1 55 158 152 396
1 0 160 87 384
1 126 165 218 389
1 168 157 263 389
1 223 161 316 391
1 283 144 381 386
1 348 181 438 400
1 421 164 515 396
1 488 166 579 391
1 545 154 640 389
3 35 27 108 133
3 29 95 73 194
3 71 73 150 192
3 110 18 177 137
3 169 26 247 140
3 178 93 251 192
3 250 74 308 188
3 249 22 325 96
3 300 27 381 92
3 314 72 381 183
3 372 83 446 203
3 383 25 444 133
3 444 14 504 113
3 443 78 504 180
3 495 78 565 190
3 530 22 578 111
3 566 112 601 171
3 573 33 605 105
4 41 238 68 287
4 90 222 137 269
4 151 226 181 272
4 254 218 282 269
4 457 232 485 275
4 518 228 557 269
4 567 217 600 265
