28
1 77 181 96 227
1 98 181 118 230
1 105 169 132 235
1 114 180 134 229
1 137 181 154 226
1 150 183 166 223
1 168 183 183 222
1 175 181 193 225
1 182 182 198 224
1 195 181 214 229
1 215 181 233 228
1 225 184 241 226
1 230 177 250 229
1 248 178 268 229
1 270 185 288 228
1 278 179 295 224
1 291 182 311 230
1 310 182 327 225
1 327 185 342 224
1 337 184 356 231
1 358 178 377 228
1 378 179 397 229
1 397 180 416 230
1 416 169 446 242
1 267 183 282 223
1 348 183 365 225
3 243 184 257 224
3 210 181 222 228
