35
1 16 133 51 222
1 52 138 61 160
1 78 136 86 156
1 93 137 106 172
1 100 137 111 166
1 155 136 186 211
1 186 139 195 164
1 194 139 203 164
1 199 138 210 166
1 205 138 215 164
1 211 140 220 164
1 229 138 239 164
1 238 140 246 163
1 256 140 265 163
1 271 115 308 208
1 318 139 340 193
1 336 132 358 185
1 366 140 392 206
1 379 138 400 194
1 359 139 375 180
1 0 136 13 197
3 8 141 19 154
3 16 145 24 156
3 22 142 28 156
3 174 141 186 156
3 333 96 341 108
3 317 102 324 114
3 310 101 317 115
3 339 97 347 107
3 346 94 354 105
3 359 97 366 106
3 363 92 369 100
3 367 94 376 107
3 377 94 384 104
3 383 92 395 102
