51
1 96 351 118 408
1 183 350 223 450
1 263 348 293 422
1 128 349 146 394
1 154 348 170 389
1 171 346 183 377
1 434 353 459 415
1 435 342 461 408
1 542 352 561 398
1 554 350 573 400
1 787 351 800 386
1 728 350 740 383
1 688 352 694 366
1 671 350 684 381
1 619 349 631 382
1 562 348 577 384
1 576 350 590 386
1 641 352 649 375
3 740 397 791 472
3 645 385 682 434
3 582 383 609 456
3 609 377 631 404
3 636 376 649 396
3 680 371 711 400
3 737 373 755 399
4 545 396 559 450
4 559 396 572 451
4 429 415 460 491
4 263 423 293 506
4 185 442 214 534
4 99 409 113 479
4 129 395 141 446
4 151 389 170 443
4 170 381 184 423
4 184 397 195 441
5 0 332 26 357
5 102 339 111 350
5 141 344 155 384
5 180 342 197 361
5 494 292 512 312
5 516 303 574 347
5 586 346 623 372
5 699 348 717 373
5 648 349 672 382
5 736 345 766 375
5 210 345 221 358
5 230 343 255 359
5 283 342 306 356
5 312 345 337 359
5 346 344 382 358
5 390 345 405 361
