36
1 2 103 11 125
1 48 96 61 128
1 65 125 113 245
1 55 125 88 209
1 148 127 181 208
1 148 122 179 200
1 113 110 132 160
1 97 114 120 172
1 106 108 128 162
1 179 94 183 107
1 135 95 152 139
1 248 127 295 245
1 246 123 282 213
1 236 121 269 201
1 219 109 238 155
1 224 111 249 171
1 359 128 394 214
1 340 122 373 202
1 327 119 356 193
1 314 115 342 185
1 307 110 334 175
1 299 109 324 171
1 292 108 313 163
1 232 116 259 183
1 288 106 307 155
1 181 106 194 139
1 215 105 227 136
1 210 106 221 135
1 207 105 219 136
1 172 111 191 161
5 150 104 168 118
5 238 101 264 112
5 77 115 89 124
5 88 113 100 124
5 96 110 103 118
5 168 111 177 122
