50
1 25 108 76 236
1 2 117 29 182
1 55 108 104 231
1 48 116 74 179
1 88 120 112 178
1 129 119 153 178
1 112 121 136 179
1 148 126 167 176
1 169 125 189 176
1 188 123 208 174
1 194 126 214 174
1 201 119 234 203
1 262 114 317 250
1 435 129 459 189
1 527 135 540 168
1 480 133 494 168
1 457 133 470 167
1 430 132 444 170
1 413 134 427 171
1 419 134 433 169
1 401 133 416 170
1 384 134 399 170
1 366 130 383 172
1 350 132 366 173
1 332 132 348 172
1 318 133 333 173
1 304 122 330 186
1 470 136 482 167
1 489 138 501 169
1 498 136 511 168
1 515 138 527 168
1 534 136 547 167
1 542 137 550 166
1 155 119 177 175
1 13 118 38 180
5 231 118 283 175
5 480 124 548 139
5 395 124 478 135
5 358 122 396 133
5 321 122 356 132
5 304 123 312 134
5 179 112 195 132
5 144 113 156 130
5 0 111 11 129
5 30 111 39 126
5 62 108 74 125
5 88 110 97 129
5 100 111 116 123
5 115 111 130 121
5 130 114 138 130
