37
1 0 190 20 242
1 5 195 27 248
1 25 193 48 249
1 31 195 53 251
1 20 192 37 233
1 42 192 62 242
1 52 194 73 249
1 62 193 83 244
1 72 192 93 247
1 85 192 105 242
1 94 190 117 247
1 108 193 127 242
1 117 191 139 248
1 125 177 155 252
1 145 176 172 241
1 155 177 179 236
1 195 176 215 227
1 182 181 200 224
1 243 176 263 227
1 288 178 307 225
1 305 177 329 235
1 311 175 337 238
1 319 172 350 248
1 335 181 360 243
1 358 192 379 246
1 348 184 370 237
1 377 185 397 237
1 397 191 419 245
1 392 184 411 234
1 407 185 426 235
1 422 189 444 243
1 436 191 459 247
1 464 191 483 241
1 453 186 467 221
1 418 186 431 221
5 481 180 499 239
5 367 179 380 200
