39
1 812 188 892 384
1 567 170 695 482
1 428 205 499 379
1 0 171 92 439
1 753 209 808 345
1 685 201 742 340
1 397 198 453 338
1 372 223 420 340
1 362 214 411 335
1 332 225 376 336
1 354 229 398 339
1 741 207 797 343
1 264 221 312 338
1 253 221 300 335
1 233 223 280 337
1 209 223 256 337
1 188 220 235 334
1 169 223 215 337
1 147 224 192 335
1 126 220 172 332
1 107 213 156 336
1 91 220 136 333
3 358 218 371 246
3 515 223 535 246
3 399 209 415 230
3 323 216 337 236
3 337 218 349 243
3 455 204 474 230
3 518 209 534 223
3 289 212 310 234
3 233 216 248 239
5 858 195 897 223
5 746 203 767 229
5 787 205 800 224
5 715 206 735 228
5 646 208 701 226
5 528 204 576 236
5 477 206 490 230
5 0 252 51 334
