29
1 55 191 86 266
1 80 192 110 265
1 102 187 134 266
1 126 190 156 267
1 148 185 180 266
1 172 193 202 266
1 191 189 223 269
1 217 193 246 267
1 237 193 268 268
1 260 191 292 269
1 283 199 312 270
1 252 153 294 259
1 225 160 263 255
1 190 156 227 249
1 149 154 190 254
1 107 151 149 255
1 66 145 109 252
1 288 153 332 264
1 336 199 365 273
1 320 161 362 265
1 306 195 337 272
1 349 168 386 262
1 361 198 392 274
1 371 167 409 262
1 390 209 416 275
1 409 198 440 276
1 432 203 461 273
1 421 171 459 263
1 397 163 437 262
