45
1 76 111 102 175
1 96 130 112 171
1 107 126 126 172
1 118 127 136 173
1 126 124 145 172
1 134 123 153 173
1 140 125 159 172
1 150 122 171 173
1 147 109 156 132
1 159 125 179 173
1 166 108 192 171
1 178 129 195 173
1 186 124 205 172
1 200 129 217 173
1 212 123 232 172
1 220 124 240 173
1 240 126 259 173
1 120 122 139 172
1 269 125 290 176
1 273 120 295 173
1 292 129 311 175
1 255 128 274 174
1 312 102 340 172
1 327 121 348 175
1 351 128 371 176
1 368 127 391 184
1 384 122 406 175
1 394 125 417 182
1 411 126 434 184
1 427 123 451 183
1 446 127 470 186
1 463 123 489 189
1 474 126 490 187
1 435 123 458 180
1 457 123 481 182
1 227 126 245 173
1 205 121 226 172
1 0 116 18 179
5 405 119 413 133
5 413 118 420 134
5 423 118 431 125
5 485 121 489 137
5 254 119 265 131
5 240 121 247 131
5 171 125 178 138
