72
1 112 140 175 293
1 92 143 139 259
1 221 138 312 361
1 71 139 109 235
1 53 137 85 218
1 44 138 70 205
1 34 140 57 197
1 27 137 47 187
1 21 138 38 182
1 12 137 26 172
1 6 137 18 168
1 203 136 246 243
1 162 131 200 223
1 147 126 171 184
1 189 125 209 175
1 275 125 301 191
1 298 135 347 256
1 290 133 330 232
1 385 125 420 212
1 363 126 392 197
1 330 126 362 204
1 318 118 331 150
1 411 113 438 181
1 456 117 491 203
1 446 112 476 185
1 437 113 454 156
1 494 112 507 160
1 372 116 390 159
1 357 121 385 190
1 429 117 443 152
1 353 113 373 164
1 345 118 359 156
1 294 117 307 148
1 261 123 279 169
1 267 121 285 165
1 238 122 257 171
1 223 123 240 168
1 108 132 142 218
1 160 127 180 176
1 199 133 226 202
1 232 123 246 161
3 480 123 494 148
3 478 110 494 125
3 0 165 15 282
4 368 230 500 239
4 358 195 391 270
4 304 254 348 366
4 210 246 239 345
4 171 225 199 311
4 108 263 142 375
4 81 236 108 315
4 64 219 83 286
4 52 207 66 274
4 41 197 57 262
4 0 279 35 378
4 191 177 210 231
4 15 171 40 246
4 414 178 433 214
4 431 155 452 202
5 51 126 64 140
5 67 125 85 145
5 31 127 51 137
5 87 128 97 139
5 96 128 107 141
5 105 125 118 139
5 124 123 153 137
5 198 120 224 132
5 253 113 270 128
5 230 113 252 124
5 325 113 352 125
5 382 112 396 133
5 404 111 419 124
