34
1 22 76 46 136
1 54 122 127 301
1 194 145 268 326
1 271 151 344 331
1 267 212 304 302
1 352 136 439 351
1 417 148 508 373
1 346 136 415 305
1 518 98 544 163
1 389 93 417 163
1 404 97 428 159
1 429 74 450 126
1 444 89 457 122
1 461 74 477 116
1 612 200 650 320
1 15 50 21 68
1 119 72 130 101
1 182 75 199 119
1 25 53 32 70
1 69 45 79 69
1 267 79 275 101
1 275 71 285 99
1 306 68 312 86
1 494 78 509 115
1 531 77 549 123
3 208 77 223 106
3 242 101 260 127
3 259 100 283 131
3 292 105 315 128
3 325 97 346 122
3 368 105 389 130
3 406 86 422 101
5 98 49 105 63
5 161 77 172 99
