93
1 487 164 497 192
1 472 179 492 230
1 453 194 475 249
1 428 204 452 262
1 394 219 418 277
1 350 228 373 286
1 300 229 324 287
1 253 224 278 285
1 480 131 496 173
1 472 119 486 155
1 467 111 482 147
1 459 103 473 138
1 453 94 466 128
1 444 87 456 118
1 431 79 443 111
1 418 76 429 104
1 399 70 409 98
1 384 68 388 81
1 394 131 412 174
1 393 104 404 134
1 378 139 395 184
1 355 148 372 190
1 323 149 340 193
1 289 149 308 195
1 298 119 312 153
1 324 96 339 132
1 374 78 384 104
1 358 74 369 101
1 362 64 372 90
1 336 69 348 98
1 341 63 351 87
1 316 69 326 97
1 322 60 332 86
1 295 68 306 96
1 303 58 312 83
1 284 57 293 81
1 277 68 287 96
1 265 70 274 95
1 249 68 260 94
1 271 56 274 66
1 228 67 239 95
1 235 60 243 81
1 200 221 224 283
1 252 151 270 195
1 220 146 238 192
1 212 93 225 126
1 220 61 228 84
1 199 68 209 96
1 190 142 207 187
1 164 136 180 177
1 157 238 182 298
1 111 239 135 301
1 69 230 93 292
1 33 219 57 278
1 13 205 34 260
1 0 202 15 245
1 0 183 14 222
1 0 161 18 205
1 9 150 25 191
1 14 138 31 181
1 19 128 34 168
1 32 122 45 157
1 46 111 59 145
1 66 102 78 134
1 81 97 94 128
1 95 88 107 120
1 145 126 162 167
1 131 117 146 154
1 127 110 139 143
1 135 97 146 127
1 144 89 155 119
1 152 85 163 114
1 162 78 172 106
1 177 74 188 102
1 200 57 210 85
1 182 60 188 77
1 164 63 170 81
1 148 66 154 84
1 126 72 137 101
1 110 80 121 110
1 127 46 136 68
1 306 15 311 30
1 296 16 301 31
1 372 30 380 49
1 401 21 408 38
1 411 22 417 38
1 404 20 410 37
1 426 22 433 40
1 438 22 445 39
3 314 14 323 27
5 27 60 57 83
5 81 52 101 62
5 284 2 306 16
