31
1 21 182 66 293
1 41 184 87 298
1 54 178 97 284
1 78 182 122 293
1 105 177 151 293
1 89 177 132 285
1 121 181 160 276
1 145 186 188 290
1 171 180 214 288
1 160 180 201 282
1 190 177 230 277
1 203 190 243 287
1 225 194 263 289
1 247 190 286 288
1 274 189 314 290
1 271 166 317 281
1 299 187 340 288
1 322 177 369 292
1 241 171 286 280
1 300 165 345 277
1 342 177 387 289
1 337 164 382 277
1 366 165 413 279
1 355 177 402 294
1 389 184 435 296
1 388 171 433 282
1 418 171 468 292
3 164 168 178 185
3 187 167 201 180
3 225 173 237 188
3 236 168 249 191
