79
1 30 79 130 326
1 182 171 245 328
1 275 96 297 151
1 241 154 313 331
1 413 136 482 304
1 485 76 568 281
1 440 55 458 99
1 402 54 433 129
1 395 61 421 128
1 372 84 387 124
1 385 89 398 124
1 352 61 380 130
1 339 76 361 133
1 568 409 659 634
1 513 433 596 635
1 428 406 519 628
1 357 397 454 633
1 356 362 424 528
1 345 401 389 510
1 566 416 594 488
1 541 418 552 445
1 533 448 542 473
1 520 423 539 470
1 505 434 520 473
1 497 438 503 454
1 446 400 467 452
1 194 422 279 633
1 233 725 251 772
1 242 739 256 773
1 254 747 263 770
1 255 728 261 743
1 263 737 274 766
1 280 710 317 802
1 313 751 332 799
1 319 741 349 814
1 329 758 367 850
1 354 771 401 887
1 375 697 434 843
1 372 710 394 764
1 346 718 361 754
1 615 788 667 914
1 527 820 566 915
1 493 817 533 916
1 547 777 603 917
1 494 713 531 807
1 564 706 624 853
1 447 733 473 800
1 476 740 500 800
1 529 728 558 801
1 611 721 629 767
1 641 713 655 749
3 505 32 524 57
3 536 49 557 90
3 348 65 359 83
3 430 416 443 432
3 426 428 435 445
3 166 773 233 908
3 125 768 165 906
3 83 767 123 904
3 26 758 83 904
3 351 740 367 754
3 340 722 349 736
3 328 720 338 732
3 325 737 330 749
3 453 802 490 919
3 522 733 533 749
3 648 683 662 741
3 619 767 643 789
3 563 718 579 748
3 523 777 546 807
4 348 194 423 241
4 346 235 466 323
4 247 254 338 332
4 346 548 376 570
4 348 542 655 549
4 23 605 252 638
4 299 867 362 918
4 392 846 445 918
5 346 406 358 507
