39
1 11 101 56 213
1 34 111 62 182
1 60 113 81 166
1 0 107 31 195
1 128 114 142 149
1 135 114 155 162
1 153 102 187 187
1 208 119 227 168
1 183 116 201 163
1 195 116 214 163
1 233 110 254 164
1 364 89 378 123
1 289 102 307 146
1 242 110 263 161
1 292 131 338 244
1 301 100 352 226
1 220 109 240 158
1 144 112 162 157
1 201 104 223 160
1 114 116 127 150
1 150 114 168 159
1 91 125 107 164
1 99 118 115 157
3 0 133 23 231
3 338 137 377 171
3 345 119 399 264
3 253 125 288 239
3 283 99 293 115
3 268 96 281 107
3 266 107 283 124
3 217 105 227 118
3 188 105 197 114
5 230 107 241 121
5 251 103 262 118
5 326 97 342 121
5 178 115 186 130
5 185 112 191 122
5 74 119 93 161
5 112 110 119 126
