41
1 0 180 16 243
1 6 181 31 242
1 26 192 47 246
1 34 183 57 239
1 57 179 82 240
1 77 183 101 243
1 120 194 142 249
1 110 191 127 236
1 137 186 161 246
1 152 181 179 248
1 166 181 190 243
1 231 191 257 256
1 287 182 315 251
1 295 190 319 248
1 305 195 327 251
1 312 185 338 251
1 348 191 375 260
1 364 187 393 259
1 382 191 409 260
1 403 186 432 256
1 396 184 426 257
1 414 184 444 257
1 429 191 459 265
1 452 190 482 266
1 498 193 528 269
1 482 185 514 263
1 493 169 612 459
1 582 195 614 276
1 594 192 631 286
1 634 197 674 297
1 645 194 680 283
3 677 189 699 383
3 206 195 227 236
3 334 195 355 220
3 359 109 376 124
3 376 109 384 121
3 573 92 596 113
3 597 93 621 110
3 618 93 642 110
5 231 184 305 226
5 452 99 546 121
