35
1 78 125 115 218
1 126 86 158 167
1 174 106 209 193
1 213 92 247 175
1 258 85 284 150
1 299 113 335 202
1 340 137 382 242
1 413 117 455 222
1 20 74 52 155
1 5 53 31 118
1 52 66 84 146
1 86 38 111 98
1 108 60 136 128
1 137 50 163 113
1 156 74 184 146
1 172 38 199 103
1 222 51 246 113
1 271 40 293 96
1 285 70 312 135
1 312 63 335 122
1 358 64 392 147
1 373 58 403 132
1 204 65 230 131
1 320 97 354 181
1 338 80 370 159
1 424 103 460 194
1 441 81 475 166
1 454 72 486 152
1 253 47 273 95
3 40 46 86 75
3 42 97 122 137
5 0 6 127 65
5 130 14 195 70
5 199 12 347 70
5 351 17 499 79
