31
1 119 177 191 355
1 159 187 219 337
1 192 192 252 342
1 405 195 459 328
1 437 184 494 324
1 468 187 506 282
1 548 236 566 280
1 16 218 41 281
1 32 222 57 282
1 50 222 75 282
1 83 228 104 281
1 75 232 95 280
1 100 232 120 283
1 109 237 127 283
3 165 173 192 212
3 192 180 213 220
3 209 181 225 211
3 227 183 260 228
3 234 193 277 248
3 261 179 294 228
3 271 189 316 243
3 295 172 329 224
3 314 173 364 244
3 346 177 373 237
3 362 184 408 243
3 382 168 417 251
3 422 172 453 235
3 441 174 459 211
3 175 249 243 373
3 420 249 465 355
4 221 114 250 190
