40
1 0 207 40 309
1 27 202 64 293
1 45 202 89 311
1 73 205 110 299
1 86 199 132 313
1 119 197 167 315
1 159 201 204 311
1 150 197 188 290
1 173 201 214 304
1 237 198 278 300
1 266 186 278 216
1 229 186 242 218
1 241 187 254 219
1 150 186 161 216
1 163 185 174 214
1 280 187 291 214
1 317 187 327 215
1 277 201 317 302
1 315 194 358 302
1 339 199 376 291
1 375 201 417 303
1 421 198 463 303
1 404 197 441 290
1 439 199 475 288
1 458 195 502 302
1 489 196 530 299
1 522 196 550 299
1 371 201 406 288
3 115 184 128 198
3 140 185 151 200
3 176 185 187 202
3 189 186 197 202
3 200 188 210 202
3 253 186 264 199
3 295 189 303 198
3 305 186 314 201
5 2 198 182 226
5 202 202 229 301
5 279 193 381 216
5 465 195 544 215
