31
1 1 276 33 356
1 36 263 64 332
1 48 263 68 315
1 70 279 103 360
1 92 268 120 336
1 113 285 145 366
1 126 271 153 338
1 157 290 190 373
1 212 291 249 383
1 261 282 291 357
1 250 276 275 339
1 239 268 258 317
1 204 262 228 324
1 292 278 316 339
1 278 267 299 321
1 309 289 345 376
1 347 279 373 342
1 363 297 400 389
1 404 300 446 405
1 389 276 414 340
1 437 271 464 337
1 479 310 519 407
1 473 276 502 347
1 515 273 540 337
3 275 255 288 275
3 318 268 341 300
3 170 273 193 346
3 211 273 238 299
5 1 247 46 304
5 19 205 120 245
5 507 225 547 264
