32
1 604 237 742 576
1 340 153 447 413
1 0 173 136 534
1 753 205 895 555
1 35 208 173 547
1 99 239 246 601
1 531 219 649 506
3 103 368 212 596
3 266 382 365 603
3 301 347 401 605
3 302 267 385 399
3 272 275 325 450
3 282 161 361 298
3 240 185 301 307
3 2 144 52 244
3 164 150 225 291
3 67 118 150 234
3 211 146 266 297
3 414 138 533 242
3 430 177 526 384
3 472 190 566 367
3 422 308 556 600
3 462 317 610 601
3 662 323 766 600
3 712 179 765 318
3 627 196 713 319
3 765 198 832 506
3 833 316 907 597
5 0 3 301 154
5 303 3 545 159
5 546 4 791 203
5 797 2 910 312
