44
1 4 177 34 254
1 23 180 53 255
1 46 180 75 252
1 59 157 82 215
1 73 183 101 252
1 85 183 111 250
1 104 186 131 252
1 120 184 146 250
1 139 182 165 249
1 159 182 185 247
1 174 182 198 243
1 186 176 212 242
1 279 180 304 243
1 268 178 294 241
1 300 178 329 248
1 308 178 338 252
1 320 181 349 252
1 338 177 370 256
1 360 174 393 257
1 372 165 410 257
1 401 156 435 238
1 380 155 415 240
1 472 163 500 236
3 106 169 121 192
3 121 169 135 193
3 139 179 151 196
3 139 169 153 183
3 150 174 161 190
3 158 170 169 191
3 168 174 178 186
3 168 165 175 176
3 173 170 188 188
3 180 176 192 188
3 247 192 267 237
3 244 171 261 203
3 257 174 271 198
3 266 176 277 239
3 293 174 309 189
3 306 171 316 189
3 328 169 344 189
3 335 178 352 252
3 368 167 380 179
3 372 155 383 185
5 347 160 369 186
