41
1 502 102 528 168
1 386 111 425 206
1 377 120 422 230
1 319 139 375 276
1 312 106 346 188
1 287 102 318 181
1 248 106 290 212
1 220 111 256 198
1 201 108 232 186
1 182 104 212 181
1 161 111 199 207
1 142 107 179 199
1 126 108 159 188
1 84 117 129 230
1 56 106 99 213
1 43 102 78 188
1 35 105 65 181
1 24 103 52 175
1 8 95 35 163
1 382 88 390 109
1 390 89 398 110
1 403 89 409 107
1 409 89 417 108
1 420 88 428 111
3 92 96 103 114
3 103 99 117 117
3 114 103 127 119
3 119 93 130 104
3 129 93 143 104
3 146 98 157 112
3 166 93 179 113
3 175 95 184 110
3 183 95 193 109
3 200 94 215 109
3 213 94 223 107
3 223 97 235 114
3 231 95 245 111
3 249 96 263 113
3 286 89 310 106
5 0 78 148 166
5 426 77 559 125
