30
1 0 150 38 254
1 2 125 39 216
1 19 105 56 196
1 40 66 72 144
1 38 151 76 247
1 42 156 88 272
1 105 161 152 278
1 156 102 189 182
1 198 155 252 290
1 212 142 257 252
1 275 148 317 253
1 315 137 380 297
1 376 125 435 268
1 410 149 454 257
1 449 132 504 266
1 498 154 566 320
1 522 141 574 268
1 569 126 627 267
1 630 155 657 264
3 3 101 20 122
3 18 62 35 84
3 30 68 42 88
3 119 129 142 148
3 129 146 147 165
3 152 140 174 170
3 362 152 386 176
3 514 143 534 175
3 569 169 590 196
3 576 195 634 259
3 604 136 627 181
