43
1 595 301 626 376
1 528 289 555 358
1 512 332 556 442
1 486 342 525 440
1 494 293 526 371
1 483 275 514 352
1 455 286 482 355
1 427 283 453 350
1 376 284 401 345
1 339 279 363 340
1 240 283 269 357
1 200 294 228 366
1 150 334 191 437
1 166 341 208 444
1 260 335 311 463
1 322 328 373 452
1 424 331 472 450
3 462 368 485 399
3 460 351 483 373
3 421 376 439 396
3 398 372 419 391
3 409 353 429 373
3 429 331 450 350
3 406 317 427 336
3 403 330 425 347
3 383 319 399 335
3 350 322 366 339
3 368 332 388 350
3 387 356 412 375
3 377 364 400 390
3 362 354 382 377
3 305 325 319 340
3 292 312 308 332
3 306 343 320 358
3 315 356 332 373
3 310 369 334 398
3 234 335 248 354
3 271 333 287 352
3 263 341 278 360
3 247 353 266 373
3 243 375 272 409
3 229 370 242 390
3 214 359 229 388
