64
1 0 154 49 330
1 54 159 123 329
1 42 152 89 269
1 88 196 182 429
1 180 183 273 409
1 205 227 291 440
1 160 156 212 284
1 294 180 369 363
1 329 186 420 407
1 395 132 448 264
1 410 187 491 386
1 447 155 525 346
1 489 147 552 303
1 545 160 630 370
1 620 170 690 416
1 602 154 655 287
1 569 131 629 277
1 266 142 310 253
3 307 154 328 182
3 325 124 350 154
3 252 159 274 195
3 232 175 259 216
3 240 129 260 158
3 256 124 275 143
3 278 120 295 141
3 295 123 314 146
3 368 109 387 129
3 348 115 366 143
3 392 125 411 154
3 400 105 413 125
3 414 111 429 133
3 442 128 461 152
3 455 121 474 143
3 447 107 462 126
3 460 105 473 123
3 470 106 482 121
3 483 97 500 122
3 504 105 524 133
3 523 106 547 137
3 563 120 584 149
3 557 104 569 124
3 536 76 556 101
3 595 113 616 146
3 632 126 654 150
3 656 114 669 134
3 676 102 688 124
3 658 87 671 103
3 651 95 664 112
3 642 78 655 93
3 631 81 642 97
3 163 121 187 149
3 178 105 192 125
3 157 110 170 130
3 199 111 212 129
3 119 128 135 146
3 97 146 118 175
3 87 132 102 158
3 97 115 113 138
3 74 120 91 141
3 71 103 86 123
3 53 110 71 136
3 49 136 64 157
3 27 128 47 156
5 1 48 637 189
