38
1 0 110 20 187
1 67 106 92 169
1 83 107 116 191
1 99 49 208 317
1 166 118 204 213
1 196 102 220 163
1 182 106 213 185
1 225 99 247 152
1 237 105 261 167
1 251 115 297 229
1 281 104 302 159
1 300 110 330 183
1 338 101 363 163
1 349 108 387 202
1 366 106 393 175
1 383 102 419 191
1 391 122 439 240
1 403 106 448 217
1 436 100 466 175
1 458 108 478 158
1 466 107 505 202
1 476 128 529 258
1 515 103 548 187
1 519 113 568 233
1 563 115 600 209
1 575 123 648 301
1 619 119 672 248
1 644 113 690 228
1 667 109 704 202
1 680 106 709 187
1 107 116 140 200
3 585 84 600 107
3 594 96 606 118
3 605 98 618 115
3 513 98 527 119
3 496 108 510 125
3 250 97 262 112
3 261 107 273 120
