30
1 358 294 449 518
1 461 297 536 479
1 473 286 502 357
1 443 280 465 334
1 462 279 481 326
1 307 282 356 404
1 382 279 423 382
1 213 285 267 419
1 111 286 170 431
1 0 282 27 372
1 6 288 51 397
1 61 282 86 344
1 90 281 116 344
1 105 279 131 342
1 78 280 103 341
1 253 281 279 346
1 208 294 235 360
1 203 279 227 339
1 183 258 204 312
1 164 250 185 301
1 533 295 592 441
1 517 287 546 357
1 571 283 598 350
1 585 287 636 414
1 640 288 677 381
1 666 287 701 375
1 682 286 715 366
1 700 284 731 359
5 1 109 264 337
5 265 168 798 337
