32
1 181 55 255 237
1 274 74 290 113
1 246 74 260 111
1 162 78 175 112
1 97 64 145 184
1 51 80 67 120
1 59 82 72 115
1 19 82 33 118
1 6 85 19 119
1 82 82 95 113
1 88 80 101 113
1 96 81 109 113
1 166 80 179 113
1 172 80 185 111
1 175 80 187 111
1 182 81 194 111
3 0 91 8 123
3 0 85 3 91
3 2 82 9 100
3 35 89 48 119
3 82 101 104 136
3 134 93 148 125
3 149 95 163 118
3 136 81 145 96
3 145 80 151 92
3 148 80 160 99
3 221 80 230 93
3 230 87 237 98
3 348 84 359 105
3 348 84 357 99
3 191 78 198 95
4 208 140 212 144
