40
1 0 186 22 279
1 44 180 82 275
1 78 192 126 311
1 89 184 125 271
1 150 195 186 285
1 158 190 193 275
1 163 186 197 268
1 218 198 258 298
1 244 193 294 315
1 260 192 296 280
1 272 191 300 259
1 287 182 336 304
1 305 190 360 325
1 339 189 384 300
1 367 191 418 315
1 390 181 460 352
1 411 191 467 331
1 440 196 482 299
1 455 180 533 372
1 551 203 585 289
1 537 199 571 283
1 569 198 600 300
1 514 189 553 285
1 490 181 549 328
1 398 194 448 315
1 471 203 504 285
3 110 190 117 204
3 569 200 583 220
3 473 203 485 216
3 369 195 387 217
3 374 187 387 211
3 339 186 351 213
3 346 198 356 219
3 405 198 411 205
4 3 164 28 200
4 32 163 61 206
4 202 175 228 204
4 117 169 140 204
4 139 177 163 208
4 18 166 52 198
