42
1 22 130 100 320
1 67 136 107 233
1 96 128 160 285
1 148 129 211 282
1 187 141 244 280
1 230 138 250 186
1 238 138 257 184
1 250 138 312 290
1 310 137 370 285
1 360 151 413 281
1 296 132 333 225
1 392 120 439 237
1 452 127 492 228
1 440 135 473 217
1 469 114 540 290
1 461 121 525 278
1 409 125 449 224
1 516 134 550 285
1 506 135 550 282
3 101 140 122 166
3 154 149 170 171
3 160 143 172 154
3 202 138 214 158
3 203 142 215 160
3 216 132 228 143
3 244 138 277 198
3 258 126 274 154
3 291 146 303 167
3 297 130 307 152
3 292 134 301 145
3 314 124 349 178
3 348 134 359 159
3 366 138 395 182
3 365 127 384 163
3 457 129 466 147
3 511 120 519 140
3 517 131 527 141
3 521 126 548 161
3 439 134 451 152
4 335 223 353 251
5 148 148 157 162
5 275 131 285 141
