33
1 0 96 48 261
1 69 88 138 258
1 149 87 203 219
1 198 93 241 198
1 192 97 226 182
1 236 86 275 182
1 289 88 326 181
1 324 90 350 171
1 310 99 339 169
1 322 101 346 162
1 287 98 310 157
1 276 97 301 157
1 264 103 286 159
1 260 100 283 156
1 230 100 254 158
1 187 89 211 147
1 221 100 242 155
1 136 98 154 145
1 125 100 143 145
1 65 95 80 132
1 56 95 70 133
1 35 87 74 184
1 18 90 60 192
1 149 99 167 146
1 252 104 274 157
1 59 93 71 123
3 1 83 12 105
3 25 91 34 104
3 229 94 239 108
3 316 101 324 118
5 102 94 163 147
5 177 94 198 116
5 307 96 320 112
