49
1 95 92 216 387
1 54 110 146 338
1 36 126 106 297
1 26 138 79 270
1 17 142 63 256
1 183 157 224 257
1 212 140 265 271
1 238 162 266 234
1 258 163 281 219
1 266 161 300 244
1 269 131 331 285
1 305 154 345 254
1 340 157 371 233
1 351 167 373 220
1 335 170 352 213
1 357 121 435 311
1 363 135 414 263
1 449 143 505 280
1 442 154 481 251
1 431 161 460 232
1 422 164 445 222
1 417 167 436 215
1 482 161 513 237
1 508 156 548 255
1 534 167 558 227
1 546 159 582 248
1 564 161 595 238
1 586 167 612 231
1 602 165 626 225
1 6 148 40 231
1 508 162 535 231
1 332 169 347 205
1 212 172 236 230
3 677 184 699 215
3 690 181 699 195
3 673 181 685 199
3 660 183 679 213
3 657 183 666 194
3 654 185 662 195
3 642 183 659 213
3 634 181 643 193
3 640 181 648 194
3 622 183 642 211
3 622 182 632 199
3 622 181 627 190
5 0 140 18 215
5 206 157 221 187
5 585 178 598 211
5 413 188 425 204
