50
1 174 129 193 176
1 210 135 230 183
1 202 139 218 180
1 540 160 592 286
1 532 141 591 286
1 476 152 523 266
1 491 159 540 278
1 512 155 563 280
1 434 159 474 258
2 4 123 26 179
2 21 129 46 192
2 65 132 94 206
2 93 127 133 228
2 129 136 175 251
2 246 103 374 418
2 337 130 419 332
2 647 156 755 419
3 169 137 182 165
3 177 140 182 149
3 201 152 215 173
3 228 143 237 154
3 311 130 318 144
3 139 133 153 154
3 152 129 158 140
3 133 125 149 149
3 375 127 389 143
3 778 172 800 270
3 773 177 795 216
3 748 158 786 267
3 683 158 708 185
3 650 171 670 192
3 660 168 691 203
3 616 161 654 244
3 575 181 631 245
3 574 151 594 182
3 579 155 615 219
3 518 150 538 173
3 472 196 486 225
3 483 188 499 224
3 482 160 500 197
3 471 149 489 181
3 469 141 490 171
3 448 157 469 192
3 450 140 471 188
3 416 142 449 212
3 569 142 584 159
5 52 124 77 145
5 87 121 101 145
5 191 137 204 164
5 243 127 254 139
