59
1 38 120 105 283
1 90 74 207 362
1 189 121 245 260
1 330 111 424 341
1 312 116 368 253
1 454 116 524 289
1 514 134 540 201
1 434 129 466 208
1 243 163 262 210
1 295 156 311 198
1 418 152 436 198
1 451 137 465 174
1 427 135 449 192
3 13 132 34 157
3 53 136 59 145
3 111 118 130 137
3 161 131 169 139
3 185 136 198 156
3 194 137 202 149
3 223 139 230 147
3 224 133 230 143
3 230 136 237 149
3 240 133 249 144
3 235 159 251 207
3 234 138 254 165
3 254 140 271 169
3 252 137 260 152
3 311 138 325 161
3 311 133 320 147
3 309 150 328 200
3 258 158 277 204
3 278 180 292 206
3 267 137 275 150
3 271 137 281 154
3 283 130 294 146
3 283 163 297 182
3 276 142 286 169
3 279 151 294 179
3 285 137 299 156
3 295 135 301 145
3 296 135 311 164
3 385 138 401 170
3 403 177 426 204
3 409 162 425 181
3 401 149 417 174
3 401 136 410 156
3 464 137 474 149
3 468 134 475 140
3 472 133 483 142
3 2 136 19 160
3 0 161 7 219
3 4 163 23 217
3 14 153 37 215
3 28 151 52 220
5 306 138 310 145
5 408 130 426 160
5 425 135 436 151
5 530 129 550 203
5 502 135 523 202
