64
1 154 395 178 454
1 62 370 95 454
1 241 375 268 444
1 282 374 335 506
1 484 383 551 546
1 509 376 568 523
1 546 369 619 550
1 551 358 618 523
1 599 374 671 552
1 645 374 676 451
1 667 381 699 459
1 687 376 706 426
1 15 367 54 463
1 0 376 20 453
1 378 386 393 423
1 436 382 449 413
1 445 386 457 415
1 399 384 411 415
1 428 387 439 416
1 331 384 336 400
1 357 384 370 418
1 366 388 378 418
1 385 388 395 413
1 393 389 401 412
1 53 391 63 415
1 882 376 919 469
1 845 380 897 509
1 819 378 873 512
1 776 381 828 508
1 814 380 844 456
1 902 376 932 450
1 916 383 950 469
3 12 370 30 398
3 239 386 248 409
3 412 409 447 497
3 441 405 475 490
3 475 404 506 495
3 425 382 435 399
3 335 386 348 404
3 463 396 475 419
3 472 396 485 414
3 476 388 488 404
3 485 386 499 403
3 487 395 499 413
3 461 386 470 395
3 545 398 554 424
3 560 382 571 394
3 717 398 728 419
3 728 396 742 419
3 738 397 754 419
3 760 397 778 421
3 785 385 802 402
3 852 389 862 401
3 814 377 828 399
3 983 400 999 429
3 989 401 1011 430
3 361 393 378 413
4 106 140 163 320
4 154 133 223 321
5 261 386 297 415
5 323 384 332 403
5 344 385 360 406
5 408 385 425 408
5 453 390 461 409
