57
1 434 51 444 76
1 442 51 451 73
1 448 49 458 73
1 457 47 467 73
1 197 157 276 353
1 0 157 53 374
1 402 147 463 299
1 461 143 499 235
1 455 137 482 205
1 354 138 377 194
1 378 151 418 249
1 290 150 337 264
1 263 139 289 203
1 233 149 268 236
1 194 149 232 245
1 115 141 176 289
1 110 146 139 218
1 66 144 112 259
1 97 144 111 182
1 106 144 119 179
1 143 146 175 227
1 161 145 184 201
1 42 144 80 238
1 311 141 338 209
1 303 148 337 233
1 190 151 214 213
1 285 143 305 191
1 333 157 343 185
1 177 145 189 177
1 407 143 426 191
3 381 61 390 78
3 390 66 399 76
3 399 64 409 74
3 410 59 423 73
3 422 58 433 71
3 467 58 473 67
3 230 140 241 158
3 89 145 99 164
3 486 149 494 163
3 493 146 499 171
3 431 144 442 154
3 440 144 449 166
3 444 154 455 164
3 445 156 461 170
3 457 146 463 156
3 447 141 458 153
3 451 135 457 142
3 463 140 468 153
3 463 135 468 141
3 471 131 476 143
5 473 46 484 68
5 0 139 51 169
5 187 145 201 184
5 214 140 274 182
5 276 135 345 171
5 343 134 428 188
5 204 146 216 153
