35
1 13 221 35 275
1 38 190 46 209
1 47 194 56 215
1 54 193 62 215
1 60 186 64 199
1 59 208 72 242
1 66 205 79 239
1 44 219 64 269
1 49 232 93 342
1 81 222 129 342
1 115 204 126 231
1 120 205 131 232
1 147 192 153 210
1 153 195 159 210
1 139 200 146 217
1 140 198 148 217
1 259 247 272 282
1 266 237 283 282
1 297 216 321 276
1 311 218 337 281
1 313 184 320 204
1 324 193 329 205
1 441 165 451 190
1 465 179 478 210
1 474 176 487 211
1 407 196 427 245
1 418 194 436 240
1 358 222 394 309
1 377 218 412 304
1 409 221 443 307
1 416 221 450 304
3 4 206 12 218
3 10 206 16 219
3 16 207 23 218
3 446 225 548 343
