91
1 164 155 259 390
1 225 161 316 385
1 266 155 359 381
1 315 158 405 381
1 573 169 600 246
1 403 179 420 220
1 418 176 443 238
1 145 187 164 234
1 128 184 148 236
1 117 184 136 233
1 100 184 120 236
1 89 188 107 232
1 82 189 101 235
1 69 193 87 237
1 62 191 79 236
1 43 190 62 239
1 0 182 23 252
1 9 196 23 232
1 109 147 120 173
1 174 154 182 177
1 130 154 139 177
1 145 157 152 177
1 161 139 168 159
1 163 129 171 149
1 153 138 161 159
1 157 139 164 159
1 179 128 187 150
1 227 137 235 158
1 503 134 512 158
1 499 140 506 160
1 487 132 498 160
1 461 108 468 128
1 453 116 461 135
1 448 108 455 127
1 445 120 453 139
1 330 138 338 161
1 331 136 341 160
1 256 142 264 162
1 254 153 261 172
1 276 141 284 161
1 267 139 275 160
1 270 139 279 161
1 270 135 279 159
1 341 135 350 159
1 362 133 372 159
1 350 133 358 156
1 356 136 365 161
1 378 139 388 163
1 397 140 407 166
1 411 137 421 161
1 403 130 412 151
1 376 131 384 150
1 419 145 429 171
1 424 143 436 172
1 441 145 449 165
1 438 136 446 158
1 447 139 457 163
1 456 136 464 158
1 242 173 251 195
3 161 134 165 142
3 197 128 203 136
3 183 137 193 151
3 193 136 201 152
3 198 135 202 140
3 203 137 211 151
3 220 130 229 137
3 231 128 242 137
3 240 166 246 169
3 346 135 350 141
3 389 133 396 145
3 369 135 377 147
3 360 181 366 187
3 372 181 379 189
3 235 184 240 190
4 143 126 150 140
4 150 126 156 134
4 151 119 171 132
4 173 123 180 136
4 202 128 209 139
4 214 124 221 134
4 288 132 296 141
4 297 130 311 139
4 343 125 355 137
4 355 119 366 136
5 141 150 149 172
5 149 130 157 145
5 213 133 226 154
5 245 144 255 170
5 300 137 332 166
5 462 131 489 160
5 445 133 453 147
