35
1 552 114 577 177
1 509 106 549 204
1 496 105 534 201
1 399 143 411 175
1 351 130 371 182
1 281 130 306 193
1 267 143 285 188
1 294 135 314 187
1 307 134 327 185
1 324 128 346 184
1 318 133 338 182
1 110 139 140 214
1 49 119 118 288
1 118 116 183 276
1 146 83 264 373
1 470 146 477 163
1 486 148 491 163
1 496 147 501 161
3 319 137 327 149
3 436 164 487 214
3 479 159 510 205
3 502 161 519 205
3 284 184 341 242
3 227 180 293 246
3 129 134 163 196
3 263 233 405 370
3 0 172 25 226
3 5 172 33 227
3 94 170 126 212
3 387 151 405 170
3 554 145 568 178
3 561 150 581 183
5 216 141 273 189
5 367 154 380 172
5 425 149 466 168
