54
1 260 189 270 217
1 331 188 341 216
1 38 226 57 275
1 52 227 81 297
1 63 223 88 287
1 69 217 95 280
1 83 230 106 289
1 89 257 125 344
1 117 259 150 342
1 128 241 156 313
1 141 254 173 332
1 159 237 186 303
1 165 250 203 342
1 179 216 204 276
1 188 219 213 280
1 196 222 219 279
1 211 211 231 262
1 230 220 248 264
1 252 215 271 263
1 213 274 251 369
1 246 257 282 344
1 309 215 326 257
1 339 205 359 257
1 404 196 417 231
1 108 215 126 262
1 116 214 136 266
1 136 210 154 253
1 269 283 303 367
1 292 258 333 358
1 298 225 320 280
1 355 215 377 268
1 371 229 387 271
1 383 267 423 365
1 421 283 457 371
1 388 230 414 294
1 408 237 437 307
1 437 248 468 323
1 426 214 443 259
1 441 211 459 257
1 503 246 533 320
1 524 257 553 330
3 0 208 12 237
3 10 213 27 247
3 26 210 56 244
3 223 258 250 288
3 259 236 278 267
3 270 247 294 280
3 323 239 347 273
3 453 224 480 262
3 481 214 507 241
3 479 241 503 279
3 306 269 409 371
5 7 156 438 206
5 472 172 551 215
