33
1 211 151 308 391
1 278 162 373 396
1 387 141 491 396
1 462 156 561 398
1 244 92 273 163
1 260 91 288 161
1 272 91 301 163
1 285 87 315 163
1 305 91 335 167
1 319 85 353 168
1 342 81 376 167
1 360 92 393 173
1 373 89 406 173
1 390 89 421 164
1 415 84 442 150
1 428 86 455 153
1 442 81 479 171
1 466 105 487 160
1 474 88 507 172
1 493 84 524 163
1 461 82 486 145
1 406 81 424 127
3 14 101 146 324
3 128 138 233 281
3 79 194 284 392
3 336 129 407 207
3 302 140 396 272
3 519 109 579 183
3 565 106 597 248
3 512 88 541 114
3 533 77 551 106
3 552 92 580 137
5 278 69 396 89
