49
1 300 169 333 251
1 329 174 356 242
1 347 182 377 255
1 372 178 400 246
1 395 175 419 233
1 501 142 522 194
1 481 147 501 195
1 467 152 483 193
1 449 157 466 199
1 175 162 203 231
1 191 170 217 234
1 205 161 229 219
1 217 169 240 226
1 250 162 273 218
1 269 159 292 215
1 286 155 306 206
1 293 151 315 206
1 311 155 331 203
1 319 148 338 194
1 524 138 542 182
1 534 141 550 180
1 415 162 435 210
1 415 151 439 210
1 0 148 14 187
1 4 148 19 184
1 19 146 35 187
1 33 146 49 188
1 41 142 56 181
1 50 148 71 200
1 60 156 77 200
1 75 154 93 198
1 103 150 119 191
1 111 155 127 194
1 127 151 144 196
1 119 147 137 193
1 142 144 155 177
1 152 149 170 192
1 168 146 183 185
1 186 140 198 170
1 193 135 203 163
3 156 136 171 152
5 202 130 339 154
5 345 129 446 164
5 451 135 519 150
5 43 101 91 118
5 95 102 127 118
5 138 101 173 119
5 177 102 204 119
5 205 101 231 122
