33
1 22 213 58 304
1 30 206 70 306
1 58 214 93 302
1 77 216 112 305
1 96 212 134 305
1 125 221 160 307
1 147 210 185 303
1 173 224 206 306
1 180 211 217 303
1 197 220 231 303
1 230 224 263 304
1 214 217 248 299
1 255 225 287 304
1 276 217 312 305
1 304 214 341 304
1 290 214 325 303
1 326 221 359 304
1 348 217 383 304
1 375 217 411 306
1 400 216 437 306
1 421 218 455 304
1 440 214 476 302
1 465 212 502 306
1 481 208 519 301
1 510 208 547 301
3 82 220 96 232
3 101 213 114 230
3 177 211 188 232
3 214 209 227 225
3 147 211 159 230
3 132 214 142 234
3 396 216 415 236
3 418 218 430 233
