44
1 385 84 425 183
1 0 271 29 374
1 20 267 60 368
1 55 309 103 428
1 48 270 87 365
1 14 233 36 287
1 35 228 58 284
1 119 319 170 447
1 180 298 220 397
1 197 303 249 433
1 262 336 319 475
1 297 320 357 470
1 366 334 415 455
1 396 241 445 360
1 426 215 460 299
1 466 327 507 429
1 511 310 564 440
1 557 328 603 443
1 551 289 591 388
1 586 303 618 384
1 622 284 657 370
1 644 271 682 363
1 661 302 684 361
1 681 278 712 357
1 399 206 436 297
1 327 202 364 295
1 314 212 349 297
1 287 242 323 330
1 264 295 291 361
1 496 283 519 339
1 507 272 532 332
1 478 265 503 328
1 350 204 383 285
3 351 105 388 182
3 1 227 16 275
3 19 211 37 235
3 2 209 12 234
3 133 278 157 310
3 146 276 175 316
3 170 274 188 296
3 191 268 212 291
3 226 296 257 367
3 697 318 718 350
3 704 299 719 324
