35
1 1345 1815 1404 1961
1 1370 1804 1436 1968
1 1505 1816 1564 1960
1 1725 1802 1776 1927
1 1760 1840 1794 1926
1 1812 1808 1857 1920
1 1852 1817 1893 1918
1 1887 1806 1931 1914
1 1914 1807 1957 1915
1 1942 1810 1982 1911
1 1958 1806 1998 1905
1 1980 1809 2017 1903
1 2022 1804 2058 1895
1 2089 1802 2128 1900
1 2333 2164 2407 2346
1 2520 2241 2599 2435
1 2553 2186 2615 2338
1 2608 2189 2704 2423
1 2723 2206 2823 2449
1 2966 2184 3042 2371
1 3007 2204 3091 2409
1 3141 2213 3217 2400
1 3209 2267 3285 2452
1 3341 2225 3397 2361
1 3343 2231 3440 2469
1 3618 2224 3687 2394
1 3693 2217 3769 2403
1 3748 2223 3830 2424
1 3816 2235 3881 2393
1 995 2560 1361 3455
3 682 1809 761 1933
3 762 1814 825 1909
3 2006 1795 2040 1847
3 3248 2352 3373 2442
5 2147 1815 2276 1838
