54
1 12 521 123 794
1 363 397 552 861
1 490 417 639 782
1 817 376 1011 851
1 161 650 371 1165
1 247 647 459 1164
1 0 919 197 1471
1 291 984 704 1994
1 682 1218 1000 1996
1 1218 245 1413 723
1 843 713 1147 1455
1 717 863 996 1547
1 1516 890 1964 1985
1 1393 654 1799 1647
1 1960 70 2211 685
1 1671 938 2103 1993
1 2117 943 2550 2000
3 23 636 133 894
3 92 630 162 701
3 135 675 231 817
3 53 1125 259 1523
3 285 922 466 1134
3 272 1089 379 1536
3 437 783 527 963
3 474 735 607 1082
3 578 740 745 1108
3 737 723 888 953
3 723 641 877 825
3 652 661 779 830
3 565 634 683 816
3 533 585 641 713
3 517 542 608 624
3 624 537 772 731
3 776 522 861 689
3 947 448 1028 561
3 4 1511 252 1997
3 878 1317 1295 1822
3 898 1513 1454 1996
3 1024 487 1230 808
3 1134 578 1314 1098
3 1276 611 1461 1095
3 1436 572 1661 830
3 1389 421 1601 656
3 1618 551 1883 1077
3 1616 261 1847 671
3 1738 377 1907 738
3 1861 363 2045 784
3 2070 307 2330 607
3 1989 510 2279 1154
3 2271 474 2511 1085
3 2464 573 2729 1163
3 2341 333 2495 536
3 2631 253 2978 589
3 2594 388 2963 1181
