31
1 25 182 41 221
1 53 182 69 221
1 85 190 98 224
1 107 175 124 217
1 121 173 135 209
1 135 184 149 220
1 144 168 162 213
1 160 172 172 204
1 176 179 190 217
1 185 168 201 209
1 193 166 206 200
1 207 173 220 204
1 218 167 232 204
1 233 152 246 186
1 243 170 256 202
1 258 152 272 188
1 250 194 268 239
1 272 184 289 227
1 279 183 292 217
1 285 173 295 199
1 295 172 307 202
1 292 201 309 245
1 307 187 325 230
1 321 182 334 214
1 330 172 342 204
1 335 158 347 191
1 337 207 354 250
1 347 194 363 234
1 358 189 371 220
1 370 173 384 209
1 361 172 374 207
