40
1 784 154 960 615
1 105 161 211 421
1 35 184 99 342
1 4 179 66 334
1 0 166 44 326
1 68 184 124 323
1 205 162 264 305
1 256 182 298 286
1 238 180 276 276
1 328 179 374 295
1 361 175 405 282
1 307 189 321 227
1 322 194 333 220
1 420 186 458 279
1 457 179 506 302
1 716 187 750 270
1 773 193 795 246
1 799 198 812 230
1 812 198 827 235
1 928 200 950 254
1 565 194 581 236
1 597 192 612 228
1 605 192 619 230
1 618 187 631 218
1 648 196 661 227
1 671 193 685 231
1 683 195 697 232
1 695 194 710 233
1 715 194 729 228
1 745 193 763 237
1 589 193 603 227
1 576 195 588 226
1 535 193 548 228
1 547 188 560 223
1 525 191 538 222
1 518 194 530 226
1 508 191 519 221
1 490 196 501 226
1 463 195 472 216
3 109 161 145 218
