39
1 0 113 23 175
1 9 115 37 183
1 24 112 58 194
1 47 109 71 167
1 59 105 99 204
1 85 112 110 175
1 100 111 116 150
1 106 109 136 182
1 127 108 149 162
1 141 111 157 152
1 148 103 182 189
1 167 105 193 171
1 184 113 198 149
1 194 112 213 162
1 205 114 219 150
1 218 103 249 179
1 215 113 228 146
1 240 113 252 143
1 250 107 271 159
1 274 104 300 171
1 291 112 304 145
1 297 109 314 150
1 317 109 337 161
1 329 109 344 148
1 344 109 355 139
1 352 111 372 163
1 370 112 380 137
1 377 109 394 151
1 392 112 405 143
1 398 112 414 153
1 412 111 425 144
1 419 110 431 143
1 429 109 443 145
1 443 110 455 143
1 454 112 466 145
1 461 108 474 141
1 473 108 486 139
1 481 115 491 139
5 261 111 281 144
