34
1 37 241 70 322
1 45 260 80 347
1 96 243 136 343
1 97 247 141 354
1 123 249 159 337
1 143 237 196 366
1 169 244 206 334
1 201 257 232 335
1 214 248 244 325
1 237 245 288 372
1 308 247 343 332
1 275 247 326 375
1 326 249 375 372
1 349 245 381 323
1 393 245 444 371
1 437 256 488 383
1 465 256 511 372
1 532 236 585 366
1 588 254 631 358
1 620 249 667 367
1 499 251 534 337
1 333 121 348 157
1 344 120 360 160
1 54 104 71 146
1 515 245 557 348
1 522 254 566 363
1 380 257 413 341
1 365 261 399 345
1 418 253 448 329
3 247 250 267 276
3 273 247 301 283
3 328 248 342 268
3 381 244 392 270
3 467 244 484 270
