36
1 471 204 543 380
1 499 204 561 355
1 316 207 369 340
1 359 227 395 315
1 371 211 410 309
1 385 213 420 301
1 391 203 431 303
1 401 200 439 295
1 413 199 451 292
1 428 191 466 283
1 441 188 478 280
1 213 197 262 316
1 255 212 287 293
1 263 201 300 291
1 282 200 317 287
1 297 196 332 285
1 199 191 237 285
1 239 190 273 276
1 163 201 199 292
1 122 198 153 276
1 139 210 163 268
1 155 210 178 266
1 93 197 122 270
1 109 201 129 251
1 71 195 95 255
1 49 195 69 247
1 29 193 48 243
1 22 198 36 236
1 11 195 26 235
1 0 192 13 229
1 188 204 209 258
1 60 195 75 234
3 372 182 391 208
3 392 192 403 210
3 407 187 422 206
3 417 179 441 207
