36
1 16 307 88 483
1 68 300 143 486
1 101 301 176 483
1 145 315 211 475
1 220 311 281 463
1 291 308 353 460
1 331 299 397 463
1 368 306 426 451
1 407 311 467 461
1 430 303 499 473
1 473 298 535 452
1 555 301 618 458
1 591 313 654 467
1 633 311 687 446
1 672 312 730 454
1 706 310 767 458
3 40 349 99 490
3 131 357 175 486
3 182 355 227 480
3 199 314 227 355
3 254 312 271 341
3 297 310 319 339
3 270 309 301 374
3 332 312 354 336
3 371 316 392 339
3 402 321 423 341
3 523 318 559 366
3 543 314 564 338
3 621 314 646 347
3 265 358 313 439
3 324 352 395 477
3 403 360 458 453
3 465 351 513 450
3 529 353 583 440
3 591 353 662 430
3 697 358 762 473
