30
1 957 480 976 527
1 971 484 990 531
1 1023 482 1037 518
1 1033 480 1047 518
3 22 542 160 702
3 85 505 166 590
3 171 512 230 611
3 205 486 231 526
3 315 512 375 575
3 344 536 415 651
3 488 516 560 627
3 580 506 635 596
3 627 512 672 612
3 953 518 990 563
3 979 517 1009 556
3 1008 516 1038 559
3 1053 504 1093 563
3 1104 503 1125 548
3 1120 503 1141 538
3 1141 499 1162 544
5 2 458 263 497
5 274 464 316 492
5 380 465 401 491
5 431 469 500 499
5 653 472 713 500
5 686 450 730 480
5 734 472 761 504
5 880 475 959 508
5 1048 486 1113 505
5 1163 483 1200 507
