40
1 0 155 32 285
1 0 152 43 282
1 22 155 72 280
1 36 160 86 281
1 140 155 194 289
1 202 145 261 292
1 305 124 376 301
1 413 131 481 298
1 372 176 398 239
1 363 180 386 239
1 396 170 422 236
1 408 177 432 238
1 455 174 479 236
1 470 176 493 233
1 482 174 506 234
1 505 178 530 239
1 521 179 545 241
1 528 172 546 239
3 67 161 87 198
3 92 162 111 199
3 78 202 101 273
3 90 202 109 268
3 106 201 125 264
3 122 190 145 257
3 116 167 135 196
3 177 215 192 259
3 191 213 204 252
3 191 200 204 226
3 184 161 203 215
3 201 166 213 192
3 242 207 262 259
3 259 205 277 250
3 275 205 296 250
3 295 203 311 242
3 309 207 326 247
3 259 172 275 203
3 278 172 291 202
3 290 169 305 202
3 356 206 372 239
3 352 171 362 200
