29
1 0 943 25 1028
1 359 960 390 1037
1 382 955 418 1044
1 460 962 503 1070
1 516 960 561 1070
1 573 959 616 1063
1 629 956 676 1074
1 856 974 912 1112
1 928 981 957 1053
1 945 961 983 1056
1 965 982 992 1048
1 1009 980 1047 1072
1 1065 983 1093 1055
1 1081 986 1110 1059
1 1107 1001 1132 1062
1 1046 1044 1140 1273
1 1149 1051 1243 1280
1 1511 950 1554 1057
1 1576 963 1615 1058
1 1670 949 1714 1057
3 117 1011 162 1069
3 155 1003 202 1069
3 991 1003 1014 1056
3 1142 1015 1163 1047
3 1178 1014 1196 1052
3 1344 999 1381 1060
3 1270 1021 1301 1058
3 1301 1026 1320 1068
3 1968 974 2002 1057
