33
1 7 537 48 639
1 0 546 15 604
1 203 540 215 571
1 217 538 234 580
1 229 537 247 581
1 236 542 255 591
1 253 538 272 587
1 280 551 290 579
1 286 538 303 579
1 306 541 332 608
1 300 544 318 589
1 324 540 352 611
1 370 542 389 589
1 381 539 407 605
1 413 547 430 592
1 580 554 603 611
1 597 532 625 603
1 625 547 652 615
1 655 539 685 613
1 706 542 734 614
1 724 535 755 614
1 743 544 771 616
1 787 542 805 585
1 807 545 833 609
1 862 532 880 577
1 888 535 906 579
1 914 533 930 574
2 476 537 501 601
2 508 538 541 618
2 673 542 708 628
2 762 545 789 613
2 690 545 717 610
5 4 524 140 578
