40
1 0 306 95 542
1 48 316 127 512
1 103 322 181 514
1 127 305 179 432
1 145 315 187 421
1 168 308 232 466
1 205 328 258 461
1 245 360 291 476
1 242 301 302 451
1 310 317 371 467
1 285 297 331 413
1 334 285 394 434
1 374 304 447 485
1 417 320 488 494
1 406 300 454 418
1 453 295 504 421
1 509 309 553 419
1 479 306 520 409
1 543 373 620 562
1 557 273 713 657
1 557 293 592 382
1 580 282 617 375
1 545 298 577 377
1 681 280 795 558
1 711 300 860 663
1 767 301 883 586
1 673 296 750 487
1 199 300 226 369
3 104 312 144 374
3 892 307 993 479
3 950 303 1011 369
3 894 301 931 384
3 670 285 701 332
3 493 290 513 313
3 534 296 551 324
3 271 299 294 337
3 245 299 263 331
3 320 301 342 340
3 794 341 1017 761
5 325 268 433 306
