29
1 0 8 657 2094
1 0 447 475 2350
1 280 164 780 1385
1 610 260 1136 1542
1 1147 307 1767 1821
1 946 225 1161 749
1 1482 187 2058 1591
1 1057 265 1323 913
1 1039 282 1236 764
1 1674 187 2307 1733
1 2127 307 2734 1787
1 2843 923 3273 1974
1 3178 784 3648 2086
1 3171 253 3648 1938
3 320 1039 840 1514
3 384 1204 1183 2166
3 612 140 786 304
3 1392 188 1478 313
3 1465 242 1541 329
3 1252 220 1436 625
3 785 204 1048 538
3 1656 1174 2360 2194
3 2581 868 2965 1742
3 2943 217 3303 1111
3 2884 297 2991 508
3 2570 165 2820 451
3 2295 132 2463 564
3 2105 229 2365 609
3 3283 300 3476 601
