33
1 16 198 95 394
1 89 201 175 411
1 135 195 203 364
1 161 180 270 446
1 187 163 320 490
1 283 179 374 402
1 335 193 412 383
1 414 186 514 430
1 411 206 467 346
1 456 202 527 379
1 522 199 588 361
1 572 215 634 369
1 580 200 656 389
1 643 202 729 414
1 710 179 808 436
1 6 205 46 304
1 70 201 106 292
1 390 209 426 296
3 187 199 212 230
3 178 200 189 227
3 289 203 309 225
3 270 197 284 230
3 335 197 358 227
3 374 206 390 225
3 496 204 514 240
3 538 203 555 226
3 574 206 599 235
3 638 208 648 231
3 649 209 659 229
3 655 209 671 230
3 687 209 700 226
3 708 217 726 238
3 786 217 800 240
