40
1 11 220 33 273
1 32 227 54 283
1 60 217 83 275
1 71 225 106 313
1 111 226 138 295
1 132 219 186 352
1 175 228 206 303
1 201 222 226 285
1 261 234 292 313
1 339 233 374 321
1 331 231 360 302
1 404 229 427 287
1 421 236 448 302
1 440 236 476 323
1 465 240 504 335
1 496 230 522 296
1 11 177 25 213
1 38 181 53 218
1 61 181 75 217
1 93 179 111 224
1 136 186 149 218
1 152 183 167 222
1 179 181 194 217
1 187 181 204 222
1 204 188 217 223
1 222 182 237 221
1 235 189 248 224
1 251 182 268 227
1 282 182 298 223
1 318 182 336 226
1 358 185 373 223
1 397 183 415 226
1 496 183 511 220
1 461 183 481 233
1 448 187 463 224
1 435 187 451 227
1 424 191 439 227
1 415 186 430 222
1 384 187 401 230
1 342 188 355 222
