29
1 334 214 394 360
1 284 207 350 367
1 279 250 328 369
1 244 246 296 374
1 214 237 271 377
1 193 267 238 376
1 159 227 224 385
1 146 305 174 377
1 115 264 164 385
1 86 276 131 386
1 64 289 105 389
1 49 300 86 390
1 29 307 63 392
1 13 317 44 395
1 388 303 405 348
1 396 307 412 347
1 407 306 422 345
1 415 299 433 342
1 422 291 442 343
1 455 280 479 341
1 477 274 502 335
1 502 279 523 330
1 517 281 535 327
1 530 279 548 324
1 537 269 559 324
1 562 270 582 318
1 583 267 600 314
1 440 294 458 340
3 577 265 586 275
