44
1 46 797 132 1008
1 160 807 235 992
1 237 808 311 992
1 250 798 333 1003
1 265 801 359 1033
1 321 802 423 1050
1 403 793 513 1064
1 446 794 564 1081
1 548 774 686 1111
1 523 790 604 988
1 658 783 737 977
1 658 785 803 1139
1 726 781 820 1013
1 817 785 881 941
1 857 792 918 944
1 888 771 994 1030
1 874 741 1065 1206
1 1055 755 1180 1062
1 1047 782 1120 960
1 1129 775 1208 971
1 1187 786 1240 915
1 1199 780 1263 936
1 1216 772 1299 976
1 1269 780 1332 936
1 1287 738 1429 1084
1 1422 779 1465 887
1 1456 768 1520 924
1 1464 760 1542 952
1 1495 766 1589 996
1 1577 764 1642 926
1 1598 757 1680 957
1 1668 765 1724 905
1 1698 738 1777 932
1 1747 761 1813 921
1 1771 759 1832 908
1 1818 756 1872 889
1 1875 760 1922 877
1 1891 744 1977 953
1 1444 773 1486 878
1 385 807 448 961
3 1949 778 1984 849
3 2046 773 2084 853
3 1023 778 1048 817
3 522 790 547 834
