31
1 0 33 91 296
1 185 82 228 186
1 229 83 271 187
1 266 85 306 185
1 309 83 351 186
1 337 85 377 182
1 370 85 406 175
3 1 177 152 322
3 114 153 173 289
3 85 128 126 207
3 73 117 91 145
3 106 111 121 129
3 133 112 181 164
3 196 144 280 283
3 215 209 343 319
3 375 150 503 322
3 520 161 597 323
3 557 133 585 163
3 474 133 533 225
3 270 136 333 210
3 327 153 407 283
3 359 137 402 193
3 405 111 443 148
3 467 107 491 167
3 489 107 508 158
3 512 106 529 137
3 523 107 550 173
3 556 105 585 136
3 580 111 602 166
3 588 138 630 194
3 571 88 590 121
