30
1 124 196 185 345
1 114 171 156 273
1 167 162 212 272
1 236 173 282 285
1 271 171 318 289
1 257 164 303 278
1 91 118 119 190
1 130 121 157 187
1 230 132 260 208
1 281 94 300 144
1 251 91 269 138
1 311 170 354 278
1 333 172 381 292
1 386 213 437 337
1 416 254 453 348
1 443 182 491 301
1 495 184 544 304
1 385 144 419 230
1 397 142 432 227
1 494 79 508 115
1 450 74 463 108
1 423 98 446 155
1 411 112 432 165
1 447 124 471 182
1 462 139 492 215
1 420 137 450 210
1 314 151 342 223
3 262 131 278 167
3 281 347 340 384
5 497 106 577 216
