31
1 376 288 425 409
1 333 272 379 388
1 206 274 257 401
1 86 239 136 364
1 129 212 171 316
1 94 202 134 299
1 115 161 154 257
1 237 216 285 335
1 276 228 322 343
1 327 235 372 344
1 271 172 312 272
1 306 170 338 251
1 339 179 372 262
1 385 191 419 274
1 423 195 458 283
1 461 208 498 298
1 494 218 528 304
1 516 218 554 313
1 544 230 580 317
1 572 234 600 330
1 370 221 413 327
3 501 261 529 331
3 545 268 573 347
3 457 253 485 319
3 432 239 454 312
3 402 232 426 293
3 363 224 382 278
3 313 215 333 276
3 256 197 280 262
3 222 187 246 251
5 3 26 213 121
