38
1 574 249 596 303
1 531 249 555 309
1 505 245 540 334
1 483 247 518 332
1 440 237 508 405
1 420 258 438 301
1 381 257 401 305
1 324 231 402 423
1 270 260 295 324
1 225 248 280 382
1 221 261 249 333
1 206 260 230 321
1 192 261 219 329
1 181 260 201 308
1 172 265 201 338
1 146 266 172 330
1 136 262 156 311
1 113 267 143 342
1 100 268 126 334
1 81 263 108 328
1 65 270 95 343
1 51 265 81 338
1 44 267 68 329
1 35 267 58 326
1 3 268 37 350
3 3 262 16 339
3 0 266 11 297
3 28 262 42 320
3 80 264 91 287
3 110 262 124 284
3 122 258 140 292
3 144 262 159 313
3 156 262 175 309
3 161 260 183 299
3 235 257 252 273
3 591 247 599 297
3 316 257 336 319
3 479 250 503 320
