42
1 0 172 27 243
1 21 174 52 252
1 30 166 68 258
1 44 166 82 262
1 66 166 112 280
1 99 162 150 287
1 126 159 185 304
1 157 148 228 322
1 214 164 265 291
1 259 158 320 307
1 286 167 335 289
1 329 156 382 289
1 383 165 429 280
1 424 167 466 270
1 452 173 487 259
1 472 172 505 255
1 493 175 524 252
1 319 175 348 245
1 522 181 528 199
3 471 173 488 209
3 445 170 469 207
3 426 169 446 211
3 413 173 435 209
3 385 170 404 220
3 375 174 394 227
3 313 177 331 197
3 262 167 279 228
3 247 162 275 226
3 204 172 220 197
3 158 175 175 215
3 128 171 149 198
3 128 169 142 187
3 108 172 126 188
3 92 167 114 218
3 72 167 86 187
3 48 168 63 186
3 42 167 53 184
3 21 169 35 186
3 18 171 25 179
3 0 166 10 184
3 513 181 527 193
3 222 170 240 198
