50
1 52 119 121 290
1 111 320 203 546
1 0 356 45 545
1 192 131 198 147
1 198 134 201 145
1 272 135 275 145
1 302 133 306 146
1 312 134 316 144
1 243 419 261 464
1 249 419 265 458
1 220 424 234 459
1 379 47 492 325
1 453 77 493 176
1 307 79 337 152
1 329 79 357 151
1 335 73 365 150
1 355 76 378 133
1 475 79 504 150
1 493 85 515 140
1 522 86 544 141
1 558 86 583 147
1 581 73 626 184
1 578 63 640 318
1 91 434 102 462
1 100 435 112 464
1 203 428 214 457
1 198 434 206 456
1 188 432 198 456
1 269 425 280 452
1 289 426 299 451
1 296 427 304 450
1 304 423 314 451
1 612 408 640 514
1 546 448 559 480
1 536 446 546 472
3 46 127 97 221
3 74 122 83 134
3 79 125 88 136
3 151 131 159 144
3 386 325 611 580
3 324 67 340 94
3 339 66 353 86
3 357 67 369 82
3 354 114 382 151
3 418 76 446 104
3 444 80 458 104
3 475 76 483 91
3 480 80 489 93
3 536 99 561 145
3 547 95 561 112
