36
1 10 7 93 211
1 241 78 341 321
3 58 6 142 180
3 45 23 67 47
3 55 12 75 26
3 64 25 77 48
3 127 8 147 43
3 143 11 161 41
3 153 7 178 36
3 176 17 191 34
3 140 45 171 98
3 166 35 180 66
3 180 32 199 54
3 193 28 210 52
3 195 2 224 48
3 222 35 242 70
3 203 45 227 104
3 171 51 208 116
3 158 48 196 101
3 225 58 251 120
3 242 44 274 97
3 262 34 287 67
3 266 48 294 97
3 293 29 311 45
3 293 45 314 89
3 306 43 331 78
3 316 57 345 104
3 333 40 360 103
3 299 2 324 21
3 389 2 411 36
3 449 3 488 67
3 304 211 414 352
3 386 171 465 294
3 440 153 490 278
3 400 260 486 357
3 49 123 285 364
