41
1 33 185 68 272
1 43 149 70 215
1 156 181 186 254
1 155 217 189 303
1 180 160 209 234
1 274 255 311 345
1 282 116 304 173
1 429 257 462 340
1 487 113 517 187
1 514 135 547 215
1 545 219 581 309
1 611 143 641 217
1 624 163 657 245
1 646 191 678 271
1 758 167 790 246
1 401 218 435 302
1 409 148 445 235
1 552 4 570 50
1 529 1 548 51
1 569 1 588 51
1 504 4 522 51
3 181 130 215 167
3 270 128 323 175
3 281 157 328 185
3 285 182 333 226
3 276 209 327 257
3 401 181 425 228
3 401 130 446 164
3 388 114 420 138
3 410 94 442 134
3 534 149 569 191
3 537 185 586 225
3 714 320 773 364
3 588 1 599 54
5 6 3 259 103
5 254 0 492 122
5 490 36 640 159
5 636 31 796 186
5 2 250 198 510
5 196 330 490 531
5 488 353 797 528
