43
1 0 231 28 302
1 31 240 67 328
1 75 240 105 315
1 105 257 137 337
1 118 237 149 315
1 153 243 187 326
1 175 235 208 319
1 199 246 230 325
1 230 241 266 331
1 261 249 297 337
1 278 248 311 329
1 314 235 345 314
1 333 252 367 336
1 381 245 410 319
1 419 215 450 291
1 415 204 444 278
1 460 222 488 292
1 445 190 476 268
1 464 204 487 262
1 336 201 367 277
1 292 217 323 292
1 270 208 297 273
1 248 231 277 304
1 208 231 237 303
1 163 232 195 312
1 87 222 115 292
1 12 222 43 299
3 29 188 50 214
3 29 242 44 314
3 37 228 60 256
3 61 236 86 281
3 132 227 160 287
3 190 225 210 250
3 224 221 246 244
3 314 200 330 233
3 321 202 348 232
3 369 200 399 234
3 376 209 410 245
3 430 185 456 225
3 459 187 477 210
3 455 176 476 196
3 480 192 493 207
3 419 171 439 196
