47
1 5 155 16 183
1 50 169 93 273
1 39 150 83 258
1 27 151 45 195
1 84 155 97 186
1 96 161 106 185
1 140 171 183 278
1 123 159 165 265
1 184 157 218 243
1 170 157 206 244
1 218 160 258 260
1 232 168 276 277
1 253 169 298 279
1 276 154 316 255
1 293 155 336 260
1 308 157 352 266
1 325 151 374 273
1 352 167 399 285
1 388 163 430 268
1 405 164 450 276
1 433 166 479 280
1 462 171 502 270
1 493 172 534 275
1 534 173 579 282
1 566 172 572 189
1 580 170 588 191
1 590 169 598 191
3 31 148 53 248
3 36 151 58 196
3 65 155 84 185
3 76 154 89 169
3 100 150 125 242
3 107 149 133 253
3 111 155 138 265
3 136 160 167 229
3 171 155 181 180
3 187 152 200 180
3 198 158 225 257
3 208 156 238 263
3 242 152 256 188
3 256 153 272 181
3 272 149 295 184
3 357 154 376 183
3 378 150 404 186
3 445 162 458 189
3 332 154 347 174
3 305 151 321 177
