26
1 0 1558 134 1951
1 312 659 1362 3223
1 0 1710 191 2471
1 146 1800 410 2446
1 291 1631 619 2433
1 462 1875 695 2445
1 2486 1640 2682 2120
1 3266 647 4320 3224
1 2669 462 3803 3227
1 1275 485 2397 3224
1 1150 1624 1493 2462
1 2317 1847 2538 2387
1 2173 1835 2407 2407
1 2277 1558 2446 1974
1 2255 1567 2392 1901
1 4154 1926 4320 2605
1 3936 1583 4320 2568
3 306 1604 485 1858
3 1262 1381 1402 1640
3 1143 1481 1262 1713
3 2253 1378 2455 1666
3 2461 1382 2611 1600
3 2171 1371 2275 1727
3 4215 1631 4317 1782
3 4227 1718 4317 1913
3 4252 1434 4316 1695
