40
1 17 337 63 450
1 52 321 95 425
1 71 339 109 435
1 115 347 152 441
1 137 307 196 451
1 105 384 149 494
1 183 338 230 455
1 280 325 315 413
1 301 330 350 450
1 335 322 372 415
1 366 314 399 395
1 392 349 437 462
1 414 308 460 423
1 431 328 467 417
1 463 326 509 442
1 493 371 539 487
1 535 357 569 442
1 564 326 605 426
1 583 331 631 448
1 600 295 645 404
1 631 363 671 462
1 509 322 535 388
1 533 316 564 392
3 34 317 59 351
3 4 322 22 366
3 5 371 54 492
3 47 315 81 372
3 127 321 163 406
3 195 314 224 366
3 293 324 324 377
3 314 319 335 352
3 380 314 414 379
3 398 311 433 358
3 467 307 493 346
3 452 292 470 323
3 564 307 585 353
3 586 309 608 340
3 629 321 683 446
3 517 448 575 492
3 336 448 401 493
