30
1 9 320 33 379
1 121 325 139 369
1 225 328 244 377
1 236 326 258 379
1 362 330 380 373
1 379 330 391 361
1 476 323 488 352
1 570 328 581 357
3 131 334 162 389
3 164 330 199 390
3 148 322 166 350
3 203 328 224 383
3 195 318 216 347
3 214 325 234 340
3 249 328 280 387
3 267 332 302 389
3 290 332 317 383
3 300 339 326 387
3 307 323 321 347
3 319 326 334 371
3 329 325 345 336
3 323 338 346 371
3 332 346 362 387
3 345 323 358 349
3 379 338 416 388
3 388 328 406 349
3 412 334 447 388
3 416 328 443 352
3 442 334 472 389
3 458 321 478 350
