30
1 0 183 66 358
1 72 193 130 338
1 117 198 164 315
1 151 197 193 299
1 208 191 264 329
1 283 186 383 431
1 471 196 549 387
1 409 199 467 343
1 373 233 411 325
1 537 195 580 342
3 46 181 88 250
3 34 192 63 238
3 114 173 155 206
3 109 195 140 229
3 209 164 245 210
3 182 186 221 233
3 196 217 215 249
3 234 197 311 347
3 343 181 378 246
3 367 169 403 212
3 369 189 403 233
3 392 204 421 282
3 431 173 456 197
3 446 153 478 193
3 441 186 471 258
3 464 202 496 228
3 517 168 548 237
3 508 177 534 222
3 546 164 571 200
3 524 156 552 185
