36
1 22 40 67 149
1 0 125 43 235
1 58 82 99 185
1 67 149 118 276
1 55 211 114 356
1 107 196 174 360
1 104 110 157 239
1 101 53 141 152
1 123 30 162 127
1 158 65 204 179
1 181 45 226 158
1 201 25 239 121
1 184 132 229 242
1 199 185 267 350
1 267 187 333 350
1 240 93 285 204
1 265 53 308 161
1 304 115 345 218
1 338 83 378 182
1 314 173 382 338
1 346 167 407 319
1 403 140 470 306
1 464 183 523 328
1 477 137 542 298
1 511 134 550 254
1 506 57 541 145
1 413 61 459 176
1 482 42 518 132
1 339 26 378 123
3 32 196 74 247
3 285 33 320 94
3 305 45 364 131
3 270 159 332 213
3 389 10 454 117
3 518 86 549 134
3 508 4 548 75
