37
1 13 166 39 231
1 44 178 65 231
1 64 174 85 227
1 85 174 108 233
1 107 173 130 232
1 131 177 152 232
1 153 172 178 232
1 169 167 190 219
1 175 173 200 233
1 191 167 211 217
1 202 178 221 227
1 212 168 230 215
1 222 175 243 229
1 231 164 253 218
1 244 176 265 231
1 254 169 275 222
1 265 179 286 231
1 273 166 294 217
1 287 177 309 232
1 295 169 314 219
1 311 177 333 232
1 317 173 337 222
1 335 183 354 231
1 357 172 380 228
1 379 180 399 232
1 398 174 420 229
1 419 176 441 229
3 404 171 420 205
3 394 166 404 188
3 381 164 394 187
3 352 167 373 189
3 338 167 357 188
3 149 168 160 183
3 129 169 143 191
3 84 161 96 178
3 61 166 76 184
3 40 162 59 195
