41
1 3 275 13 301
1 30 267 60 341
1 39 263 98 409
1 95 266 123 337
1 85 274 108 331
1 137 269 157 320
1 145 261 198 391
1 178 258 243 416
1 211 265 256 376
1 234 268 252 314
1 249 264 266 308
1 270 255 326 394
1 325 253 375 377
1 352 245 430 435
1 385 259 428 365
1 428 258 488 406
1 482 253 538 391
1 523 257 570 372
1 556 239 650 470
1 617 232 696 426
1 655 241 717 395
1 677 238 733 377
1 705 239 759 371
1 728 246 775 360
1 750 251 790 351
3 265 258 287 284
3 290 255 311 277
3 303 260 316 277
3 311 257 333 277
3 345 256 371 278
3 403 253 427 310
3 451 247 499 299
3 506 255 537 284
3 554 247 579 276
3 618 244 645 265
3 470 57 493 74
3 651 243 676 270
3 701 244 719 259
3 761 246 794 340
3 773 247 799 326
3 777 248 797 315
