34
1 404 88 426 145
1 393 84 417 144
1 413 92 436 148
1 448 95 469 147
1 480 88 500 145
1 364 83 386 140
1 338 83 365 148
1 324 82 350 149
1 307 90 331 149
1 295 87 320 148
1 288 85 310 141
1 115 82 142 149
1 132 86 157 149
1 150 86 174 148
1 178 85 204 150
1 193 82 221 153
1 255 79 280 143
3 169 82 193 139
3 210 75 239 125
3 239 80 262 118
3 208 118 256 166
3 267 81 283 136
3 453 116 491 164
3 451 124 473 156
3 417 135 456 175
3 333 147 370 171
3 327 123 360 160
3 308 125 345 168
3 355 166 406 220
3 155 181 224 261
3 12 167 88 251
3 10 135 76 206
3 253 138 309 175
3 265 236 385 317
