39
1 136 1808 188 1937
1 42 1825 80 1919
1 89 1842 124 1930
1 67 1844 101 1926
1 857 1826 926 1994
1 894 1829 963 2000
1 971 1790 1091 2086
1 1239 1848 1301 2000
1 1377 1833 1429 1960
1 1436 1828 1496 1974
1 2523 1792 2603 1989
1 2468 1810 2547 2003
1 2187 1812 2255 1981
1 2252 1823 2316 1979
1 2061 1830 2114 1961
1 2006 1836 2053 1953
1 1944 1806 2019 1990
1 1907 1817 1979 1996
1 1856 1824 1908 1952
1 1829 1825 1880 1952
1 1747 1830 1795 1950
1 1508 1823 1557 1943
1 1465 1818 1518 1950
1 1678 1833 1715 1927
1 1656 1829 1691 1918
1 1784 1817 1834 1940
1 1592 1824 1631 1919
1 1553 1829 1592 1927
1 1813 1832 1854 1934
1 1414 1832 1460 1947
1 1371 1825 1408 1916
1 1494 1825 1541 1940
2 2914 1755 3067 2132
2 2284 1788 2356 1963
3 395 1798 440 1843
3 503 1860 558 1920
4 1222 1378 1252 1447
4 1253 1405 1268 1448
5 1344 1825 1388 1913
