30
1 6 215 43 308
1 33 218 70 308
1 55 220 90 308
1 86 222 120 308
1 106 225 139 308
1 126 222 159 305
1 147 216 183 304
1 167 212 203 303
1 184 214 219 303
1 198 216 234 306
1 219 220 253 305
1 246 215 282 304
1 268 216 303 304
1 289 214 325 304
1 315 221 347 302
1 331 215 366 302
1 345 214 381 304
1 352 209 391 304
1 374 219 409 306
1 394 218 430 306
1 414 221 448 306
1 427 220 463 309
1 450 221 486 310
1 468 219 505 309
1 497 219 533 308
1 519 228 550 310
1 146 38 152 52
5 73 71 106 90
5 114 79 120 87
5 128 74 136 87
