116
1 212 38 262 159
1 0 261 53 414
1 44 265 106 417
1 93 272 149 412
1 145 261 207 415
1 203 274 260 416
1 244 269 302 410
1 292 262 354 414
1 335 267 396 416
1 395 271 453 415
1 422 267 480 412
1 471 263 533 415
1 500 268 542 373
1 455 271 482 337
1 396 274 410 310
1 388 268 422 354
1 483 211 494 241
1 470 214 476 230
1 458 212 467 234
1 436 212 453 256
1 347 196 359 225
1 331 195 341 219
1 343 211 350 231
1 36 228 55 275
1 65 231 78 265
1 93 237 109 279
1 126 238 148 292
1 139 264 176 355
1 148 240 162 278
1 184 243 203 291
1 217 237 237 287
1 250 241 270 290
1 273 242 283 266
1 233 200 253 250
1 261 211 277 251
1 255 214 263 237
1 205 199 219 234
1 218 202 229 231
1 190 197 205 234
1 172 197 186 235
1 162 198 176 235
1 147 197 153 215
1 15 214 33 259
1 101 216 112 244
1 0 215 8 249
1 57 202 60 213
1 30 266 77 384
1 128 219 139 245
1 88 289 119 365
1 509 264 550 418
1 0 263 28 378
1 34 309 48 343
1 15 239 26 266
1 226 196 246 248
1 46 269 84 363
1 304 217 325 269
1 324 217 340 258
1 336 227 349 260
1 341 241 366 301
1 378 229 405 298
1 468 234 489 289
1 353 215 361 238
1 420 242 431 268
1 486 232 503 277
1 341 260 363 314
1 519 231 533 266
1 507 237 515 259
1 289 190 295 208
1 272 193 290 236
1 360 249 368 272
1 404 239 415 267
1 430 241 441 267
3 105 270 119 291
3 80 238 92 256
3 33 259 44 279
3 68 259 79 269
3 109 235 122 250
3 52 229 59 243
3 173 243 183 257
3 373 217 382 230
3 357 229 369 244
3 375 230 387 246
3 401 222 414 237
3 429 229 440 239
3 461 261 472 271
3 513 232 523 246
3 528 275 539 287
3 533 232 543 251
3 542 234 549 256
3 530 248 541 258
3 534 258 543 269
3 282 234 301 270
3 260 172 270 198
3 270 173 285 192
3 298 207 310 234
3 131 317 147 359
5 159 198 167 205
5 202 193 210 205
5 225 195 232 210
5 250 200 259 215
5 259 198 266 209
5 267 197 278 210
5 36 287 49 300
5 26 218 38 233
5 43 210 55 226
5 130 204 140 217
5 183 242 189 254
5 524 258 537 275
5 283 222 296 234
5 283 212 294 222
5 281 199 292 211
5 305 198 314 210
5 314 198 324 215
5 250 273 268 296
5 429 268 442 285
5 453 236 459 249
