42
1 862 241 905 347
1 838 246 879 346
1 818 246 858 346
1 788 244 831 348
1 749 242 787 337
1 771 252 804 336
1 702 269 727 329
1 682 250 709 316
1 661 251 690 325
1 615 276 636 331
1 616 255 646 328
1 594 256 622 327
1 584 263 609 324
1 570 261 594 322
1 550 259 570 309
1 557 257 581 317
1 539 257 556 298
1 509 260 532 317
1 503 262 522 310
1 488 261 507 308
1 465 262 481 303
1 453 262 466 297
1 445 262 459 296
1 422 267 436 303
1 413 275 426 309
1 404 267 413 288
1 304 271 314 297
1 315 271 326 298
1 289 272 297 292
1 278 272 285 292
3 387 261 402 276
3 439 278 450 304
3 260 286 278 308
3 409 262 416 272
3 364 266 376 284
5 342 264 363 277
5 323 264 341 289
5 125 274 163 281
5 173 269 214 284
5 214 269 250 282
5 250 268 273 286
5 294 266 306 278
