38
1 70 74 176 334
1 205 127 228 184
1 174 103 186 134
1 22 104 54 185
1 50 109 78 181
1 213 101 244 177
1 232 103 260 175
1 0 117 18 189
1 301 92 311 119
1 392 100 398 115
3 9 101 23 120
3 1 100 11 119
3 45 110 56 123
3 66 108 76 120
3 250 117 263 152
3 263 116 279 200
3 294 117 314 199
3 320 123 340 206
3 338 126 380 209
3 406 121 447 225
3 455 122 499 223
3 512 121 544 223
3 447 116 458 134
3 462 112 475 129
3 535 113 548 129
3 316 98 326 121
3 327 100 338 114
5 43 100 81 110
5 510 82 548 112
5 440 86 466 97
5 476 106 507 123
5 402 89 448 122
5 358 90 403 99
5 358 99 385 126
5 338 90 358 126
5 247 94 297 115
5 312 89 338 99
5 159 101 174 120
