56
1 142 123 233 348
1 81 128 156 313
1 48 127 114 287
1 9 125 67 270
1 0 124 40 255
1 563 134 600 301
1 431 126 518 341
1 543 133 596 262
1 512 129 540 198
1 526 136 566 233
1 470 134 531 284
1 387 133 441 266
1 329 130 402 308
1 271 127 336 288
1 326 128 375 249
1 260 127 305 238
1 211 128 268 270
1 424 134 452 203
1 396 0 410 37
3 61 122 76 150
3 101 123 113 151
3 136 120 160 146
3 344 1 368 36
3 326 0 344 36
3 308 0 326 34
3 287 0 307 34
3 270 0 287 36
3 251 1 270 34
3 236 0 251 33
3 214 0 235 31
3 194 0 215 29
3 175 0 194 29
3 155 0 175 29
3 137 0 155 28
3 115 0 136 25
3 99 0 115 23
3 75 1 90 35
3 51 1 76 35
3 29 0 51 31
3 11 0 28 30
3 0 0 11 31
3 414 0 427 10
3 430 0 444 12
3 423 8 440 33
3 442 6 459 34
3 461 6 474 33
3 476 4 494 38
3 496 7 511 39
3 512 9 526 34
3 527 8 545 35
3 545 8 564 38
3 562 7 578 35
3 580 8 595 35
3 581 131 590 153
3 337 125 356 151
5 445 0 593 9
