33
1 0 120 62 330
1 22 139 94 316
1 41 136 120 329
1 75 143 145 315
1 125 142 196 316
1 107 115 184 304
1 172 120 246 301
1 212 119 288 305
1 347 116 420 294
1 237 94 349 370
1 316 119 370 254
1 437 130 491 264
1 422 128 472 250
1 167 18 188 71
1 178 23 196 70
1 66 15 75 37
1 69 8 91 64
3 303 125 322 155
3 323 127 333 151
3 401 6 422 39
3 428 0 450 36
3 327 18 345 49
3 296 12 326 48
3 267 33 286 55
3 244 33 266 56
3 226 35 244 56
3 399 175 423 230
3 134 33 159 67
3 47 30 61 55
3 43 9 61 29
3 23 46 49 87
3 7 44 22 87
3 215 133 230 162
