34
1 65 146 200 477
1 298 155 399 404
1 399 151 582 597
1 558 157 629 333
1 167 168 216 290
1 231 164 264 245
1 279 180 324 290
1 427 163 447 215
1 212 178 226 216
1 404 170 427 227
1 387 164 407 212
1 354 162 393 259
1 584 167 624 265
1 824 140 889 394
1 724 163 767 267
1 725 165 749 223
1 651 173 688 264
1 694 167 710 207
1 636 215 658 268
1 25 182 85 329
3 203 212 252 279
3 254 225 292 299
3 388 209 415 242
3 762 191 789 255
3 768 157 790 190
3 618 202 640 274
3 617 176 639 203
3 653 154 675 171
3 709 186 730 233
3 685 213 718 274
3 794 175 819 254
3 819 173 837 256
3 449 162 467 196
3 73 244 99 312
