53
1 58 222 71 255
1 232 201 291 347
1 280 209 308 277
1 290 176 383 402
1 408 207 433 270
1 374 209 391 253
1 402 239 417 279
1 298 211 318 259
1 188 210 209 264
1 179 215 195 254
1 153 217 161 239
1 590 199 644 330
1 620 211 657 304
1 554 197 585 275
1 521 208 535 244
1 550 205 565 242
1 573 214 588 250
1 651 209 665 274
1 442 216 453 243
1 491 212 500 235
1 389 214 402 245
1 217 212 228 241
1 130 227 139 249
1 114 225 121 245
1 46 220 53 240
1 20 220 29 245
3 21 256 61 280
3 170 274 199 303
3 156 249 182 274
3 36 242 55 257
3 104 232 113 248
3 90 221 104 246
3 7 243 22 258
3 5 221 15 240
3 14 221 22 238
3 35 217 46 235
5 535 210 553 235
5 506 198 516 212
5 517 196 526 211
5 500 210 523 232
5 455 211 488 231
5 423 214 441 227
5 446 208 453 220
5 455 199 473 211
5 427 200 434 210
5 385 199 399 208
5 403 198 414 208
5 160 216 181 241
5 270 212 288 225
5 201 219 220 233
5 71 223 83 236
5 78 242 89 254
5 126 216 151 228
