74
1 25 146 52 212
1 217 98 228 127
1 227 99 237 126
1 236 95 248 125
1 247 98 258 125
1 254 98 264 124
1 243 94 256 125
1 276 99 285 123
1 258 88 268 116
1 263 89 273 117
1 270 97 281 124
1 284 97 294 123
1 290 93 299 116
1 359 137 366 154
1 340 154 354 192
1 395 134 404 155
1 390 127 400 153
1 373 113 379 128
1 367 94 374 113
1 364 89 368 102
1 390 175 415 236
1 404 179 425 232
1 305 176 322 218
1 293 172 313 220
1 349 181 379 257
1 330 203 371 306
1 313 215 355 319
1 281 226 325 336
1 208 204 249 304
1 173 211 216 315
1 140 224 183 331
1 490 176 515 239
1 498 178 521 237
1 628 152 643 192
1 610 156 626 197
1 549 148 562 179
1 556 149 566 177
1 557 145 569 174
1 522 142 535 176
1 512 128 519 147
1 520 124 526 142
1 525 125 530 140
1 529 132 538 153
1 631 133 638 150
1 636 131 644 154
1 655 131 662 151
1 664 127 671 147
1 650 128 659 149
1 644 129 651 149
1 593 133 601 155
1 574 133 583 155
3 94 105 110 126
3 109 104 120 122
3 120 103 133 123
3 140 103 152 121
3 152 103 162 120
3 162 103 171 121
3 171 103 180 121
3 180 103 186 120
3 186 103 195 120
5 295 98 302 106
5 300 89 307 99
5 415 87 447 119
5 380 86 415 118
5 420 119 448 141
5 602 125 631 153
5 581 130 595 157
5 535 128 554 154
5 554 127 576 147
5 658 126 663 136
5 349 84 364 108
5 352 108 374 137
5 378 118 420 131
5 402 131 415 151
