35
1 11 135 47 226
1 36 128 67 205
1 52 132 76 193
1 128 136 146 180
1 146 134 168 190
1 166 130 180 164
1 346 129 368 185
1 25 97 173 458
1 144 96 264 389
1 203 103 282 298
1 231 115 299 281
1 253 119 307 254
1 276 126 318 232
1 294 124 325 202
1 305 125 332 191
1 361 130 368 148
1 403 123 434 202
1 412 123 465 255
1 427 112 490 269
1 443 108 525 308
1 472 97 584 372
1 602 104 700 444
1 574 130 600 195
1 561 121 588 190
1 624 123 644 173
1 599 128 617 175
1 585 127 604 174
1 393 131 414 182
1 390 130 408 176
5 330 127 351 149
5 367 126 393 145
5 421 118 434 144
5 640 124 651 146
5 621 125 631 140
5 541 124 567 147
