50
1 0 290 57 486
1 4 289 77 470
1 141 287 211 461
1 188 288 234 400
1 95 278 138 384
1 75 267 114 363
1 242 287 292 409
1 271 309 346 492
1 299 317 406 579
1 370 301 414 408
1 273 260 287 296
1 447 300 542 531
1 432 299 486 434
1 527 283 579 409
1 546 301 585 398
1 617 306 658 407
1 626 307 681 443
1 635 310 706 483
1 581 287 603 344
1 596 290 617 342
1 398 296 448 421
1 129 289 191 443
1 703 300 737 382
1 717 306 755 398
1 761 310 815 445
1 856 329 942 538
1 854 334 915 482
1 816 320 852 409
1 799 281 809 306
1 818 290 830 323
1 841 290 853 321
1 1039 335 1101 489
1 1007 329 1053 445
1 1142 329 1180 422
1 1008 298 1023 335
1 1043 306 1054 335
1 1101 314 1138 407
1 1177 325 1200 393
1 1168 312 1184 351
1 1167 362 1200 485
1 768 301 792 362
1 932 299 943 327
1 917 294 926 319
3 0 243 17 269
3 59 250 84 273
3 307 258 329 288
5 456 272 481 299
5 353 260 421 299
5 1057 297 1100 330
5 618 291 642 317
