53
1 82 203 112 277
1 94 220 124 294
1 102 193 133 269
1 113 212 143 287
1 137 220 166 294
1 133 204 163 278
1 161 225 190 297
1 157 196 182 260
1 174 191 200 258
1 181 224 210 297
1 204 215 234 290
1 199 197 228 269
1 187 204 212 268
1 220 192 248 262
1 192 184 221 257
1 229 233 263 315
1 232 224 253 275
1 249 216 279 291
1 245 197 275 270
1 225 207 254 281
1 260 190 291 268
1 276 206 305 280
1 288 227 323 315
1 316 220 348 298
1 306 225 334 293
1 288 185 300 217
1 306 197 317 225
1 318 193 328 220
1 331 185 356 249
1 337 212 367 286
1 345 226 377 304
1 362 206 391 279
1 371 218 404 298
1 378 193 409 272
1 394 188 420 255
1 393 214 424 290
1 403 203 435 282
1 430 197 439 219
1 419 221 451 299
1 446 225 480 310
1 439 213 472 294
1 454 188 467 221
1 457 204 490 286
1 465 219 498 302
1 483 195 495 225
1 482 214 514 293
1 552 204 585 284
1 529 212 562 294
1 517 220 549 300
1 500 227 533 310
1 498 206 528 281
1 518 198 539 253
1 536 187 569 267
