58
1 221 92 293 269
1 123 86 190 250
1 265 103 327 258
1 265 92 288 149
1 155 102 193 198
1 211 102 234 159
1 94 98 124 173
1 65 97 91 162
1 113 103 137 162
1 124 103 146 156
1 0 100 30 176
1 27 103 43 145
1 49 104 61 137
1 201 103 216 139
1 186 101 197 128
1 81 99 104 158
1 205 102 229 162
1 320 50 340 99
1 330 45 346 86
1 358 46 375 91
1 374 73 400 140
1 395 94 422 160
1 403 73 417 109
1 426 74 457 153
1 462 68 492 145
1 447 54 472 114
1 571 23 608 161
1 521 31 558 122
1 493 49 519 116
1 489 51 504 88
1 412 46 433 98
1 397 49 407 75
1 369 53 386 98
1 426 38 435 60
1 442 43 456 79
1 477 58 490 92
1 411 36 417 52
1 557 231 602 343
1 440 201 531 422
1 342 217 419 405
1 545 241 569 302
1 533 235 561 305
1 518 234 526 257
1 459 245 481 301
1 437 240 456 290
1 370 230 422 359
1 311 213 382 388
1 268 199 360 427
1 99 278 161 432
3 401 285 477 422
3 146 374 211 430
5 458 45 467 58
5 368 40 374 52
5 375 38 382 50
5 381 36 389 48
5 390 38 397 51
5 398 33 404 42
5 377 51 393 68
