45
1 304 54 327 110
1 337 26 349 59
1 272 37 295 95
1 218 100 258 198
1 160 91 202 196
1 106 74 155 196
1 199 73 213 109
1 243 72 251 95
1 264 31 279 67
1 248 39 255 56
1 234 56 243 78
1 211 79 247 169
1 300 35 320 84
1 322 26 327 40
1 172 20 183 50
1 159 17 169 41
1 261 80 270 102
1 66 136 119 268
1 37 7 46 30
1 23 4 32 26
1 68 17 76 39
1 102 18 109 36
1 117 17 124 37
1 137 20 150 54
1 126 11 134 31
1 181 15 189 38
1 76 13 85 35
1 90 8 98 31
1 229 23 240 52
1 200 26 211 53
1 222 23 231 46
3 147 17 157 33
3 60 23 69 42
5 96 0 123 17
5 141 0 189 16
5 206 1 247 19
5 253 0 293 19
5 321 0 335 23
5 336 0 350 22
5 260 18 283 29
5 206 19 224 41
5 249 21 260 38
5 283 19 298 33
5 349 3 359 25
5 351 27 359 51
