82
1 8 524 123 808
1 61 519 180 811
1 137 539 248 811
1 210 524 328 813
1 265 544 370 801
1 331 532 400 702
1 383 556 478 790
1 457 542 565 809
1 123 528 235 803
1 1489 538 1604 818
1 1410 538 1526 822
1 1341 530 1460 822
1 1266 548 1378 822
1 1173 519 1296 822
1 1226 514 1328 766
1 1134 537 1194 683
1 1086 536 1122 626
1 1002 543 1083 742
1 913 546 992 741
1 894 547 933 643
1 833 542 903 716
1 772 541 878 803
1 714 525 794 721
1 994 480 1015 532
1 985 548 1017 629
1 597 511 626 581
1 589 544 671 745
1 543 549 594 674
1 446 513 475 586
1 676 538 715 634
3 311 620 416 835
3 420 622 513 838
3 514 626 568 733
3 567 632 623 831
3 632 631 719 835
3 720 629 827 833
3 828 625 940 836
3 939 626 1043 835
3 1048 627 1140 843
3 1139 625 1234 842
3 1288 503 1323 545
3 1171 506 1204 537
3 1117 503 1149 545
3 1083 498 1117 529
3 1062 518 1094 555
3 1022 502 1055 532
3 979 518 1005 549
3 931 481 963 512
3 934 511 965 542
3 897 503 929 540
3 852 491 880 521
3 869 518 893 545
3 814 506 845 539
3 792 477 819 512
3 790 522 812 563
3 725 475 752 512
3 753 489 779 527
3 714 509 739 549
3 682 498 714 534
3 635 515 654 546
3 653 514 679 558
3 650 490 682 515
3 602 475 634 509
3 537 484 573 516
3 555 514 587 546
3 498 504 526 537
3 472 526 497 560
3 490 484 521 506
3 445 487 476 512
3 393 486 411 526
3 408 508 434 530
3 416 532 442 558
3 341 474 369 510
3 368 498 395 534
3 302 495 338 540
3 213 534 252 575
5 1238 515 1257 554
5 1168 530 1196 555
5 1174 549 1197 586
5 1115 539 1131 578
5 1051 540 1072 585
5 1010 531 1030 552
