71
1 120 276 184 434
1 164 277 230 438
1 214 281 277 436
1 190 289 248 433
1 263 281 327 437
1 309 295 367 440
1 316 274 383 437
1 358 288 420 440
1 400 285 464 441
1 460 281 525 443
1 529 280 595 442
1 493 271 561 440
1 440 279 505 438
1 608 271 676 439
1 551 268 620 440
1 429 293 487 436
1 121 486 143 540
1 129 471 154 534
1 167 473 191 535
1 406 475 430 537
1 136 567 149 598
1 152 568 164 597
1 168 567 181 598
1 185 567 197 597
1 252 481 285 563
1 273 496 297 558
1 337 488 362 551
1 311 490 337 553
1 299 482 327 552
1 452 483 471 530
1 468 483 488 531
1 489 484 508 533
1 508 479 531 536
1 557 472 586 543
1 578 472 605 541
1 627 476 654 541
1 729 494 757 564
1 754 496 782 567
1 81 558 96 598
1 61 557 76 597
1 47 558 62 598
1 17 552 34 597
1 32 558 47 598
1 0 556 17 598
3 493 275 514 303
3 383 270 406 289
3 423 273 443 287
3 363 281 384 306
3 317 286 334 310
3 595 491 624 546
3 680 496 710 553
3 706 580 730 598
3 141 499 174 550
4 2 453 44 550
4 221 566 240 598
4 240 573 261 598
4 260 571 279 598
4 279 571 296 599
4 296 570 318 599
4 319 569 341 598
4 341 569 361 599
4 368 557 391 598
4 388 549 411 598
4 410 556 422 599
4 421 552 440 599
4 440 551 457 598
4 456 552 477 599
4 477 551 498 598
4 497 549 528 598
5 543 565 682 599
5 758 573 798 599
