146
1 172 134 177 147
1 100 218 116 258
1 99 276 111 309
1 48 220 67 266
1 35 215 52 258
1 65 208 82 251
1 8 193 17 217
1 18 197 28 225
1 16 189 21 201
1 32 191 42 217
1 42 196 52 222
1 55 191 63 214
1 85 188 96 214
1 99 193 108 215
1 110 188 120 212
1 118 185 126 206
1 125 190 136 218
1 133 186 143 211
1 142 181 152 205
1 149 177 158 201
1 163 191 172 215
1 168 184 177 209
1 171 182 180 206
1 191 188 202 215
1 197 183 206 207
1 206 175 215 198
1 217 187 228 215
1 225 182 233 205
1 241 199 255 236
1 249 187 257 208
1 221 143 225 155
1 178 178 186 198
1 113 173 117 186
1 94 172 100 186
1 75 182 89 218
1 230 174 238 196
1 32 180 35 191
1 37 176 43 190
1 0 183 6 204
1 0 180 10 204
1 62 178 69 198
1 70 173 76 188
1 80 169 84 179
1 88 165 92 178
1 158 171 167 193
1 191 165 198 185
1 182 169 192 194
1 197 162 203 178
1 201 159 207 176
1 234 168 242 187
1 211 129 214 140
1 387 222 415 290
1 360 188 373 222
1 338 185 346 208
1 317 186 327 210
1 296 186 304 209
1 274 186 283 211
1 363 176 367 188
1 377 173 389 205
1 396 179 407 206
1 391 176 401 200
1 385 173 395 197
1 421 178 433 207
1 449 180 459 206
1 440 174 451 201
1 431 169 441 193
1 467 177 478 204
1 460 173 470 198
1 451 168 461 192
1 484 170 493 195
1 478 170 487 191
1 489 156 498 177
1 483 154 488 168
1 473 151 479 167
1 461 147 466 160
1 453 146 457 156
1 317 178 320 188
1 587 172 597 199
1 546 178 556 202
1 499 177 510 203
1 498 147 506 166
1 509 149 514 165
1 504 161 514 185
1 516 165 525 189
1 529 171 538 194
1 526 154 534 174
1 541 159 550 181
1 554 163 563 188
1 588 149 593 165
1 580 147 584 160
1 568 144 576 163
1 563 143 570 163
1 559 142 563 155
1 529 137 533 147
1 519 136 525 151
1 512 135 515 145
1 407 171 417 196
1 414 176 424 201
1 332 174 340 195
1 31 163 37 178
1 39 162 43 173
1 205 153 212 170
1 210 151 215 167
1 119 169 124 181
5 147 118 170 142
5 113 124 148 144
5 171 121 210 134
5 67 142 120 159
5 48 144 67 159
5 26 149 48 160
5 7 152 27 165
5 0 163 29 183
5 481 127 510 146
5 450 129 481 149
5 383 114 433 131
5 433 128 450 150
5 344 113 384 131
5 317 115 345 131
5 293 115 317 133
5 232 116 292 139
5 214 122 231 138
5 311 131 378 142
5 380 131 406 143
5 406 130 433 149
5 121 147 133 160
5 134 147 173 165
5 96 159 124 170
5 194 138 213 152
5 172 145 203 162
5 44 160 96 176
5 125 164 157 179
5 228 140 257 164
5 258 139 272 167
5 215 158 228 177
5 251 166 263 187
5 273 140 286 182
5 289 137 303 183
5 301 136 319 177
5 316 141 334 175
5 333 142 343 157
5 339 157 359 180
5 345 142 385 156
5 364 157 379 176
5 379 155 409 178
5 385 143 407 154
5 408 149 452 169
