29
1 37 109 102 270
1 88 104 153 266
1 136 101 199 257
1 173 104 235 256
1 200 98 262 250
1 233 106 289 246
1 270 105 328 246
1 296 96 356 243
1 329 101 389 249
1 362 100 420 245
1 402 103 458 242
1 439 93 499 242
1 467 108 521 242
1 495 106 557 257
1 540 113 603 266
3 271 101 289 129
3 0 157 54 298
3 54 151 105 295
3 111 149 163 295
3 152 147 201 285
3 193 161 242 283
3 237 142 278 276
3 277 145 320 278
3 322 146 359 270
3 362 147 412 281
3 406 157 460 288
3 478 155 534 289
3 545 161 603 310
3 598 164 638 312
