28
1 31 299 112 497
1 5 275 92 487
1 0 307 51 478
1 65 289 134 457
1 107 301 170 458
1 137 288 200 442
1 169 284 242 462
1 181 160 471 867
1 355 268 432 459
1 408 275 478 448
1 449 282 523 466
1 512 284 569 425
1 538 260 604 424
1 558 266 699 613
1 635 284 713 475
1 662 274 762 517
1 699 279 843 634
1 499 283 547 402
1 778 187 1016 768
1 930 201 1167 779
1 1045 223 1280 863
3 645 268 673 305
3 736 252 773 292
3 504 284 518 307
3 956 278 992 331
3 985 252 1025 308
3 947 255 985 285
3 1249 214 1279 277
