30
1 3 139 48 252
1 23 134 68 243
1 106 144 149 248
1 210 158 244 243
1 231 151 271 248
1 314 155 350 244
1 354 155 389 243
1 411 164 443 242
1 451 160 484 241
1 463 164 493 241
1 414 39 438 101
1 383 38 408 101
1 284 43 307 102
1 253 42 278 104
1 204 45 227 101
1 171 42 195 100
1 121 46 142 97
1 91 46 111 98
1 67 42 88 97
1 37 42 58 96
4 38 110 61 170
4 68 113 86 175
4 88 111 108 174
4 119 108 136 172
4 173 107 197 176
4 200 109 225 171
4 256 108 278 171
4 286 110 317 165
4 389 109 412 180
4 412 111 436 178
