31
1 40 92 69 165
1 59 94 87 164
1 62 106 97 194
1 76 94 104 165
1 121 97 133 127
1 137 95 162 157
1 140 108 221 307
1 200 97 221 148
1 209 97 228 146
1 218 99 236 144
1 246 97 264 142
1 251 103 275 161
1 262 101 276 137
1 264 112 314 233
1 464 110 475 137
1 456 109 467 139
1 448 111 460 142
1 437 116 452 154
1 409 109 431 163
1 400 105 410 133
1 384 98 403 148
1 375 104 403 174
1 352 104 387 193
1 343 107 355 140
1 314 108 326 141
1 435 109 449 145
1 277 101 287 128
1 283 102 293 130
1 277 105 298 157
3 156 97 165 118
5 312 101 371 128
