36
1 18 194 87 366
1 126 213 163 305
1 140 219 177 309
1 156 214 191 299
1 174 210 219 320
1 171 216 207 303
1 196 219 238 322
1 220 219 266 334
1 230 213 272 318
1 246 220 296 341
1 274 222 318 332
1 297 201 376 395
1 334 214 386 343
1 347 213 407 360
1 372 211 431 354
1 401 212 468 377
1 433 211 496 367
1 460 217 518 359
1 480 208 550 379
1 511 217 571 367
1 529 219 586 359
1 551 222 600 351
3 501 219 510 243
3 524 215 538 237
3 448 217 462 235
3 407 215 420 233
3 385 210 400 233
3 303 219 316 239
3 222 213 238 235
3 0 231 16 277
3 15 232 31 276
3 72 232 86 273
3 85 232 98 270
3 97 230 111 269
3 110 231 123 269
3 124 234 136 267
