66
1 210 284 227 326
1 214 324 227 359
1 257 284 276 330
1 300 284 316 324
1 337 283 353 325
1 379 285 397 329
1 380 276 396 316
1 441 219 454 251
1 363 231 376 266
1 318 227 333 263
1 32 208 44 240
1 46 217 58 250
1 74 202 86 231
1 396 70 404 93
1 40 189 50 215
1 33 191 45 223
1 56 179 66 206
1 95 223 106 253
1 106 212 117 242
1 95 177 106 205
1 105 165 115 192
1 118 168 128 195
1 149 164 160 192
1 129 227 141 259
1 117 237 130 271
1 140 215 154 251
1 188 159 198 186
1 154 243 169 279
1 185 229 199 266
1 192 241 208 280
1 227 219 240 251
1 234 231 248 265
1 265 216 278 247
1 269 230 284 266
1 294 236 308 273
1 304 212 318 248
1 239 156 250 185
1 265 153 276 181
1 279 157 291 187
1 284 144 294 171
1 295 142 304 167
1 313 145 325 175
1 331 159 342 189
1 351 167 363 196
1 350 203 363 237
1 373 195 385 226
1 381 185 394 217
1 406 166 419 198
1 419 146 431 175
1 428 173 441 206
1 446 177 458 208
1 459 183 471 213
1 466 161 476 187
1 446 153 456 181
1 429 161 439 187
1 363 151 374 178
1 339 143 348 165
1 368 161 377 186
1 374 177 385 205
1 386 143 396 170
1 403 156 414 183
5 129 39 268 64
5 286 41 359 67
5 0 3 42 27
5 154 0 326 24
5 348 0 478 21
