29
1 42 350 72 424
1 66 350 98 429
1 82 337 108 403
1 99 349 128 423
1 104 337 130 403
1 133 347 163 423
1 160 348 191 423
1 178 351 207 423
1 202 353 231 424
1 234 350 263 421
1 261 350 289 418
1 295 352 320 416
1 314 347 344 420
1 338 351 366 420
1 365 347 393 418
1 394 347 421 413
1 418 345 446 413
1 447 346 476 418
1 474 346 502 414
1 501 343 528 410
1 526 346 552 413
1 555 345 581 410
1 587 343 615 412
1 614 343 642 412
1 642 344 669 409
1 678 342 704 406
1 703 345 726 403
1 726 339 751 400
1 758 344 783 404
