32
1 0 340 58 487
1 0 324 46 495
1 33 339 123 560
1 53 304 215 699
1 125 288 278 662
1 209 312 341 635
1 836 322 980 675
1 980 363 1024 474
1 951 360 990 455
1 743 327 889 683
1 708 339 839 660
1 653 388 792 729
1 609 375 728 668
1 536 401 652 683
1 472 374 587 654
1 427 354 545 643
1 352 349 477 654
1 310 341 436 650
1 243 383 353 652
3 308 318 347 375
3 385 305 425 345
3 429 307 473 393
3 516 329 558 391
3 555 312 608 390
3 645 325 676 386
3 602 330 644 413
3 678 328 728 404
3 721 318 750 391
3 120 462 275 765
3 254 478 355 737
3 513 476 710 740
4 335 458 545 718
