31
1 17 308 63 423
1 0 314 40 430
1 43 299 93 420
1 58 307 110 434
1 80 291 132 419
1 92 293 148 433
1 123 301 179 439
1 151 306 208 446
1 200 308 254 442
1 213 305 264 432
1 251 306 308 446
1 284 302 339 436
1 303 317 353 442
1 335 308 389 442
1 374 314 426 442
1 411 306 466 440
1 454 312 507 445
1 488 304 544 442
1 541 301 600 444
1 571 311 625 443
1 609 320 659 443
1 650 322 700 444
1 676 298 735 444
1 722 312 775 445
1 753 318 806 449
1 787 329 834 447
1 817 325 866 446
1 849 311 902 443
1 873 318 921 437
5 4 219 929 313
5 257 157 625 216
