42
1 431 224 455 285
1 390 180 414 241
1 366 153 386 201
1 350 137 368 181
1 332 118 348 160
1 326 103 342 142
1 269 99 286 141
1 283 117 300 162
1 293 134 313 185
1 307 157 328 208
1 328 188 349 240
1 360 230 383 289
1 221 102 239 146
1 230 118 248 162
1 238 139 258 190
1 251 160 273 213
1 270 199 290 250
1 284 229 310 293
1 230 242 255 303
1 137 249 164 314
1 212 198 235 256
1 192 163 214 217
1 124 199 153 273
1 134 168 156 225
1 188 139 208 190
1 181 121 198 166
1 191 104 209 148
1 132 146 152 198
1 129 120 148 170
1 137 107 154 151
1 295 85 310 125
1 307 83 322 123
1 547 94 561 130
1 567 81 582 119
1 532 118 549 163
1 473 67 486 98
1 495 66 506 92
3 274 359 314 399
3 341 331 363 369
5 259 76 394 121
5 386 81 517 170
5 479 34 560 80
