32
1 199 101 318 395
1 316 108 435 399
1 158 69 193 154
1 154 63 176 118
1 127 47 154 114
1 107 47 134 114
1 181 110 206 170
1 209 114 242 195
1 142 194 192 315
1 560 192 585 252
1 405 104 421 144
1 393 105 407 143
3 57 186 114 303
3 90 184 143 295
3 128 183 162 290
3 93 116 145 194
3 135 121 175 197
3 39 130 95 218
3 9 102 37 185
3 35 119 52 152
3 52 109 78 147
3 35 72 71 124
3 9 67 34 114
3 10 46 30 75
3 68 65 93 108
3 85 80 115 119
3 96 65 113 87
3 114 69 138 94
3 112 90 147 138
3 525 193 554 236
5 393 104 548 195
5 549 150 598 214
