33
1 61 145 130 316
1 97 148 171 331
1 131 139 209 329
1 169 150 239 322
1 227 92 326 337
1 268 100 365 336
1 312 106 400 324
1 371 177 421 298
1 241 65 284 171
1 389 176 438 296
1 416 186 461 295
1 431 184 475 293
1 459 180 504 292
1 489 184 534 294
1 499 155 550 302
1 414 10 452 103
1 456 20 490 104
1 486 29 516 105
1 512 32 540 103
1 523 22 550 107
1 339 0 377 96
1 319 1 355 92
1 289 0 326 91
1 265 0 301 90
1 234 0 269 87
1 199 1 233 85
1 180 0 215 86
1 151 1 184 83
1 125 1 156 79
1 98 0 128 77
1 76 1 106 74
1 55 0 83 72
1 20 1 47 67
