107
1 55 94 77 149
1 82 83 107 147
1 94 81 118 140
1 109 79 132 136
1 120 77 144 138
1 540 350 591 476
1 471 324 524 455
1 423 316 474 443
1 387 309 438 433
1 336 300 386 421
1 295 295 340 407
1 264 282 310 398
1 240 282 282 385
1 152 149 182 223
1 178 132 211 214
1 217 116 244 182
1 237 114 262 177
1 248 119 273 183
1 249 109 274 173
1 264 115 289 178
1 276 122 302 185
1 290 115 317 181
1 304 122 331 187
1 314 115 339 177
1 328 121 352 183
1 333 108 359 174
1 344 115 371 180
1 361 113 387 176
1 349 106 375 171
1 367 103 392 165
1 379 108 405 173
1 396 103 422 169
1 420 103 444 165
1 412 98 438 161
1 436 88 462 155
1 439 95 464 158
1 441 98 467 165
1 459 91 486 156
1 463 98 488 160
1 488 93 513 156
1 509 145 538 215
1 491 152 517 219
1 478 155 506 224
1 463 160 490 227
1 454 168 478 230
1 448 173 471 230
1 448 207 484 294
1 440 203 473 286
1 433 198 465 277
1 434 192 465 269
1 436 189 466 262
1 464 221 498 307
1 480 228 515 316
1 501 238 538 329
1 526 248 562 339
1 595 270 632 364
1 634 282 672 377
1 683 289 725 391
1 531 139 558 208
1 551 138 577 203
1 574 133 600 199
1 597 131 621 192
1 625 126 651 190
1 655 120 682 185
1 685 117 712 182
1 718 120 742 178
1 307 73 327 125
1 321 13 340 61
1 379 21 388 44
1 408 94 433 155
1 276 111 302 174
1 192 1 205 35
1 283 18 295 47
1 353 0 370 45
1 372 2 389 45
1 247 18 259 48
3 443 184 453 192
3 446 176 458 189
3 411 87 426 109
3 398 100 409 121
3 393 96 402 112
3 385 91 397 121
3 370 98 380 116
3 364 95 376 117
3 345 97 355 110
3 348 102 359 129
3 323 100 334 114
3 328 106 341 130
3 305 110 318 135
3 277 106 287 126
3 291 105 304 128
3 394 51 413 91
3 335 0 355 32
3 390 0 406 18
3 322 0 336 20
3 267 13 288 47
3 275 0 284 16
3 282 4 293 18
3 210 0 230 21
3 239 0 254 16
3 254 3 267 34
3 232 12 249 49
3 289 0 299 14
3 353 0 360 5
3 371 0 382 12
5 145 0 193 22
5 230 0 275 19
