46
1 0 152 23 240
1 1 159 41 259
1 2 152 39 246
1 24 145 68 252
1 41 140 93 270
1 67 147 126 292
1 92 151 134 256
1 111 144 161 266
1 115 143 169 274
1 120 125 194 306
1 165 150 224 296
1 178 153 232 284
1 208 153 257 276
1 218 121 301 323
1 268 124 337 294
1 334 122 415 322
1 377 135 453 320
1 411 133 482 310
1 403 136 470 300
1 457 140 490 276
3 27 158 37 177
3 37 153 44 166
3 53 155 60 163
3 121 152 130 169
3 78 152 94 187
3 148 154 154 163
3 194 147 203 153
3 206 148 215 159
3 210 148 224 172
3 232 149 239 165
3 236 148 244 158
3 244 149 250 157
3 306 129 322 153
3 319 149 337 187
3 326 143 342 179
3 336 143 348 165
3 335 136 358 201
3 351 146 364 167
3 389 135 404 163
3 454 134 460 145
3 456 143 482 202
3 462 138 469 148
3 464 131 482 158
3 485 133 489 142
3 273 148 287 157
3 217 150 235 181
