42
1 257 80 346 298
1 321 90 347 156
1 347 14 423 200
1 340 123 369 195
1 385 91 410 155
1 408 91 433 153
1 422 92 444 146
1 433 96 450 138
1 445 89 466 144
1 448 92 468 142
1 571 86 589 131
1 529 63 565 151
1 491 49 541 170
1 496 1 572 189
1 244 106 264 154
1 233 110 251 156
1 221 109 241 160
1 253 81 285 161
1 188 26 261 207
1 130 73 176 188
1 10 45 81 220
1 130 113 151 166
1 116 132 124 154
1 120 132 127 149
1 96 117 115 164
1 82 119 101 167
1 70 121 89 171
1 67 115 89 169
1 54 114 74 165
1 46 117 68 172
1 0 126 21 179
1 0 116 18 176
1 310 112 328 157
1 484 101 498 137
3 242 63 288 96
3 0 157 10 188
3 165 123 190 158
3 165 113 179 131
3 175 119 182 142
3 408 101 414 121
3 552 92 559 108
5 67 124 75 154
