28
1 691 282 713 339
1 718 294 754 385
1 797 311 838 414
1 633 332 668 417
1 627 298 655 368
1 545 306 576 384
1 478 315 518 415
1 483 303 510 370
1 77 342 104 409
1 36 278 49 310
1 58 277 68 304
1 75 279 84 301
1 508 286 519 312
1 542 282 561 330
1 558 283 575 327
1 455 294 471 333
1 434 293 458 351
1 377 309 406 381
1 357 299 383 366
1 331 302 351 354
1 311 318 348 410
1 241 324 264 380
1 193 311 214 363
3 329 283 341 309
3 415 283 424 302
3 431 284 449 301
3 453 284 465 307
4 229 119 307 239
