32
1 11 31 168 415
1 180 48 299 342
1 277 53 364 267
1 325 57 475 420
1 420 72 508 289
1 473 81 543 252
1 504 78 570 239
1 0 78 47 257
1 19 78 87 247
1 0 75 39 229
1 91 79 149 224
1 108 77 162 211
1 126 87 186 237
1 160 77 214 210
1 135 78 193 222
1 175 75 234 222
1 236 71 295 216
1 258 70 311 199
1 341 75 391 196
1 4 86 54 208
1 447 107 457 133
1 543 79 576 222
1 520 76 576 222
3 41 91 51 110
3 28 86 41 109
3 168 87 175 105
3 188 92 193 101
3 284 82 301 101
3 545 74 561 105
3 557 75 572 107
3 425 78 445 105
5 327 76 355 105
