61
1 700 342 777 531
1 293 268 359 432
1 34 252 63 326
1 410 271 464 405
1 502 264 544 370
1 253 261 287 343
1 678 293 729 421
3 0 292 46 392
3 63 257 84 295
3 77 283 98 326
3 90 287 116 329
3 175 281 211 323
3 213 319 271 396
3 266 296 305 351
3 103 253 110 260
3 118 240 130 258
3 122 239 141 256
3 138 246 152 254
3 191 238 204 252
3 205 247 214 257
3 210 246 224 262
3 231 255 258 315
3 244 234 264 271
3 269 236 294 266
3 291 243 315 269
3 330 245 352 268
3 361 263 369 272
3 370 260 383 273
3 382 261 395 296
3 357 244 381 264
3 274 261 295 305
3 296 270 316 302
3 297 265 345 301
3 347 260 395 322
3 398 243 418 267
3 396 246 439 317
3 440 268 454 279
3 467 266 478 281
3 489 242 518 317
3 536 277 549 334
3 381 328 436 436
3 459 256 503 355
3 546 266 565 295
3 545 258 592 329
3 587 263 599 282
3 594 251 626 305
3 621 280 632 300
3 564 282 636 340
3 653 264 667 289
3 627 276 668 324
3 632 275 697 358
3 678 263 705 306
3 717 250 742 291
3 751 297 799 414
4 253 209 263 234
4 313 211 328 234
4 357 217 368 238
4 392 213 399 229
4 410 214 419 231
4 435 216 442 231
4 453 212 467 227
