31
1 145 366 227 569
1 205 349 294 566
1 246 366 319 547
1 322 352 400 558
1 84 1031 163 1227
1 211 1048 222 1076
1 229 1051 241 1083
1 5 721 72 887
1 51 723 116 884
1 96 712 167 887
1 148 715 218 889
1 205 703 281 890
1 262 701 340 892
1 317 711 395 901
1 260 68 333 248
1 299 66 377 257
1 218 71 293 254
1 185 75 258 256
1 100 70 178 260
1 51 73 130 267
1 7 66 88 266
1 147 77 222 261
3 202 1060 220 1087
3 177 1052 303 1223
3 213 980 400 1224
3 0 111 84 269
3 74 101 171 268
3 164 107 241 271
3 235 108 315 269
3 312 110 400 270
5 363 1043 399 1095
