72
1 420 219 539 509
1 507 268 570 423
1 561 301 589 371
1 113 282 161 400
1 99 288 144 397
1 80 283 129 403
1 61 281 111 404
1 26 274 78 404
1 0 243 69 439
1 0 276 42 411
1 12 174 30 219
1 27 181 43 221
1 73 187 88 225
1 85 192 98 227
1 93 192 106 227
1 127 197 141 233
1 134 198 149 235
1 143 201 156 235
1 176 205 190 240
1 188 210 199 240
1 208 218 218 244
1 214 219 225 245
1 223 216 235 247
1 274 303 297 360
1 304 299 331 368
1 336 306 357 358
1 344 303 369 363
1 351 299 377 364
1 387 308 405 355
1 358 238 367 263
1 381 244 390 265
1 390 245 398 266
1 412 251 419 269
1 493 264 500 282
1 417 304 439 357
1 627 315 641 349
1 644 318 650 336
1 611 275 617 291
1 605 275 611 291
1 596 273 602 289
1 588 271 594 288
1 563 271 569 287
1 568 272 573 285
1 593 316 603 340
1 599 316 607 339
1 616 317 624 337
1 621 318 629 337
1 626 319 632 337
1 633 315 644 344
1 660 316 668 335
1 735 316 741 333
1 753 317 759 333
1 792 317 799 334
1 775 317 782 334
1 725 287 731 303
1 625 275 631 293
1 633 278 639 292
1 653 280 659 297
1 666 280 672 298
1 695 285 701 300
1 700 285 706 300
1 707 285 713 300
1 522 269 527 285
1 547 272 553 288
3 486 263 492 274
3 590 326 599 341
3 602 328 608 343
3 730 162 799 312
5 387 246 395 267
5 504 267 517 285
5 691 319 737 339
5 671 282 694 300
