32
1 223 153 385 550
1 358 133 527 548
1 353 231 443 451
1 491 270 542 395
1 536 297 565 371
1 574 303 598 365
1 590 312 605 351
1 564 321 575 347
1 546 305 569 362
1 535 320 547 349
1 494 322 503 347
1 520 306 539 356
1 354 306 378 368
1 344 312 365 364
1 363 309 384 362
1 255 313 273 357
1 240 319 258 362
1 222 319 241 369
1 194 303 223 377
1 182 310 208 373
1 172 313 194 368
1 138 295 178 393
1 131 301 165 384
1 122 311 148 375
1 88 313 114 376
1 0 252 42 457
1 210 321 227 365
3 561 308 568 329
3 605 330 610 343
5 563 326 568 346
5 571 321 580 343
5 487 322 496 346
