39
1 887 225 943 364
1 856 233 918 387
1 827 231 890 388
1 547 267 663 550
1 470 262 594 565
1 396 253 527 576
1 268 267 399 590
1 175 254 315 596
1 87 268 222 601
3 621 275 767 568
3 646 296 835 565
3 772 295 880 552
3 760 273 822 312
3 644 196 736 328
3 560 165 714 502
3 532 200 653 526
3 685 226 719 275
3 518 241 558 289
3 478 241 509 304
3 431 242 490 316
3 349 259 395 327
3 358 254 390 292
3 285 249 306 286
3 268 252 310 301
3 257 265 301 317
3 252 285 281 313
3 188 249 214 295
3 172 262 211 299
3 187 292 213 318
3 174 300 200 326
3 156 266 188 319
3 80 266 116 317
3 63 272 98 332
3 37 298 96 421
3 20 283 57 325
3 27 268 58 288
3 0 269 27 322
3 2 303 46 429
3 87 295 134 419
