33
1 0 277 193 769
1 139 311 311 734
1 203 292 398 767
1 317 317 467 685
1 419 345 570 714
1 488 337 600 614
1 563 333 707 686
1 590 320 774 770
1 704 327 847 676
1 731 333 898 740
1 881 319 1044 718
1 1005 374 1143 710
1 973 369 1087 648
3 8 310 78 684
3 0 339 24 387
3 102 306 164 417
3 151 330 185 392
3 143 312 224 438
3 229 316 287 384
3 312 330 351 394
3 348 314 381 385
3 415 349 458 431
3 457 306 542 442
3 551 364 589 583
3 566 311 647 443
3 698 331 776 416
3 875 339 960 650
4 344 306 362 338
4 1000 302 1033 338
4 1028 297 1051 339
4 1042 327 1068 373
4 1058 344 1087 382
4 1003 345 1038 395
