29
1 629 217 701 396
1 535 237 597 389
1 508 232 574 396
1 478 220 552 402
1 440 238 501 387
1 388 234 454 395
1 358 237 417 380
1 318 227 382 384
1 298 241 353 378
1 266 237 326 384
1 217 245 274 384
1 167 230 229 383
1 124 242 182 383
1 84 240 139 377
1 55 248 107 375
1 12 241 70 383
3 43 237 67 285
3 83 242 101 281
3 121 244 140 300
3 159 247 184 306
3 209 237 251 296
3 262 238 276 289
3 255 243 290 298
3 390 234 423 303
3 432 230 470 378
3 571 238 593 375
3 474 241 516 370
5 581 283 644 313
5 685 284 748 307
