51
1 68 109 130 261
1 239 97 301 250
1 335 117 385 242
1 402 124 431 197
1 314 121 340 186
1 474 111 557 313
1 537 132 572 219
1 569 108 630 256
1 606 105 672 267
1 645 105 697 234
1 703 110 765 265
1 768 126 800 247
1 707 82 718 111
1 715 77 726 105
1 726 78 738 107
1 367 90 376 113
1 400 85 410 110
1 396 87 405 111
1 194 79 206 109
1 121 82 130 107
1 45 83 57 112
1 35 77 44 101
1 26 115 41 154
1 52 118 69 162
1 64 112 82 155
1 34 116 47 149
1 123 116 141 160
1 137 117 154 158
1 153 116 170 158
1 144 116 161 157
1 163 117 180 158
1 181 119 200 166
1 199 122 216 164
1 209 118 227 164
1 217 116 237 164
3 2 104 39 261
3 8 113 22 135
3 77 118 94 135
3 110 119 122 145
3 114 114 128 136
3 234 116 252 143
3 243 78 257 99
3 275 121 296 186
3 363 120 381 166
3 481 123 498 161
4 449 128 463 149
4 444 127 452 153
4 437 128 444 141
4 431 130 442 154
4 763 131 776 151
4 753 133 765 149
