40
1 520 143 532 175
1 506 142 529 200
1 492 143 515 202
1 476 144 502 211
1 452 146 483 221
1 433 148 463 225
1 415 141 446 217
1 387 141 423 228
1 334 142 374 243
1 375 144 396 197
1 367 147 385 191
1 361 150 378 192
1 381 146 398 187
1 541 146 550 173
1 536 144 545 165
1 530 147 537 164
1 8 148 52 258
1 0 153 31 255
1 48 158 82 240
1 61 157 97 245
1 80 151 117 243
1 106 155 137 233
1 118 155 147 229
1 139 151 171 232
1 164 155 192 226
1 180 150 210 226
1 199 150 228 221
1 219 150 247 221
1 233 144 261 215
1 252 145 280 216
1 263 146 289 209
1 287 147 313 211
1 311 145 334 204
1 354 144 372 191
3 491 137 508 158
3 470 137 490 156
3 457 137 470 153
3 428 129 465 160
3 410 145 428 165
5 0 142 337 201
