44
1 696 349 777 550
1 644 350 720 536
1 599 353 669 525
1 569 312 610 415
1 537 331 575 423
1 506 337 539 420
1 490 337 526 425
3 65 361 99 421
3 92 349 122 377
3 100 352 135 431
3 121 347 154 386
3 133 356 165 429
3 145 366 181 433
3 177 343 203 361
3 151 371 198 441
3 189 361 210 395
3 184 368 226 439
3 200 375 240 448
3 238 361 259 395
3 227 387 269 468
3 260 368 284 399
3 260 379 287 440
3 277 368 315 412
3 311 367 334 418
3 328 365 359 421
3 276 399 333 469
3 316 417 368 488
3 327 394 363 448
3 353 372 401 453
3 387 364 424 432
3 407 341 450 409
3 398 399 455 475
3 433 403 492 503
3 474 389 528 499
3 447 387 482 427
3 458 524 605 599
3 566 322 587 367
3 595 307 644 382
3 645 319 670 377
3 667 315 697 353
3 687 349 717 390
3 735 352 757 399
3 764 329 800 563
3 755 331 782 375
