37
1 120 334 162 438
1 288 345 323 434
1 215 256 237 311
1 355 311 392 403
1 376 281 420 392
1 400 279 442 384
1 290 414 361 590
1 385 415 462 605
1 449 457 520 634
1 476 368 536 517
1 600 373 658 518
1 657 390 719 541
1 644 282 687 388
1 589 492 667 683
1 698 357 755 499
1 731 340 792 488
1 892 484 986 716
1 981 301 1023 404
3 77 371 145 434
3 225 355 254 469
3 321 350 376 417
3 345 364 390 439
3 452 355 496 449
3 452 304 486 364
3 475 309 501 371
3 476 293 509 362
3 504 294 549 363
3 543 300 570 354
3 562 296 598 363
3 607 288 655 369
3 713 299 753 366
3 769 300 807 358
3 865 343 903 430
3 936 385 994 479
3 1014 274 1042 304
3 900 688 1004 781
3 991 682 1067 780
