28
1 53 490 93 590
1 137 493 162 555
1 147 490 179 569
1 185 484 211 551
1 235 505 251 546
1 249 494 274 558
1 267 491 295 560
1 282 494 306 552
1 300 493 323 550
1 329 487 358 557
1 373 489 394 541
1 390 489 426 579
1 425 484 459 569
1 453 487 487 571
1 465 483 497 564
1 485 486 515 559
1 521 479 566 590
1 581 480 611 557
1 598 461 664 622
1 622 473 674 601
1 679 470 733 602
1 729 482 763 568
1 764 490 784 539
1 791 490 810 539
1 839 462 893 593
3 320 485 343 517
3 408 488 428 528
3 827 487 851 536
