38
1 16 200 58 305
1 54 198 107 327
1 81 194 122 294
1 112 221 166 354
1 139 195 186 311
1 158 178 192 261
1 202 190 235 271
1 214 206 267 335
1 252 183 285 264
1 255 193 303 313
1 328 198 369 300
1 362 201 421 344
1 404 197 455 324
1 453 205 527 385
1 490 191 532 295
1 529 206 588 349
1 560 198 612 326
1 583 192 631 310
1 607 189 640 293
3 108 162 123 185
3 98 164 109 188
3 36 179 82 249
3 100 182 147 234
3 282 191 321 234
3 254 196 332 282
3 241 214 353 400
3 337 171 373 242
3 353 171 400 249
3 393 172 435 227
3 441 170 476 226
3 444 180 485 240
3 459 174 473 192
3 505 169 552 242
3 527 169 546 183
3 544 168 582 228
3 599 170 617 189
3 621 167 631 183
3 629 169 637 180
