34
1 7 248 77 418
1 70 247 125 382
1 69 237 81 268
1 277 232 349 409
1 256 226 275 275
1 269 229 286 273
1 324 226 336 259
1 331 225 342 253
1 350 225 362 257
1 371 228 380 253
1 358 228 369 254
1 385 240 400 278
1 398 244 417 292
1 410 260 422 291
1 414 224 425 253
1 469 226 480 256
1 485 224 496 254
1 493 228 502 249
1 576 225 585 250
1 550 221 562 253
1 541 225 552 254
1 529 224 542 256
3 250 232 258 248
3 320 225 329 236
3 382 225 394 238
3 460 230 470 255
3 537 223 543 245
3 555 222 569 246
3 563 220 577 242
3 558 239 576 261
3 575 239 589 257
3 585 235 597 257
3 584 222 593 238
4 507 160 532 194
