29
1 5 227 46 330
1 24 223 69 334
1 50 230 93 336
1 85 237 128 341
1 125 173 217 400
1 181 158 282 404
1 293 186 385 410
1 377 188 470 415
1 456 172 555 415
1 546 264 584 359
1 602 226 657 360
1 590 240 640 364
1 648 227 700 363
3 1 224 30 287
3 102 226 121 266
3 112 222 156 282
3 140 180 349 440
3 213 165 326 352
3 311 150 447 423
3 386 157 507 369
3 451 224 490 345
3 526 234 550 302
3 528 244 570 312
3 562 235 589 294
3 583 236 617 293
3 589 243 613 286
3 647 220 670 256
3 633 241 657 286
3 645 246 671 339
