33
1 0 244 31 348
1 123 241 168 353
1 214 273 242 341
1 296 236 342 349
1 469 264 503 346
1 533 245 579 357
1 603 255 647 364
1 619 261 650 369
3 0 309 25 358
3 42 271 66 305
3 41 245 53 272
3 37 208 56 239
3 51 243 74 281
3 62 232 76 258
3 70 213 85 229
3 82 236 94 266
3 90 240 105 270
3 102 243 123 265
3 106 266 129 303
3 163 255 188 301
3 199 247 224 286
3 207 296 241 352
3 268 265 292 292
3 574 244 587 279
3 548 228 578 270
3 509 248 540 283
3 522 212 539 237
3 585 230 603 252
3 597 231 615 260
3 623 228 642 258
3 358 292 414 339
3 433 237 460 258
5 191 211 447 261
