51
1 118 243 199 441
1 169 245 246 434
1 216 254 290 435
1 265 254 338 435
1 317 241 397 437
1 374 253 446 432
1 426 259 499 438
1 474 247 549 432
1 507 239 574 403
1 534 249 610 434
1 572 241 640 408
1 600 248 675 433
1 646 255 718 433
1 694 259 765 435
1 732 259 804 434
3 133 218 173 266
3 129 189 162 242
3 176 176 206 236
3 179 200 210 258
3 212 230 236 273
3 218 191 250 230
3 235 209 268 263
3 258 230 276 273
3 270 184 306 235
3 274 212 313 261
3 309 225 335 280
3 329 212 358 247
3 318 193 349 222
3 356 186 404 238
3 375 214 395 243
3 365 238 392 280
3 398 217 431 268
3 408 193 435 240
3 439 212 474 251
3 420 240 454 284
3 456 193 489 228
3 488 196 511 218
3 486 209 527 246
3 530 210 559 256
3 525 191 554 216
3 564 198 600 235
3 574 209 599 252
3 602 194 627 233
3 622 206 651 252
3 649 246 672 275
3 669 211 700 257
3 646 188 685 228
3 699 190 732 231
3 712 219 744 246
3 721 234 747 274
3 738 216 786 288
