45
1 0 657 30 764
1 21 630 35 666
1 36 620 55 670
1 78 626 94 667
1 84 634 128 741
1 208 655 259 781
1 230 662 275 773
1 322 646 370 763
1 349 665 387 758
1 371 675 441 846
1 408 697 469 845
1 495 586 540 696
1 499 632 523 691
1 300 637 320 686
1 267 627 277 654
1 316 630 328 663
1 334 630 345 659
1 424 702 452 773
1 567 663 607 760
1 555 636 568 671
1 546 639 559 674
1 636 634 647 663
1 672 631 681 653
1 736 597 797 745
1 791 620 843 749
1 852 642 873 697
1 1171 654 1216 764
1 1230 671 1266 762
1 1330 671 1370 768
1 1944 678 1980 768
1 1963 720 2038 905
3 18 661 67 728
3 161 628 190 658
3 120 654 135 672
3 201 658 215 675
3 1329 654 1375 704
3 1504 652 1525 678
3 1641 651 1672 678
3 1676 661 1701 682
5 962 629 1015 647
5 695 630 723 650
5 1096 627 1286 655
5 1784 635 1815 664
5 1952 637 1964 660
5 1602 633 1636 649
