36
1 0 128 91 409
1 59 108 191 430
1 21 106 131 378
1 180 103 276 337
1 244 83 336 307
1 302 121 408 380
1 384 113 486 364
1 425 57 507 258
1 451 90 543 315
1 471 93 564 322
1 516 79 710 553
1 643 39 755 312
1 731 41 831 288
1 799 34 893 263
1 808 15 900 303
1 778 8 880 258
3 363 105 413 162
3 325 91 369 137
3 289 89 329 132
3 286 67 321 100
3 344 56 378 91
3 364 57 433 126
3 416 48 446 86
3 519 87 567 147
3 479 44 532 103
3 509 33 551 77
3 538 40 582 87
3 589 37 621 88
3 630 46 660 97
3 657 57 687 87
3 675 18 705 45
3 721 13 747 71
3 742 51 768 83
3 767 10 795 54
3 864 3 899 59
3 821 0 850 31
