31
1 122 428 197 611
1 775 438 831 578
1 683 415 764 616
1 644 428 718 610
1 587 421 660 602
1 561 425 625 581
1 171 431 256 638
1 222 421 311 639
1 260 441 332 620
1 301 430 364 585
3 121 519 179 636
3 180 505 226 638
3 231 518 290 636
3 306 501 366 636
3 372 498 424 636
3 420 484 474 637
3 459 499 526 639
3 521 497 574 638
3 572 492 614 634
3 612 500 661 637
3 657 518 699 637
3 705 509 752 636
3 752 508 813 613
3 529 431 569 521
3 500 397 543 439
3 324 398 353 444
3 347 426 385 505
3 392 437 426 496
3 403 413 426 446
3 431 411 470 495
3 458 418 502 501
