29
1 85 504 104 552
1 125 507 156 585
1 134 505 166 584
1 155 506 182 573
1 168 504 194 567
1 182 505 207 566
1 204 505 228 565
1 218 505 242 565
1 253 506 275 561
1 259 329 469 843
1 595 401 776 842
1 401 506 423 561
1 431 510 451 559
1 461 512 478 553
1 464 506 488 565
1 494 503 517 561
1 489 512 505 552
1 519 507 539 558
1 548 511 565 553
1 586 503 613 570
1 614 509 631 550
1 757 505 775 550
1 825 509 845 557
1 865 507 886 559
1 900 508 920 560
1 946 507 968 560
1 980 489 1030 614
1 997 484 1049 610
1 1029 504 1051 559
