34
1 468 255 531 409
1 498 238 555 377
1 547 222 589 327
1 365 259 421 397
1 409 241 457 361
1 433 236 472 332
1 456 231 491 320
1 477 227 504 293
1 264 253 314 378
1 309 236 357 356
1 345 222 390 331
1 179 249 228 370
1 230 237 273 343
1 220 229 255 315
1 254 222 284 295
1 290 225 318 295
1 87 239 134 353
1 20 243 60 344
1 46 231 77 310
1 66 220 95 293
1 4 227 37 307
1 159 234 197 327
1 153 226 181 296
1 147 215 173 279
1 201 219 221 269
1 282 214 301 260
1 394 221 418 279
1 422 218 443 271
1 460 207 479 254
1 386 211 405 261
3 336 217 361 255
3 307 213 324 240
3 445 210 472 248
5 7 192 596 214
