28
1 696 115 725 186
1 18 154 71 283
1 81 155 134 287
1 127 169 181 303
1 150 136 198 253
1 177 216 279 466
1 200 168 253 301
1 262 167 324 318
1 243 148 292 267
1 308 164 352 273
1 326 189 385 334
1 389 161 443 294
1 403 198 462 344
1 470 167 516 280
1 466 205 529 360
1 557 217 620 373
1 563 198 676 476
1 650 212 720 386
1 736 241 803 406
1 836 245 900 415
1 561 155 608 269
1 577 176 621 283
1 632 159 679 273
1 704 151 752 268
1 733 179 778 291
1 774 161 821 275
1 755 145 793 240
5 2 108 680 185
