30
1 70 480 255 934
1 220 488 398 923
1 322 480 501 920
1 381 489 554 914
1 505 537 651 896
1 590 494 744 871
1 671 500 824 874
1 758 505 908 871
1 875 503 1021 862
1 955 520 1103 880
1 950 578 1091 923
1 1028 499 1188 891
1 1096 510 1248 883
1 1226 488 1388 884
1 1296 488 1460 889
1 1372 501 1530 886
1 1430 445 1615 897
1 1555 473 1745 937
1 1579 448 1764 899
1 1676 509 1871 987
1 1800 450 2017 982
3 1408 609 1634 957
3 1272 607 1444 959
3 1205 634 1309 949
3 1060 625 1216 953
3 818 634 972 937
3 739 628 861 929
3 645 618 761 927
3 530 619 654 919
3 875 487 922 551
