40
1 72 143 102 220
1 86 144 120 227
1 117 143 154 233
1 142 149 172 222
1 155 151 189 235
1 235 148 283 268
1 295 151 347 277
1 328 155 370 257
1 268 148 281 181
1 550 170 580 246
1 500 166 530 241
1 523 171 551 241
1 495 164 503 183
1 462 165 475 196
1 444 177 461 222
1 409 160 419 185
1 395 159 403 182
1 423 163 438 201
1 384 159 392 180
1 370 158 379 180
1 5 134 11 149
3 541 187 564 252
3 485 183 501 212
3 478 189 487 197
3 476 200 495 239
3 462 197 475 249
3 371 171 389 227
3 292 167 305 217
3 63 149 77 194
3 37 132 47 148
3 44 131 55 150
3 41 150 56 199
3 34 148 42 166
3 18 150 34 181
3 6 152 20 190
5 450 160 461 174
5 526 165 537 178
5 178 158 189 179
5 56 146 65 186
5 68 134 84 149
