135
1 209 498 238 572
1 226 527 254 596
1 47 446 71 506
1 6 351 38 429
1 132 223 156 282
1 166 223 189 282
1 182 231 205 289
1 221 228 245 287
1 304 252 325 304
1 307 224 316 246
1 169 85 192 142
1 178 94 204 157
1 204 164 227 222
1 195 143 223 212
1 216 143 240 202
1 226 131 251 192
1 240 154 264 212
1 249 143 271 199
1 223 97 239 137
1 211 90 228 134
1 210 74 218 97
1 264 108 276 137
1 269 140 296 206
1 268 152 291 211
1 293 145 315 198
1 298 130 321 188
1 324 122 344 174
1 305 104 330 166
1 286 104 303 146
1 0 424 10 462
1 0 461 13 515
1 12 449 33 504
1 203 486 227 545
1 405 542 426 596
1 120 651 137 693
1 96 690 125 763
1 122 682 152 755
1 157 688 188 763
1 172 666 200 738
1 229 690 257 762
1 267 691 296 761
1 294 682 318 744
1 197 762 227 835
1 185 761 211 825
1 123 810 149 875
1 71 795 104 876
1 5 747 36 824
1 0 925 18 1003
1 14 953 42 1023
1 32 896 54 950
1 90 964 115 1028
1 113 922 139 986
1 168 1018 194 1083
1 171 968 187 1008
1 256 1070 281 1133
1 127 1151 145 1197
1 156 1161 170 1197
1 800 1153 817 1198
1 744 1138 768 1196
1 738 1159 753 1198
1 673 1077 702 1150
1 679 1063 707 1134
1 458 844 482 903
1 509 800 535 866
1 475 767 493 812
1 511 768 526 804
1 530 773 554 835
1 545 823 575 896
1 569 840 599 914
1 588 840 614 907
1 613 848 642 922
1 593 812 603 840
1 694 855 726 934
1 743 733 771 801
1 791 721 816 785
1 700 685 724 745
1 780 671 803 729
1 636 765 665 835
1 625 755 650 819
1 614 741 641 806
1 600 737 626 800
1 544 701 568 763
1 501 697 523 754
1 577 649 602 712
1 626 661 652 724
1 650 650 673 709
1 641 637 662 692
1 699 609 722 668
1 720 610 742 665
1 727 623 753 690
1 765 668 787 721
1 774 644 783 665
1 485 617 510 679
1 465 605 490 669
1 558 568 584 631
1 574 581 598 639
1 747 557 770 615
1 815 546 842 611
1 823 452 844 522
1 744 380 768 439
1 735 379 759 441
1 701 439 725 501
1 669 442 695 507
1 679 431 703 492
1 596 418 619 476
1 647 377 672 441
1 523 376 548 440
1 584 343 610 407
1 558 334 584 400
1 573 322 602 392
1 515 290 541 354
1 497 301 522 364
1 469 301 495 364
1 471 283 483 313
1 485 274 498 306
1 509 277 519 301
1 546 280 572 343
1 567 264 590 323
1 574 247 594 296
1 812 102 834 156
1 760 136 780 186
1 762 63 782 114
1 795 80 821 146
1 745 74 767 128
1 689 67 710 122
1 680 85 702 139
1 662 88 687 152
1 635 93 660 156
1 566 18 583 60
1 640 38 659 87
1 661 48 674 79
1 670 32 693 88
1 665 30 670 44
3 26 0 62 55
5 810 1012 842 1103
