86
1 246 178 252 192
1 342 175 348 191
1 368 219 375 238
1 371 216 383 245
1 401 224 407 239
1 961 289 1024 561
1 967 239 1024 410
1 937 232 1024 449
1 864 231 987 533
1 714 227 853 569
1 599 268 698 512
1 546 259 610 418
1 809 244 896 460
1 846 241 897 366
1 678 249 748 420
1 656 252 685 325
1 495 268 573 459
1 451 250 546 482
1 398 259 521 559
1 286 265 425 605
1 184 258 312 570
1 187 270 257 444
1 172 279 212 379
1 354 257 433 450
1 394 261 460 424
1 251 283 260 307
1 119 279 197 469
1 312 265 419 526
3 148 276 165 303
3 164 274 180 304
3 201 275 211 295
3 383 264 404 289
3 526 255 540 285
3 607 259 620 288
3 786 252 808 279
4 421 109 483 180
4 501 110 559 182
5 1 153 48 181
5 47 152 99 181
5 100 150 152 179
5 153 150 237 179
5 1 185 46 220
5 47 183 83 221
5 84 183 146 220
5 146 181 212 221
5 212 183 243 220
5 243 189 307 221
5 301 173 334 203
5 308 203 335 256
5 336 216 360 257
5 243 222 307 255
5 210 220 243 262
5 146 221 211 252
5 145 252 185 277
5 85 221 147 253
5 83 253 145 276
5 0 221 84 252
5 0 252 82 276
5 415 214 474 255
5 474 213 549 239
5 552 214 658 256
5 657 212 741 250
5 719 158 760 176
5 761 157 805 176
5 806 157 857 175
5 857 155 924 174
5 753 181 793 206
5 794 179 840 206
5 841 178 892 206
5 893 178 948 206
5 814 207 843 227
5 843 206 892 235
5 892 206 949 228
5 930 146 986 171
5 986 143 1022 170
5 947 176 994 204
5 994 176 1022 206
5 994 206 1021 231
5 949 205 992 229
5 953 230 978 242
5 210 275 224 294
5 244 255 261 274
5 538 254 570 283
5 590 256 608 284
5 690 258 701 280
5 879 238 914 276
