44
1 2 940 61 1083
1 63 946 107 1054
1 84 922 156 1097
1 195 938 264 1106
1 287 969 328 1071
1 301 942 370 1114
1 418 936 493 1121
1 477 930 540 1086
1 540 957 588 1077
1 575 939 635 1088
1 369 961 416 1075
1 680 942 761 1140
1 765 954 815 1077
1 800 942 866 1105
1 862 904 962 1148
1 950 929 1021 1104
1 988 951 1044 1090
1 1056 921 1144 1138
1 1219 942 1298 1136
1 1265 928 1360 1159
1 1361 929 1395 1015
1 1383 938 1463 1133
1 1462 943 1516 1078
1 1514 918 1620 1179
1 1613 957 1673 1103
1 1748 895 1850 1144
1 1875 947 1940 1109
1 2036 900 2156 1196
1 2202 933 2264 1085
1 2279 951 2360 1149
1 1998 930 2082 1138
3 12 944 33 989
3 215 940 234 992
3 379 944 413 968
3 702 950 721 982
3 1237 958 1261 1004
3 1588 929 1619 991
3 1743 936 1786 986
3 1819 921 1862 982
5 158 925 185 976
5 633 970 668 1060
5 709 921 751 947
5 1131 957 1160 991
5 2296 952 2358 1206
