158
1 90 40 100 64
1 100 45 107 65
1 115 55 126 81
1 122 60 131 83
1 141 74 151 102
1 133 104 142 128
1 157 85 171 119
1 151 79 161 106
1 211 89 218 107
1 187 92 196 116
1 232 87 238 101
1 248 96 255 114
1 257 104 268 131
1 282 74 289 93
1 343 94 349 112
1 358 119 369 147
1 350 112 357 130
1 332 131 339 150
1 284 95 291 112
1 304 469 335 547
1 249 475 278 548
1 187 504 205 547
1 128 497 147 547
1 62 489 85 547
1 6 469 37 547
1 0 425 31 500
1 78 463 101 521
1 139 455 167 523
1 217 426 251 511
1 199 415 235 503
1 145 378 174 450
1 90 389 130 490
1 69 386 98 459
1 9 367 31 420
1 135 348 157 402
1 159 358 212 489
1 222 358 260 450
1 24 348 41 390
1 80 338 98 385
1 105 299 137 377
1 54 270 91 364
1 210 303 234 365
1 167 308 186 356
1 180 271 204 330
1 213 257 228 296
1 241 274 289 392
1 222 336 241 383
1 92 274 117 337
1 143 238 180 331
1 93 235 107 272
1 120 237 132 270
1 145 225 158 259
1 307 417 326 464
1 267 417 294 485
1 334 400 370 489
1 310 373 324 411
1 363 355 398 442
1 307 327 324 369
1 350 342 369 392
1 280 304 316 391
1 339 306 356 351
1 313 270 335 325
1 376 310 389 343
1 360 240 385 304
1 338 232 365 300
1 267 226 300 306
1 233 234 257 295
1 183 214 201 258
1 220 203 236 244
1 253 185 271 230
1 300 205 314 239
1 290 165 311 217
1 377 173 389 205
1 366 192 377 218
1 343 194 351 217
1 314 175 331 216
1 306 102 311 118
1 249 79 254 92
1 338 118 346 140
1 252 135 258 152
1 312 147 323 176
1 361 172 373 205
1 334 170 342 193
1 285 158 296 188
1 270 173 280 197
1 254 166 266 197
1 207 174 224 217
1 228 154 239 181
1 167 184 177 209
1 145 198 154 222
1 159 167 170 197
1 206 116 214 135
1 220 111 229 132
1 194 85 199 99
1 135 72 145 99
1 128 65 138 91
3 169 337 195 359
3 116 278 140 300
3 110 246 135 272
3 387 149 399 171
3 362 153 377 169
3 377 159 390 172
3 324 150 339 167
3 354 170 364 186
3 150 190 162 208
3 160 147 172 166
3 171 147 179 161
3 301 83 314 97
3 313 93 322 106
3 295 95 305 105
3 325 119 337 129
3 344 137 354 155
3 352 149 362 169
3 308 128 319 143
3 293 127 301 141
3 301 129 309 147
3 292 147 303 161
3 281 131 291 148
3 273 129 281 144
3 275 145 285 155
3 278 155 288 171
3 235 113 242 127
3 242 118 250 137
3 249 114 259 133
3 210 107 219 119
3 218 94 228 108
3 225 91 233 103
3 253 84 260 97
3 205 158 217 172
3 211 137 220 156
3 223 139 234 153
3 236 144 246 164
3 192 140 203 154
3 188 132 197 143
3 179 123 190 137
3 187 117 198 129
3 198 101 208 115
3 202 135 211 152
3 232 130 243 144
3 170 173 182 187
3 178 168 190 181
3 190 166 204 180
3 192 156 204 166
3 180 149 190 161
3 176 162 188 168
5 248 64 278 86
5 84 20 111 40
5 111 19 154 39
5 112 40 175 50
5 177 38 189 51
5 126 50 137 59
5 137 49 215 64
5 214 54 234 66
5 154 65 206 83
5 174 83 186 102
5 206 70 248 86
5 243 90 250 103
5 237 82 243 94
