41
1 38 124 82 234
1 69 109 130 258
1 80 101 144 258
1 60 126 92 205
1 123 125 163 223
1 147 98 212 257
1 212 111 271 258
1 200 131 234 213
1 486 99 551 258
1 470 83 536 244
1 522 92 578 230
1 575 103 636 254
1 584 79 645 227
1 632 78 670 173
1 645 176 677 257
1 659 130 709 254
1 680 96 736 236
1 704 78 777 258
1 778 62 830 258
1 752 331 809 472
1 696 337 746 460
1 659 353 727 518
1 589 341 661 517
1 564 381 595 456
1 540 367 575 452
1 472 342 543 518
1 448 330 525 519
1 135 352 203 519
1 105 386 158 516
1 42 530 144 778
1 78 607 138 754
1 90 616 137 731
1 137 619 179 725
1 151 592 216 753
1 214 613 224 637
3 170 633 282 778
3 163 618 180 634
3 477 540 781 779
5 82 128 89 139
5 123 125 132 136
5 302 269 409 519
