41
1 0 263 28 398
1 97 277 118 332
1 109 268 125 307
1 119 268 182 422
1 167 281 223 418
1 191 278 262 451
1 238 344 299 493
1 309 308 383 491
1 346 316 411 477
1 281 282 301 330
1 917 366 1024 683
1 868 337 907 435
1 773 354 906 682
1 646 482 728 684
1 717 369 764 485
1 685 365 727 471
1 540 367 578 461
1 515 471 601 682
1 609 320 653 427
1 499 299 560 448
1 418 340 531 617
1 401 311 521 603
1 365 290 443 481
1 378 317 477 561
1 172 275 184 305
3 351 294 369 309
3 648 320 669 359
5 321 275 372 293
5 373 278 402 314
5 432 279 500 302
5 778 327 851 355
5 761 302 783 329
5 685 302 728 323
5 744 324 771 361
5 617 290 666 320
5 582 289 615 311
5 571 312 600 351
5 535 282 582 315
5 467 303 502 345
5 668 320 681 345
5 666 303 678 320
