39
1 86 109 101 145
1 120 99 131 125
1 112 128 161 249
1 145 115 192 229
1 155 112 196 213
1 170 103 209 200
1 139 102 167 173
1 98 180 142 290
1 71 148 93 203
1 193 106 226 187
1 205 105 235 178
1 228 104 255 173
1 253 102 283 175
1 266 92 296 169
1 282 107 310 179
1 310 105 340 181
1 339 110 361 167
1 227 94 256 164
1 360 114 387 179
1 387 119 419 200
1 428 123 463 212
1 454 134 493 229
1 478 163 526 280
1 504 146 546 250
1 340 166 384 275
1 307 162 347 262
1 379 104 408 174
1 430 114 464 200
1 389 117 417 188
1 511 116 521 144
1 162 46 171 68
3 28 208 87 250
3 44 249 115 292
3 55 118 88 143
3 190 100 198 114
3 196 95 207 104
5 455 102 463 112
5 494 128 505 148
5 538 134 547 147
