85
1 193 244 299 503
1 320 262 406 474
1 502 224 626 530
1 631 226 713 428
1 717 270 798 469
1 823 234 909 443
1 981 204 1024 398
1 942 210 1016 394
1 882 223 949 388
1 962 204 1024 385
1 924 211 997 389
1 826 210 895 378
1 776 224 837 376
1 728 219 789 367
1 697 216 761 373
1 615 222 677 376
1 587 230 601 264
1 674 227 730 364
1 805 193 876 369
1 677 207 738 359
1 504 236 551 351
1 477 236 522 348
1 498 226 539 328
1 440 231 485 343
1 471 221 522 346
1 540 227 596 365
1 457 222 507 344
1 425 240 465 341
1 407 235 436 306
1 384 238 410 301
1 363 238 384 292
1 334 238 377 342
1 316 237 356 336
1 305 240 343 334
1 280 241 318 334
1 275 244 293 290
1 266 242 280 280
1 195 221 239 332
1 132 243 166 325
1 151 246 184 328
1 164 242 199 329
1 118 243 152 325
1 74 244 127 374
1 16 237 72 377
1 56 244 107 369
1 38 233 92 366
1 0 237 52 371
1 0 239 37 370
1 207 237 246 332
3 976 190 997 206
3 1009 190 1018 219
3 922 201 939 231
3 938 195 956 218
3 896 196 920 221
3 864 195 883 222
3 882 223 900 250
3 759 208 777 236
3 662 204 682 227
3 591 209 608 229
3 611 246 629 270
3 735 214 749 238
3 781 219 795 248
3 616 215 633 242
3 308 229 321 242
3 320 217 334 238
3 403 232 418 251
3 484 204 499 221
3 426 224 436 241
3 436 220 449 239
5 736 201 760 216
5 788 194 811 221
5 14 226 28 238
5 38 225 55 238
5 67 229 96 242
5 99 226 111 244
5 133 225 175 244
5 177 220 206 240
5 236 217 269 240
5 269 219 285 243
5 286 218 311 235
5 333 212 360 232
5 361 213 391 235
5 450 212 472 229
5 531 210 544 219
5 668 228 685 251
