38
1 86 264 180 494
1 6 153 46 251
1 216 204 273 346
1 285 185 326 287
1 302 248 392 469
1 393 227 479 440
1 463 221 543 419
1 513 215 583 388
1 543 209 611 374
1 331 162 357 226
1 361 155 405 264
1 441 161 463 214
1 476 141 505 211
1 506 135 546 232
1 531 162 548 207
1 75 149 88 183
1 133 139 169 229
1 149 183 187 276
1 192 174 233 276
1 251 145 271 194
1 262 174 288 237
1 109 181 139 256
1 0 164 19 232
1 361 139 378 184
1 395 154 429 238
1 604 160 648 270
1 667 142 718 267
3 32 173 71 274
3 70 183 93 210
3 77 210 117 284
3 207 143 229 171
3 567 170 592 200
3 629 175 662 234
3 628 130 653 176
3 719 170 747 273
5 30 141 60 173
5 316 174 335 204
5 285 176 298 200
