33
1 69 219 118 342
1 112 204 161 323
1 100 179 153 310
1 143 204 189 316
1 131 170 183 300
1 156 135 176 187
1 167 180 216 299
1 218 164 247 236
1 194 160 220 227
1 209 137 227 182
1 236 164 279 270
1 262 200 302 298
1 300 185 344 293
1 267 139 316 261
1 254 134 272 178
1 303 146 352 265
1 326 184 370 293
1 202 228 235 310
1 352 185 394 291
1 362 155 415 286
1 395 214 435 315
1 412 176 456 287
1 402 151 425 210
1 333 146 383 268
1 430 202 477 316
1 434 176 484 298
1 462 181 512 302
1 476 217 524 334
1 490 193 543 326
1 523 214 574 338
1 553 216 610 355
3 304 132 320 158
3 331 131 347 154
