31
1 91 192 112 243
1 66 189 87 241
1 198 202 211 237
1 233 193 259 260
1 223 200 237 238
1 339 207 358 254
1 371 208 386 248
1 311 210 327 251
1 279 207 296 249
1 437 211 451 246
1 475 215 487 245
1 487 213 500 247
1 589 211 599 236
1 551 218 558 237
1 534 216 541 235
1 525 216 531 234
5 27 190 48 209
5 112 194 144 213
5 146 197 158 207
5 108 204 169 246
5 1 209 72 250
5 177 200 193 237
5 358 206 368 223
5 293 209 310 237
5 265 204 278 220
5 249 208 264 230
5 209 209 220 220
5 394 212 412 236
5 440 201 452 212
5 501 217 521 235
5 564 214 580 236
