38
1 71 136 112 236
1 119 129 163 239
1 154 125 211 266
1 236 120 293 259
1 372 112 438 276
1 462 124 526 281
1 468 128 478 154
1 462 129 472 155
1 456 129 466 157
1 448 129 458 157
1 429 128 442 159
1 423 129 434 158
1 361 127 376 163
1 354 127 369 163
1 350 131 362 163
1 307 136 314 155
1 316 135 320 145
1 443 129 454 158
1 333 134 343 162
1 342 129 356 164
1 243 138 250 156
1 196 136 210 172
1 204 135 216 168
1 209 134 223 168
1 213 134 225 166
1 191 127 196 143
1 187 134 192 147
1 195 128 200 140
1 28 129 40 159
1 3 127 16 161
1 8 129 20 159
1 38 130 46 149
1 17 133 27 159
3 518 192 549 247
3 524 175 543 192
5 417 127 426 136
5 201 125 211 134
5 52 129 71 146
