78
1 62 149 159 387
1 506 133 621 416
1 592 165 646 296
1 251 184 279 254
1 271 190 296 251
1 303 184 330 251
1 319 187 346 253
1 322 189 346 250
1 340 191 364 249
1 371 182 398 247
1 386 185 409 244
1 45 79 76 154
1 70 80 93 136
1 113 88 136 146
1 138 96 165 161
1 157 98 183 161
1 235 116 250 152
1 252 93 277 153
1 286 99 307 153
1 271 100 293 154
1 299 99 321 155
1 318 107 338 157
1 357 116 374 160
1 365 114 383 160
1 410 179 436 243
1 424 181 449 243
1 636 150 646 178
1 606 147 617 174
1 527 131 539 160
1 679 188 690 214
1 675 187 686 213
1 662 189 670 212
1 648 188 659 214
1 412 128 430 171
1 738 182 750 230
1 424 133 438 171
1 389 124 404 160
1 348 103 363 142
1 368 84 376 107
1 402 68 410 88
1 339 54 347 75
1 306 62 316 88
1 300 57 308 76
1 596 144 608 177
1 451 131 465 167
1 403 84 415 114
1 434 98 441 117
1 450 97 455 113
1 421 96 427 112
3 81 121 104 154
3 106 126 124 151
3 130 126 150 165
3 197 102 216 130
5 355 195 362 212
5 362 195 373 212
5 579 175 589 186
5 462 92 497 116
5 497 104 521 128
5 576 140 597 167
5 524 121 533 134
5 497 128 522 164
5 462 116 498 163
5 417 83 448 99
5 373 72 403 95
5 378 94 404 117
5 370 99 378 111
5 346 65 368 86
5 455 118 460 128
5 444 118 453 127
5 403 121 412 136
5 334 76 345 95
5 346 86 368 102
5 294 48 301 62
5 272 53 296 85
5 246 49 273 85
5 229 47 246 84
5 203 39 228 78
5 161 29 194 70
