53
1 29 84 139 352
1 0 68 83 331
1 101 109 193 337
1 112 87 208 322
1 210 103 300 324
1 307 111 390 317
1 369 121 448 313
1 387 79 478 300
1 447 124 515 290
1 490 103 564 283
1 545 104 612 269
1 306 87 339 168
1 445 92 512 255
1 649 88 700 290
1 624 85 700 282
1 596 76 678 276
1 585 88 658 268
1 559 79 636 267
1 517 88 587 258
1 384 75 402 118
1 358 97 367 122
1 251 93 267 135
1 242 90 261 137
1 232 94 247 134
1 222 88 245 145
1 212 89 236 148
1 206 87 217 113
1 7 61 26 111
3 640 41 667 68
3 612 79 622 108
3 529 77 551 101
3 481 71 507 91
3 449 89 464 116
3 419 80 432 106
3 306 76 318 89
3 211 92 220 104
3 79 61 108 87
3 0 114 27 186
5 507 82 529 116
5 582 68 594 96
5 465 93 479 107
5 395 85 409 98
5 411 87 420 107
5 364 88 381 105
5 260 82 279 106
5 279 85 297 99
5 297 87 312 108
5 331 87 357 102
5 337 98 345 111
5 345 99 358 111
5 357 86 365 94
5 192 80 203 97
5 129 83 158 106
