70
1 0 82 17 162
1 4 109 41 199
1 43 100 87 211
1 86 101 131 213
1 25 71 31 89
1 97 84 109 116
1 80 81 95 118
1 484 115 535 243
1 398 96 455 238
1 466 84 524 226
1 519 74 544 138
1 411 62 469 203
1 407 81 463 217
1 386 79 422 167
1 347 83 401 214
1 333 104 386 233
1 324 82 362 176
1 289 84 339 209
1 263 91 319 227
1 230 82 279 203
1 260 65 300 164
1 200 95 251 223
1 184 79 234 203
1 148 98 197 219
1 135 83 174 181
1 131 63 166 150
1 117 85 144 154
1 8 81 18 108
1 44 80 55 109
1 192 8 202 33
1 200 9 209 32
1 288 13 293 29
1 418 11 427 35
1 425 10 433 33
1 390 11 396 25
1 349 12 357 33
1 472 8 478 26
1 520 14 530 40
3 80 119 99 179
3 5 146 59 243
3 117 149 169 256
3 250 159 298 265
3 384 168 426 280
5 48 2 90 37
5 89 2 130 37
5 130 2 160 38
5 161 5 193 36
5 142 37 202 54
5 211 7 232 31
5 213 30 234 54
5 233 9 262 32
5 233 32 263 53
5 265 32 290 53
5 290 31 311 53
5 311 28 335 52
5 335 28 359 52
5 359 28 377 49
5 367 13 384 27
5 377 27 412 48
5 357 11 364 27
5 431 24 453 48
5 453 23 475 45
5 435 13 448 24
5 450 12 463 22
5 528 15 549 45
5 476 27 488 44
5 481 13 502 27
5 502 18 527 47
5 503 12 512 18
5 488 27 502 46
