34
1 28 155 83 293
1 63 155 108 265
1 91 151 126 238
1 112 152 164 280
1 149 150 181 229
1 194 156 246 283
1 187 153 225 247
1 239 151 286 265
1 277 146 326 267
1 288 148 346 289
1 272 156 303 234
1 329 157 369 255
1 344 159 385 261
1 359 156 404 267
1 372 145 453 346
1 0 151 28 223
1 477 169 500 271
1 451 164 494 272
1 236 162 254 209
1 178 155 203 217
1 139 153 169 229
1 0 145 18 226
5 439 155 455 183
5 423 157 439 183
5 472 159 497 179
5 325 159 341 173
5 291 158 298 168
5 270 159 282 172
5 120 145 136 167
5 78 130 97 154
5 191 147 203 162
5 174 150 180 162
5 26 148 53 161
5 97 135 108 157
