31
1 0 98 56 250
1 21 84 71 209
1 34 103 92 248
1 52 89 103 213
1 64 106 123 249
1 85 82 138 214
1 99 103 157 247
1 115 79 169 211
1 131 105 187 244
1 139 84 189 209
1 156 107 212 243
1 166 87 217 212
1 185 111 238 242
1 194 85 247 214
1 217 107 271 241
1 230 89 279 210
1 248 105 302 240
1 260 90 308 210
1 279 105 332 237
1 292 96 338 209
1 311 106 364 236
1 304 87 351 203
1 333 87 380 205
1 346 109 399 239
1 365 86 413 206
1 375 101 430 239
1 389 79 440 204
1 406 107 458 234
1 422 87 467 199
1 438 102 492 236
1 454 90 500 221
