36
1 26 124 82 262
1 39 143 99 293
1 64 161 140 347
1 195 127 238 232
1 235 131 286 256
1 276 135 342 298
1 0 80 30 188
1 18 84 66 201
1 62 92 100 187
1 90 105 127 198
1 122 135 149 200
1 122 86 165 191
1 141 93 177 182
1 168 97 206 193
1 207 102 238 179
1 362 136 401 233
1 387 130 417 204
1 417 132 469 258
1 501 138 540 236
1 530 116 550 197
1 491 112 521 188
1 471 106 503 187
1 455 106 485 179
1 430 101 464 186
1 391 101 426 188
1 404 100 434 177
1 356 104 387 183
1 329 104 362 184
1 312 108 339 176
1 300 127 345 237
1 274 108 307 188
3 206 89 222 125
3 233 92 256 124
3 259 97 282 128
3 293 97 305 121
3 43 90 73 121
