30
1 0 161 31 251
1 21 165 58 255
1 37 159 65 227
1 55 150 88 230
1 72 165 109 257
1 95 175 129 260
1 111 165 134 223
1 147 165 180 247
1 173 163 209 254
1 200 164 235 251
1 220 171 244 232
1 258 168 293 255
1 285 156 311 220
1 298 169 337 267
1 345 172 381 259
1 384 172 421 264
1 419 180 461 283
1 436 168 476 267
1 473 167 512 263
1 484 177 520 268
1 503 178 542 273
1 541 180 577 271
1 559 167 589 243
1 579 168 616 261
1 600 172 641 272
1 614 170 648 252
1 636 165 671 254
1 657 170 692 257
5 212 139 731 178
5 4 138 160 168
