37
1 527 762 546 810
1 516 759 536 809
1 501 759 520 805
1 492 755 512 807
1 481 768 490 789
1 465 769 473 790
1 430 803 452 858
1 384 767 417 849
1 357 767 367 793
1 318 769 337 816
1 304 764 324 816
1 242 770 258 811
1 227 764 245 811
1 193 765 213 817
1 177 762 197 813
1 161 767 178 809
1 169 767 185 808
1 81 770 98 814
1 107 781 142 869
1 133 780 169 867
1 26 769 41 806
1 40 770 54 807
3 542 790 571 854
3 345 795 377 856
3 247 812 276 850
3 205 809 237 857
3 40 797 55 837
3 67 798 92 835
3 432 782 449 803
5 438 759 469 792
5 369 761 394 789
5 333 761 360 792
5 253 759 305 810
5 206 762 235 798
5 0 764 29 806
5 55 768 79 793
5 106 764 155 793
