28
1 478 177 559 377
1 539 239 574 328
1 581 249 600 317
1 576 277 591 314
1 290 244 327 335
1 201 246 234 327
1 224 252 254 327
1 247 267 268 320
1 12 230 59 344
1 59 235 101 340
1 84 239 122 333
1 119 248 152 332
1 141 256 169 328
1 162 261 186 322
1 174 264 198 323
1 189 268 209 319
1 198 269 215 313
1 0 244 29 338
1 429 219 482 348
1 412 238 455 345
1 384 249 415 326
1 366 263 389 319
1 356 266 376 318
1 347 277 360 312
1 308 252 342 334
1 261 275 276 315
1 278 260 290 290
5 326 258 360 288
