46
1 18 164 83 323
1 62 160 130 325
1 102 173 159 315
1 117 196 167 319
1 148 193 194 308
1 177 202 220 310
1 188 189 235 303
1 209 208 249 306
1 243 208 285 310
1 274 211 312 304
1 295 200 336 303
1 325 212 360 301
1 498 162 554 301
1 486 195 530 303
1 461 201 501 298
1 429 192 474 301
1 398 205 438 304
1 371 207 408 297
1 350 217 381 294
1 257 192 297 293
3 149 165 168 203
3 49 146 77 178
3 171 166 196 195
3 177 182 199 217
3 202 157 231 207
3 226 158 260 213
3 255 159 275 196
3 240 194 255 231
3 271 173 297 207
3 289 185 306 211
3 296 160 320 196
3 306 183 322 203
3 327 189 348 216
3 328 171 351 196
3 343 161 362 191
3 345 183 371 217
3 359 174 370 202
3 370 189 386 217
3 377 179 396 210
3 398 171 420 195
3 412 182 425 208
3 424 182 444 219
3 436 171 456 196
3 452 157 478 201
3 476 177 503 213
3 487 160 509 189
