36
1 0 331 32 449
1 124 418 183 562
1 184 573 234 698
1 394 480 466 658
1 394 292 439 405
1 29 187 47 233
1 1 180 20 227
1 43 147 59 189
1 59 149 73 187
1 102 177 123 230
1 140 190 164 249
1 177 198 204 263
1 163 169 176 203
1 125 161 138 196
1 188 181 201 216
1 207 176 225 223
1 237 179 254 224
3 290 634 369 703
3 781 491 843 595
3 729 472 756 534
3 741 491 783 583
3 884 511 922 630
3 444 334 502 420
3 533 336 565 395
3 569 323 603 404
3 263 244 277 279
3 277 247 300 291
3 300 240 317 271
3 319 249 342 295
3 350 244 366 283
3 453 291 486 340
3 12 159 28 184
5 647 222 936 286
5 521 225 594 266
5 556 284 584 324
5 623 292 656 321
