28
1 3202 736 3456 1444
1 3115 774 3383 1427
1 2890 751 3191 1485
1 2765 738 3071 1487
1 2646 755 2931 1453
1 2430 749 2725 1471
1 2534 828 2770 1406
1 2167 857 2646 2029
1 2025 769 2497 1924
1 1742 840 2224 2018
1 1699 774 1986 1474
1 1553 818 1793 1403
1 1237 802 1760 2081
1 846 810 1341 2021
1 630 920 1135 2155
1 262 791 794 2090
1 62 797 455 1758
1 0 771 356 1698
3 2884 687 2966 810
3 2333 784 2411 885
3 1968 781 2058 879
3 1453 725 1722 1174
3 906 796 1032 974
3 809 790 963 965
3 698 809 850 1103
3 606 793 752 1038
3 281 786 403 958
3 4 824 56 1028
