29
1 649 82 783 409
1 499 83 644 436
1 539 109 658 402
1 602 112 674 289
1 636 111 678 215
1 655 128 692 222
1 361 111 431 285
1 421 73 546 378
1 406 114 480 298
1 303 105 376 284
1 284 92 354 265
1 115 83 199 290
1 179 90 221 193
1 214 102 251 195
1 246 133 276 209
1 273 98 301 170
1 487 104 580 334
1 79 106 121 210
1 27 93 74 211
1 60 118 96 206
1 97 92 124 160
1 113 90 140 158
1 0 101 26 180
1 3 97 33 173
1 737 121 800 384
3 447 103 472 139
3 323 101 342 124
3 689 111 710 136
3 759 112 774 143
