35
1 5 336 40 421
1 38 328 75 422
1 69 321 112 428
1 106 320 146 419
1 130 329 168 421
1 154 320 194 419
1 188 328 223 417
1 209 333 244 421
1 234 338 266 419
1 255 344 287 422
1 413 347 443 421
1 441 341 476 426
1 465 337 499 423
1 490 325 530 423
1 513 325 553 425
1 547 327 585 423
1 582 330 621 425
1 610 329 649 425
1 643 331 683 428
1 667 330 705 425
1 707 336 743 426
1 303 304 329 369
1 320 297 349 369
1 339 293 373 378
1 368 294 398 370
1 394 303 425 378
1 415 297 446 374
1 203 274 232 345
1 231 278 252 333
1 245 275 271 340
3 287 349 323 422
3 319 366 352 425
3 352 359 380 432
3 372 357 408 423
5 9 248 742 305
