31
1 9 111 98 329
1 49 124 146 364
1 78 74 135 214
1 141 60 190 179
1 167 63 204 157
1 225 48 264 144
1 282 52 318 140
1 313 40 355 146
1 333 53 371 146
1 377 56 422 167
1 415 60 463 177
1 430 40 480 163
1 447 54 503 190
1 469 109 547 301
1 511 66 565 197
1 576 27 600 103
1 559 144 600 278
1 140 131 244 387
1 334 159 430 396
1 366 105 461 337
1 0 100 74 283
3 128 150 166 270
3 268 170 321 298
3 319 169 384 287
3 203 125 250 200
3 231 120 258 164
3 253 118 290 196
3 284 110 319 191
3 319 107 349 190
3 352 111 383 190
3 5 256 172 400
