42
1 14 224 70 362
1 87 230 136 352
1 151 229 201 352
1 233 231 281 348
1 298 230 348 353
1 355 227 404 348
1 409 218 460 345
1 428 228 478 352
1 486 226 537 353
1 540 227 588 347
1 521 211 580 356
3 41 210 76 271
3 73 99 94 134
3 106 103 125 133
3 131 105 153 132
3 160 100 188 135
3 284 106 298 133
3 296 101 312 132
3 311 99 326 136
3 323 104 338 132
3 340 105 356 131
3 351 103 371 132
3 366 108 379 132
3 390 110 402 129
3 399 112 410 132
3 412 113 429 131
3 428 111 447 133
3 431 97 444 118
3 506 102 524 136
3 514 98 530 120
3 528 105 542 121
3 6 99 20 120
3 15 89 29 119
3 47 102 59 125
3 56 91 68 107
3 58 113 76 129
3 93 215 137 259
3 168 211 199 258
3 219 205 266 251
3 289 214 327 244
3 359 208 386 253
3 460 205 495 241
