28
1 72 828 92 877
1 134 822 154 872
1 203 819 219 858
1 257 800 273 839
1 268 802 285 844
1 285 805 299 841
1 329 820 349 871
1 341 822 371 896
1 356 826 382 893
1 433 821 458 881
1 468 828 508 926
1 503 819 541 914
1 516 872 565 993
1 465 791 478 825
1 495 806 511 848
1 477 785 491 822
1 491 785 506 825
1 520 796 530 822
1 508 790 518 817
1 531 792 541 819
1 672 828 708 917
1 710 833 741 910
1 702 833 770 1002
1 733 825 766 905
1 745 826 819 1006
1 817 851 870 982
1 856 817 923 982
1 936 813 960 903
