32
1 14 210 68 341
1 22 186 160 525
1 130 187 176 302
1 147 197 187 294
1 158 184 264 443
1 238 190 321 392
1 259 146 443 595
1 2 192 44 294
1 236 204 260 265
1 226 202 245 250
1 405 206 439 290
1 413 202 449 291
1 424 202 456 280
1 437 205 466 278
1 449 205 475 271
1 602 166 765 566
1 573 181 663 402
1 598 173 717 467
1 558 188 629 362
1 543 201 590 317
1 751 201 801 322
1 740 202 784 309
1 770 197 821 325
1 790 186 850 334
1 809 198 876 364
1 850 190 900 379
1 706 196 751 309
1 721 201 764 307
3 28 175 57 210
3 373 199 406 257
3 393 203 413 253
3 475 236 519 275
