40
1 30 188 91 339
1 19 175 67 293
1 60 200 116 336
1 99 190 158 334
1 136 198 192 335
1 179 202 234 336
1 216 196 272 332
1 257 187 315 332
1 293 194 351 335
1 333 192 389 329
1 366 190 424 333
1 411 195 464 325
1 442 183 497 321
1 478 186 534 322
3 68 170 98 209
3 97 164 138 216
3 102 147 132 186
3 123 155 148 194
3 141 159 173 213
3 156 152 179 190
3 170 165 205 217
3 193 149 216 192
3 203 169 242 223
3 230 151 255 185
3 243 135 271 171
3 267 143 293 192
3 247 161 278 232
3 295 163 327 213
3 285 129 319 166
3 306 146 341 195
3 334 132 368 175
3 330 161 371 205
3 350 150 379 183
3 375 137 394 168
3 375 160 411 216
3 397 153 421 184
3 401 142 416 161
3 421 139 458 182
3 414 160 456 207
3 450 164 485 207
