31
1 174 203 216 309
1 253 181 295 283
1 292 180 322 253
1 306 175 349 282
1 328 177 360 255
1 378 177 425 294
1 372 177 404 256
1 410 178 438 248
1 427 177 461 261
1 448 186 469 238
1 455 174 486 253
1 479 172 517 264
1 476 178 498 231
1 503 177 533 254
1 530 179 558 247
1 537 168 580 274
1 562 179 591 253
1 577 178 602 241
1 585 181 607 235
1 595 179 616 231
3 71 155 89 192
3 85 161 99 184
3 106 158 120 186
3 123 158 136 186
3 141 162 156 183
3 153 157 173 182
3 168 161 183 182
3 188 166 200 184
3 201 160 216 183
3 212 164 226 185
3 233 166 246 184
