32
1 0 211 29 298
1 28 215 61 296
1 49 213 85 300
1 79 214 112 296
1 90 210 127 301
1 136 212 169 296
1 167 222 201 305
1 190 220 219 291
1 214 212 250 299
1 755 219 788 303
1 781 216 816 304
1 810 218 843 301
1 847 221 883 310
1 876 224 900 304
3 239 231 268 259
3 253 215 274 248
3 274 211 299 243
3 310 205 330 232
3 339 209 370 254
3 356 199 389 255
3 423 204 456 250
3 465 213 493 256
3 491 213 509 256
3 521 213 549 261
3 546 216 569 261
3 566 213 593 264
3 595 218 625 262
3 629 218 657 261
3 668 215 695 262
3 689 212 714 270
3 721 231 738 250
3 739 226 757 254
