52
1 41 287 78 379
1 61 322 93 402
1 56 318 87 393
1 84 288 115 364
1 90 337 126 425
1 98 288 130 368
1 126 295 162 382
1 145 316 181 403
1 160 331 194 415
1 175 347 219 458
1 220 318 256 409
1 211 397 264 529
1 246 414 293 532
1 270 347 311 449
1 255 300 286 379
1 208 289 239 368
1 163 305 187 367
1 287 295 318 373
1 309 306 336 373
1 338 296 374 386
1 353 298 388 385
1 369 309 396 374
1 383 311 407 371
1 429 292 462 372
1 444 292 477 375
1 471 299 501 374
1 509 288 543 370
1 491 311 515 372
1 536 298 570 381
1 559 306 586 372
1 579 299 608 373
1 593 296 624 372
1 611 297 643 375
1 637 300 667 376
1 627 305 654 370
1 667 299 698 376
1 686 299 716 373
1 703 321 735 401
1 717 305 751 388
1 736 298 766 375
1 776 307 804 375
1 796 314 835 411
1 802 411 863 559
1 858 324 888 400
1 828 306 855 373
1 815 296 846 373
1 844 303 870 368
1 900 295 932 376
1 934 296 950 362
3 62 287 93 329
3 407 331 436 372
3 414 298 436 333
