46
1 14 236 34 285
1 0 209 14 255
1 28 197 45 239
1 57 212 75 257
1 60 182 76 221
1 41 177 54 209
1 18 184 31 219
1 80 198 94 234
1 87 231 111 289
1 103 190 115 222
1 117 178 130 210
1 119 210 137 253
1 136 196 153 238
1 151 184 166 220
1 164 176 177 208
1 161 233 184 289
1 173 214 193 262
1 186 202 201 238
1 194 186 209 224
1 238 243 259 296
1 236 211 258 266
1 309 234 334 295
1 300 214 317 258
1 292 200 305 235
1 284 183 300 225
1 328 181 339 208
1 318 172 327 197
1 336 188 351 226
1 348 200 365 243
1 367 217 385 263
1 389 241 407 287
1 422 212 442 263
1 463 240 482 289
1 397 196 415 240
1 379 188 393 224
1 363 177 373 205
1 418 185 432 220
1 430 176 443 209
1 476 209 497 261
1 462 174 477 210
1 452 186 465 221
5 1 128 116 185
5 119 126 239 176
5 242 126 256 216
5 254 126 319 189
5 319 126 495 180
