32
1 71 214 111 311
1 107 233 147 331
1 89 201 124 288
1 131 181 167 269
1 161 238 206 347
1 213 209 251 304
1 268 245 314 359
1 367 241 413 356
1 348 219 386 314
1 336 184 369 267
1 305 177 334 250
1 257 220 289 298
1 273 187 306 267
1 243 171 272 244
1 183 180 214 256
1 361 175 389 246
1 404 205 441 299
1 452 234 494 337
1 485 216 527 319
1 446 183 481 271
1 417 180 448 255
1 476 202 509 286
1 569 120 593 180
4 388 137 413 168
4 418 139 450 170
4 458 141 479 166
4 487 141 509 174
4 480 135 492 160
4 367 134 376 164
4 352 133 360 161
4 325 138 344 169
5 390 120 512 141
