32
1 0 307 101 564
1 85 342 178 571
1 157 302 266 570
1 272 318 373 566
1 325 341 419 570
1 553 289 668 571
1 488 295 585 532
1 710 305 819 572
1 760 251 853 477
1 806 251 883 441
1 107 236 169 389
1 98 190 142 300
1 212 244 319 506
3 300 391 680 570
3 142 258 230 400
3 367 292 468 421
3 564 254 635 346
3 663 262 717 368
3 720 260 765 360
3 192 212 257 296
3 159 217 200 275
3 140 192 175 249
3 131 208 149 238
3 183 206 212 253
3 237 212 267 255
3 292 233 343 313
3 323 239 392 316
3 400 239 476 364
3 500 264 562 345
5 303 170 456 226
5 460 157 651 234
5 651 161 885 301
