40
1 0 141 54 274
1 33 129 92 273
1 69 129 129 279
1 105 128 164 273
1 149 133 206 273
1 188 131 243 267
1 205 98 267 251
1 236 90 303 254
1 247 118 309 271
1 298 129 354 267
1 328 114 387 257
1 354 132 408 267
1 396 138 450 269
1 446 126 505 271
1 492 124 550 273
3 1 115 42 174
3 40 119 64 154
3 65 118 96 175
3 99 116 127 165
3 143 117 172 168
3 186 124 213 164
3 372 118 412 265
3 410 117 457 262
3 481 108 505 155
3 487 111 540 159
3 522 101 542 149
3 464 97 484 120
3 446 106 473 168
3 418 104 454 149
3 290 101 337 166
3 170 85 216 138
3 133 86 172 139
3 71 85 124 127
3 74 89 92 113
3 113 85 136 125
3 33 76 69 117
3 1 84 43 142
3 39 95 71 119
5 319 95 420 145
5 199 93 294 126
