38
1 123 188 165 290
1 517 141 600 361
1 498 179 546 296
1 469 180 514 293
1 443 181 486 289
1 417 183 460 289
1 392 185 434 288
1 375 188 415 287
1 354 184 394 284
1 336 184 376 281
1 316 179 358 282
1 295 195 330 280
1 283 182 322 279
1 265 186 302 278
1 249 177 289 276
1 234 172 274 273
1 217 174 256 272
1 195 183 230 272
1 182 181 218 271
1 169 182 204 270
1 152 186 186 269
1 159 161 167 184
1 132 162 140 183
1 195 161 204 183
1 220 165 226 182
1 61 157 71 185
1 0 157 10 183
1 77 177 110 261
1 85 193 114 264
1 97 193 126 265
1 0 185 21 257
1 12 182 43 257
1 31 185 60 257
1 70 182 100 257
3 113 189 132 265
5 50 188 78 256
5 233 163 280 184
5 334 165 344 181
