44
1 1368 463 1484 747
1 1454 456 1566 732
1 1487 370 1633 726
1 1547 481 1656 750
1 1647 518 1738 743
1 1647 354 1796 720
1 1738 394 1863 699
1 1807 398 1910 652
1 1866 388 1974 653
1 1972 277 2048 591
1 94 39 155 187
1 126 525 235 792
1 236 406 314 600
1 336 387 424 605
1 449 348 543 579
1 515 395 590 578
1 705 466 774 637
1 721 383 782 532
1 688 385 744 524
1 591 365 671 562
1 772 387 816 496
1 807 371 860 502
1 806 425 846 525
1 523 370 604 570
1 1176 382 1200 442
1 1168 402 1187 448
1 1159 369 1190 444
1 1105 372 1135 449
3 568 472 651 648
3 645 472 743 643
3 772 555 855 635
3 884 456 945 615
3 926 464 997 596
3 1094 419 1118 444
5 1765 317 2012 431
5 1803 196 1982 316
5 1982 154 2038 238
5 1298 253 1624 307
5 1025 221 1191 303
5 1195 264 1286 295
5 846 221 1002 279
5 629 194 803 252
5 470 153 624 236
5 144 117 455 220
