31
1 267 90 407 433
1 206 93 330 397
1 132 93 251 385
1 56 123 171 403
1 0 106 90 368
1 331 82 450 374
1 395 91 511 377
1 399 94 545 451
1 491 98 624 424
1 613 77 685 381
1 522 69 638 351
1 595 47 685 337
3 0 331 96 453
3 79 325 164 449
3 0 56 38 155
3 28 61 94 180
3 91 87 155 201
3 73 44 142 134
3 129 53 196 150
3 197 54 267 184
3 235 30 287 112
3 282 76 340 159
3 286 38 350 119
3 349 26 419 91
3 350 46 418 141
3 412 32 477 149
3 466 57 519 157
3 507 49 553 155
5 63 1 135 85
5 148 0 422 86
5 551 4 642 110
