34
1 29 121 62 204
1 83 101 127 211
1 146 99 196 222
1 139 136 150 166
1 178 107 217 204
1 225 82 285 230
1 280 147 290 175
1 295 142 308 176
1 302 108 340 200
1 312 96 361 217
1 381 99 425 208
1 449 107 487 202
1 483 128 495 161
1 416 133 430 167
1 359 134 372 169
1 340 131 355 171
3 83 128 96 164
3 121 128 132 149
3 144 124 151 139
3 275 122 282 134
3 271 132 281 151
3 275 132 286 165
3 283 122 293 149
3 294 125 312 144
3 293 113 308 129
3 352 129 362 146
3 355 152 369 173
3 369 152 386 173
3 374 146 384 159
3 372 128 389 148
3 425 126 437 142
3 424 137 437 158
3 431 149 445 167
3 443 129 459 166
