31
1 104 248 177 427
1 63 229 141 422
1 149 260 221 439
1 185 269 259 452
1 241 286 311 460
1 282 294 356 474
1 323 297 392 468
1 366 292 441 474
1 410 291 485 475
1 444 294 513 465
1 478 291 551 471
1 521 295 594 474
1 554 297 627 476
1 590 309 660 483
1 650 303 725 487
1 677 290 755 481
1 28 241 102 421
1 0 227 66 412
3 0 216 28 405
3 199 240 238 278
3 239 250 282 323
3 277 246 323 293
3 427 254 473 303
3 481 246 512 293
3 507 254 539 297
3 530 254 560 286
3 549 223 596 284
3 578 211 634 274
3 593 259 646 314
3 637 287 666 335
3 623 180 710 299
