34
1 0 224 23 291
1 54 214 80 279
1 67 224 93 290
1 95 227 122 295
1 131 221 155 282
1 161 220 187 286
1 190 221 220 294
1 214 221 238 279
1 251 222 277 289
1 272 224 300 295
1 297 224 322 284
1 319 227 344 289
1 355 221 385 294
1 396 225 424 295
1 434 223 463 295
1 465 232 497 310
1 496 220 527 299
1 532 230 558 293
1 567 225 604 316
1 599 229 625 295
1 619 227 646 296
1 638 230 662 290
1 600 176 626 242
1 549 180 571 235
1 402 175 424 230
1 465 176 488 233
1 357 182 379 235
1 310 189 327 234
1 255 185 272 228
3 106 217 129 275
3 239 218 260 285
3 334 219 358 275
3 387 216 414 275
3 469 218 487 250
