35
1 20 106 47 175
1 38 96 59 151
1 84 135 117 215
1 173 105 202 179
1 156 100 177 153
1 138 69 159 121
1 203 66 222 112
1 227 78 246 125
1 237 78 258 133
1 252 97 273 151
1 267 103 294 168
1 264 65 283 111
1 257 39 269 71
1 268 42 280 71
1 284 71 303 119
1 296 79 318 132
1 320 114 352 193
1 435 22 447 51
1 433 14 444 41
1 413 22 421 43
1 381 53 393 83
3 46 77 66 126
3 56 65 70 102
3 146 82 164 128
3 251 216 322 251
3 374 213 413 251
3 329 97 353 169
3 318 88 342 123
3 333 57 347 80
3 346 57 360 87
3 365 59 381 92
3 394 47 407 65
3 396 62 406 95
3 406 68 425 93
3 425 68 438 95
