47
1 832 282 916 489
1 817 280 896 476
1 762 293 843 492
1 44 285 127 487
1 99 288 179 486
3 47 391 138 521
3 91 268 125 321
3 152 285 173 322
3 166 288 209 366
3 144 366 209 493
3 209 362 269 420
3 270 364 322 425
3 199 315 271 393
3 191 278 235 331
3 234 286 281 352
3 259 303 312 380
3 297 280 335 330
3 301 311 355 377
3 318 372 382 426
3 380 354 433 426
3 354 279 415 376
3 327 277 367 324
3 393 267 432 320
3 399 295 461 383
3 442 287 478 326
3 463 291 522 391
3 447 368 500 426
3 505 364 561 425
3 492 278 540 337
3 525 305 584 384
3 548 286 580 340
3 576 275 632 334
3 579 300 633 376
3 572 355 639 423
3 632 362 691 425
3 694 371 760 439
3 617 278 672 335
3 631 285 709 388
3 688 279 740 332
3 711 303 797 510
3 751 277 787 333
3 802 276 856 501
4 689 170 765 284
4 767 213 805 268
4 558 236 605 291
4 511 245 558 302
4 422 252 455 284
