54
1 233 150 312 344
1 215 178 246 255
1 339 161 405 321
1 463 160 546 364
1 488 122 502 156
1 0 179 19 271
1 0 49 14 109
1 162 72 167 86
1 202 77 211 102
1 223 79 232 103
1 243 82 253 109
1 261 86 271 111
1 280 87 291 113
1 299 89 309 115
1 320 96 329 119
1 338 98 346 121
1 357 100 366 122
1 393 108 400 127
1 412 109 420 129
1 428 112 436 131
1 466 198 488 251
1 475 202 495 251
1 446 197 465 247
1 437 201 456 249
1 428 198 448 248
1 418 199 438 248
1 408 195 429 250
1 353 195 375 250
1 346 196 367 250
1 396 198 416 249
1 331 193 355 251
1 318 194 340 250
1 303 192 326 249
1 611 143 624 174
1 621 146 632 176
1 643 143 654 173
1 654 144 667 178
3 172 80 195 137
5 237 85 244 96
5 256 86 263 99
5 236 183 249 201
5 247 183 257 202
5 331 187 339 201
5 344 187 348 202
5 348 191 354 205
5 427 196 434 205
5 534 66 556 99
5 557 67 592 120
5 591 76 623 140
5 621 85 654 130
5 654 93 698 131
5 624 131 659 143
5 659 132 699 148
5 668 148 698 187
