31
1 13 92 67 227
1 71 69 116 180
1 109 65 145 153
1 141 58 170 129
1 170 57 178 80
1 196 72 219 131
1 209 66 249 166
1 233 57 242 80
1 218 49 226 68
1 235 50 251 90
1 251 49 262 79
1 263 46 272 69
1 274 44 285 72
1 274 61 296 116
1 282 61 303 113
1 281 73 325 180
1 282 84 335 216
1 126 83 221 317
1 349 86 446 326
1 348 67 376 139
1 351 50 365 88
1 339 37 358 86
1 326 62 344 107
1 305 42 313 65
1 296 42 305 65
1 319 57 327 77
1 324 63 338 97
1 314 46 318 59
1 242 58 250 77
5 150 47 163 58
5 221 55 232 66
