62
1 20 141 45 202
1 50 135 80 210
1 89 148 113 208
1 103 147 126 203
1 111 134 139 203
1 134 150 157 206
1 153 152 175 206
1 169 146 199 220
1 194 141 228 223
1 210 155 236 218
1 264 156 299 241
1 244 195 262 240
1 317 187 339 242
1 359 179 377 225
1 336 168 351 207
1 314 173 331 215
1 386 171 397 201
1 383 192 403 241
1 443 197 461 243
1 408 183 425 228
1 453 179 467 215
1 261 132 269 151
1 296 139 302 156
1 449 147 458 171
1 440 134 453 167
1 422 136 437 176
1 412 138 426 174
1 374 132 387 167
1 367 137 379 169
1 365 136 373 155
1 357 138 368 167
1 349 138 357 157
1 351 160 359 182
1 324 144 335 174
1 331 135 344 167
1 401 136 413 165
1 408 138 421 171
1 282 133 288 151
1 286 137 291 153
1 393 146 404 175
1 248 165 266 209
1 401 318 439 410
1 340 328 372 407
1 307 317 346 413
1 98 322 121 378
3 435 165 450 185
3 384 145 394 171
3 454 161 469 180
3 278 356 306 409
3 249 352 272 409
3 22 352 44 393
3 45 358 75 410
3 65 393 121 462
3 149 398 218 458
3 113 360 148 401
3 164 356 185 384
3 185 364 207 399
3 209 363 238 388
5 330 234 352 245
5 407 226 438 245
5 320 132 333 144
5 230 382 244 430
