39
1 6 217 19 252
1 17 210 39 266
1 39 214 63 272
1 46 213 73 279
1 73 213 107 296
1 116 215 152 302
1 97 212 122 272
1 132 215 158 279
1 154 212 176 268
1 169 210 188 259
1 182 211 227 320
1 221 213 250 284
1 181 214 197 255
1 208 208 226 255
1 144 208 157 243
1 247 212 265 258
1 265 211 290 275
1 274 208 295 263
1 281 205 312 280
1 303 205 327 267
1 319 204 352 286
1 331 202 359 271
1 342 206 362 255
1 362 201 400 293
1 377 204 405 273
1 398 203 461 356
1 432 202 466 285
1 446 198 473 266
1 465 199 485 247
1 472 205 500 315
1 317 203 336 252
1 240 208 251 237
5 463 201 471 233
5 397 203 416 239
5 361 208 374 242
5 478 199 487 217
5 111 206 124 222
5 167 208 175 221
5 133 206 142 225
