50
1 60 237 104 344
1 103 233 148 342
1 147 239 189 341
1 181 234 225 344
1 224 240 266 343
1 216 231 250 313
1 244 229 278 313
1 269 241 312 345
1 311 227 359 344
1 364 231 409 344
1 401 225 447 341
1 453 225 499 341
1 501 237 532 313
1 480 224 515 312
1 447 236 478 312
1 425 237 455 311
1 340 234 372 312
1 303 233 334 311
1 278 233 311 313
1 100 200 113 232
1 124 201 134 228
1 150 201 160 229
1 172 200 186 234
1 197 199 209 231
1 227 196 238 226
1 254 192 266 225
1 282 195 294 228
1 315 198 328 229
1 55 236 86 315
1 120 236 152 314
1 45 224 79 306
1 140 232 174 315
1 167 233 200 315
1 196 233 230 315
1 348 198 360 229
1 373 198 385 229
1 384 187 400 228
1 400 196 414 230
1 426 196 439 229
1 486 201 497 228
1 393 232 426 315
5 140 221 152 237
5 70 200 90 224
5 87 222 100 244
5 162 220 177 237
5 268 214 280 234
5 299 214 311 234
5 335 215 346 232
5 359 218 374 235
5 442 190 487 224
