33
1 333 188 420 401
1 0 143 59 326
1 67 163 110 270
1 151 170 179 239
1 172 169 196 229
1 199 168 221 222
1 217 171 235 215
1 234 169 251 213
1 293 167 338 277
1 284 169 305 220
1 276 170 295 217
1 438 187 467 260
1 478 173 510 253
1 509 181 539 258
1 437 165 446 187
1 356 163 363 182
1 474 169 478 181
1 451 167 457 182
1 536 171 543 189
3 543 177 554 202
3 554 174 566 204
3 458 175 466 190
3 428 187 441 212
3 415 173 425 186
3 409 186 419 201
3 406 174 416 187
3 397 187 409 204
3 392 173 403 186
3 371 172 385 190
3 268 173 278 186
3 266 184 277 207
3 255 184 267 208
3 255 172 268 185
