74
1 141 56 202 205
1 99 57 136 149
1 200 67 267 232
1 303 35 328 97
1 236 112 302 276
1 270 97 292 151
1 425 62 489 218
1 491 40 494 51
1 517 82 574 221
1 534 89 579 200
1 550 85 592 188
1 570 84 608 180
1 329 332 360 411
1 351 339 376 403
1 236 356 289 485
1 196 368 209 403
3 58 81 72 100
3 71 80 82 96
3 44 98 64 118
3 457 369 492 451
3 491 369 521 441
3 425 382 458 423
3 408 357 423 391
3 422 356 436 371
3 436 358 449 374
3 423 371 434 385
3 470 358 482 371
3 481 356 493 368
3 502 356 515 370
3 516 353 527 372
3 525 360 541 397
3 549 355 561 377
3 560 357 574 427
3 573 352 586 370
3 587 353 600 375
3 181 395 205 442
3 155 400 182 467
3 124 392 156 483
3 76 422 119 486
3 124 351 139 378
3 146 353 165 377
3 167 353 183 379
3 182 354 196 378
5 18 62 49 95
5 48 66 80 80
5 19 109 50 149
5 17 151 57 198
5 14 207 109 277
5 67 103 96 143
5 96 112 119 156
5 119 134 145 178
5 146 155 188 221
5 296 212 345 253
5 296 256 346 278
5 571 73 585 92
5 557 332 600 351
5 521 332 559 354
5 491 333 522 352
5 449 334 492 353
5 412 340 449 350
5 379 339 412 352
5 315 340 335 373
5 534 354 547 363
5 454 353 471 369
5 401 360 410 373
5 383 353 402 381
5 435 328 445 341
5 417 330 430 340
5 402 332 413 340
5 15 369 68 395
5 16 395 44 464
5 44 397 76 441
5 67 370 123 420
5 123 378 183 398
