88
1 20 127 48 196
1 30 136 65 221
1 162 138 183 192
1 132 125 159 193
1 109 120 134 182
1 93 114 113 165
1 88 106 108 155
1 80 104 96 146
1 73 101 88 138
1 67 98 80 132
1 61 93 75 128
1 57 91 68 121
1 103 94 116 125
1 114 94 123 117
1 127 100 143 141
1 145 104 157 135
1 164 108 174 135
1 177 115 200 173
1 200 119 224 181
1 230 127 249 177
1 192 105 207 145
1 170 101 184 138
1 210 106 229 153
1 270 138 285 176
1 274 115 287 147
1 290 110 311 164
1 308 104 328 152
1 239 105 257 149
1 283 103 301 146
1 320 100 335 138
1 332 131 348 170
1 341 119 359 164
1 355 113 375 162
1 386 127 410 186
1 402 119 425 175
1 378 100 393 140
1 350 106 367 147
1 366 93 377 119
1 303 99 314 126
1 265 109 276 139
1 259 107 271 140
1 200 92 206 110
1 438 112 460 167
1 414 105 430 147
1 421 98 435 133
1 327 97 338 124
1 451 100 466 137
1 18 109 40 162
1 138 94 150 125
1 154 93 165 120
1 223 92 232 117
1 297 96 302 110
1 333 87 341 107
1 346 89 355 114
5 439 74 467 99
5 416 75 440 98
5 393 75 417 97
5 371 76 393 98
5 395 97 413 105
5 344 75 370 92
5 318 76 344 90
5 294 78 318 90
5 268 76 295 91
5 241 76 269 92
5 217 77 241 93
5 200 77 217 92
5 184 76 200 92
5 160 76 184 92
5 138 77 160 91
5 113 77 138 92
5 85 77 113 92
5 60 77 85 93
5 46 78 61 90
5 30 78 47 90
5 18 80 31 99
5 30 97 39 107
5 37 110 47 124
5 136 92 142 100
5 181 93 195 111
5 162 91 174 106
5 120 92 131 111
5 249 93 264 110
5 234 93 245 112
5 264 91 289 107
5 301 91 325 101
5 290 91 297 103
5 433 97 444 144
5 445 99 456 109
