51
1 25 59 37 90
1 35 57 48 90
1 55 48 72 89
1 47 59 57 87
1 93 58 97 68
1 100 60 103 69
1 107 60 109 68
1 112 60 116 70
1 115 72 117 78
1 122 54 141 102
1 137 53 155 96
1 168 55 176 77
1 178 58 192 93
1 183 53 194 83
1 189 55 200 84
1 192 52 207 89
1 222 59 225 70
1 205 56 209 67
1 235 50 252 91
1 246 55 256 82
1 260 54 270 82
1 309 63 314 76
1 310 56 317 73
1 330 54 339 79
1 349 55 353 66
1 360 55 363 66
1 362 53 367 65
1 373 50 382 75
1 393 51 401 74
1 410 53 415 65
1 407 393 426 441
1 394 395 413 445
1 377 391 397 443
1 368 388 390 445
1 340 397 359 445
1 303 394 321 437
1 291 393 309 437
1 270 395 281 423
1 282 396 289 415
1 290 396 295 411
1 183 384 237 518
1 134 372 186 500
1 67 392 113 507
1 47 421 76 494
1 125 393 143 439
1 30 391 44 427
1 21 388 35 425
1 62 392 73 422
1 52 404 60 425
1 120 395 123 403
1 243 393 247 404
