31
1 78 205 123 317
1 173 198 228 335
1 225 186 286 337
1 262 191 324 344
1 309 180 362 309
1 327 185 392 346
1 109 185 125 225
1 177 170 194 212
1 89 166 101 199
1 399 192 453 323
1 440 175 463 232
1 466 179 495 252
1 440 235 494 370
1 495 186 571 373
1 538 195 595 337
1 574 167 590 208
1 583 180 624 280
1 186 462 214 532
1 229 486 266 576
1 284 463 332 583
1 315 460 376 610
1 364 482 414 603
1 352 453 401 573
1 405 474 447 580
1 444 483 474 557
1 476 474 497 527
5 575 279 649 361
5 348 316 466 379
5 46 312 138 356
5 23 146 87 312
5 510 480 535 512
