40
1 66 122 104 217
1 108 132 138 207
3 169 137 202 212
3 245 141 271 215
3 314 136 346 215
3 354 136 385 199
3 388 136 418 199
3 423 134 458 197
3 459 136 486 197
3 494 136 529 198
3 668 203 695 331
3 609 224 669 294
3 573 295 677 444
3 562 226 607 292
3 495 226 560 383
3 447 225 491 286
3 176 270 288 449
3 94 228 139 308
3 24 242 100 388
5 202 202 234 223
5 180 215 212 245
5 158 219 185 243
5 137 237 169 283
5 271 203 312 244
5 249 231 284 276
5 212 229 257 274
5 359 194 374 219
5 373 202 387 229
5 387 200 416 246
5 415 196 448 266
5 448 197 485 226
5 484 211 505 241
5 498 200 532 224
5 534 206 550 232
5 549 199 570 233
5 569 194 590 218
5 590 194 610 220
5 612 199 645 224
5 649 202 669 223
5 0 304 69 450
