73
1 30 9 43 42
1 72 35 78 50
1 91 38 96 54
1 0 180 46 325
1 0 143 60 318
1 17 178 68 302
1 40 190 85 303
1 151 196 195 306
1 175 201 214 298
1 126 143 191 304
1 152 157 209 296
1 206 205 243 296
1 234 211 266 291
1 254 190 292 285
1 281 201 314 282
1 187 159 240 291
1 216 161 269 290
1 267 159 286 209
1 276 173 318 275
1 296 188 333 278
1 313 194 346 275
1 335 192 366 271
1 298 164 341 271
1 335 166 352 209
1 359 202 384 266
1 346 168 384 263
1 386 202 410 264
1 397 205 420 261
1 416 201 439 258
1 367 168 406 263
1 394 167 412 211
1 412 175 426 213
1 420 178 451 255
1 436 176 467 252
1 454 171 485 250
1 479 162 516 253
1 511 162 534 252
1 434 140 445 168
1 446 138 460 172
1 458 151 468 175
1 479 172 487 194
1 434 198 457 255
1 451 195 474 254
1 466 196 489 252
1 477 196 499 250
1 493 172 524 248
1 383 80 389 97
1 490 122 496 138
1 359 102 371 134
1 352 94 360 116
1 335 84 342 104
1 362 87 376 121
1 250 67 257 87
3 376 98 390 119
3 6 26 18 38
5 421 171 431 192
5 405 172 413 188
5 502 144 533 161
5 507 160 521 171
5 464 141 490 170
5 497 124 505 137
5 451 115 487 139
5 430 107 451 132
5 410 104 429 130
5 390 97 410 124
5 299 79 330 104
5 282 75 299 96
5 269 80 281 92
5 255 75 266 90
5 227 69 245 85
5 187 63 201 77
5 164 61 173 71
5 116 47 139 65
