49
1 263 140 422 531
1 141 245 225 451
1 366 247 431 405
1 266 283 311 396
1 212 300 249 394
1 88 283 147 426
1 74 305 116 411
1 58 316 94 404
1 244 317 266 373
1 46 327 74 398
1 34 337 57 396
1 25 336 48 393
1 6 362 12 378
1 10 362 16 378
1 18 356 29 382
1 127 330 148 385
1 150 324 175 387
1 195 331 213 374
1 205 332 220 368
1 237 328 251 366
1 268 329 280 362
1 285 312 308 371
1 304 324 321 365
1 142 337 156 374
1 137 348 147 375
1 392 282 427 370
1 470 276 503 356
1 590 180 683 410
1 511 258 555 365
1 542 274 570 344
1 501 294 519 341
1 463 296 484 347
1 452 302 470 345
1 443 307 458 344
1 559 288 577 333
1 585 277 608 336
1 695 256 724 328
1 730 204 796 364
1 792 212 840 343
1 728 258 753 321
1 716 272 733 314
1 678 282 686 304
1 652 253 686 337
1 586 283 608 338
1 594 280 624 354
1 792 263 801 284
5 430 316 446 335
5 492 308 507 330
5 570 294 588 320
