35
1 218 242 314 476
1 134 189 196 340
1 134 147 152 191
1 135 110 156 162
1 382 216 459 406
1 171 176 245 359
1 270 161 334 320
1 309 156 365 293
1 328 151 377 274
1 374 158 423 280
1 438 128 483 239
1 462 205 531 375
1 495 154 545 276
1 566 163 614 283
1 573 141 623 266
1 592 165 654 316
1 648 169 689 269
1 612 274 694 476
1 695 212 773 404
1 788 202 853 360
1 758 189 815 330
1 693 181 740 296
1 766 154 785 203
1 403 126 417 164
1 214 160 253 256
1 365 148 411 263
1 428 160 455 226
1 119 316 185 477
3 189 157 210 188
3 194 137 217 160
3 256 150 278 181
3 273 139 294 162
3 734 166 752 191
5 256 98 281 110
5 849 192 868 219
