40
1 0 212 40 397
1 0 228 65 399
1 34 233 101 397
1 86 234 154 400
1 63 224 131 391
1 139 239 204 397
1 177 237 242 396
1 196 232 263 396
1 215 234 277 386
1 293 234 360 397
1 366 242 430 399
1 439 248 500 397
1 463 234 507 382
1 315 227 378 384
1 249 233 301 361
1 231 228 291 375
1 265 230 314 353
1 479 204 486 224
1 430 204 436 222
3 282 200 297 216
5 490 217 506 239
5 441 203 475 242
5 392 215 432 243
5 375 218 393 237
5 362 204 376 232
5 354 208 363 222
5 377 203 393 216
5 322 209 337 222
5 13 208 54 230
5 54 205 82 227
5 79 208 96 230
5 119 208 164 237
5 100 211 118 235
5 164 212 184 234
5 183 214 214 233
5 214 214 258 230
5 258 212 284 230
5 179 202 195 214
5 285 215 299 225
5 299 216 323 238
