44
1 100 348 247 709
1 185 359 332 718
1 164 294 291 606
1 294 306 342 426
1 275 372 416 716
1 364 348 514 716
1 341 300 466 605
1 462 282 483 337
1 477 293 529 423
1 459 372 600 716
1 569 355 714 711
1 549 299 609 448
1 531 286 561 362
1 510 274 545 360
1 572 306 695 606
1 653 294 780 607
1 675 378 812 715
1 769 362 914 718
1 862 372 1002 717
1 963 387 1096 714
1 992 300 1126 627
1 1025 305 1152 617
1 938 313 1049 587
1 909 319 1023 598
1 823 285 951 600
1 740 293 870 613
1 676 274 704 343
1 637 251 664 320
1 829 297 852 356
1 746 291 767 344
1 467 240 483 279
3 253 286 285 345
3 285 297 309 346
3 323 284 353 331
3 379 289 397 341
3 931 290 964 320
3 908 311 942 347
3 756 268 785 304
3 688 245 716 279
3 728 260 758 296
3 598 278 627 319
3 573 249 609 288
3 439 265 462 311
3 522 248 554 281
