41
1 50 16 62 48
1 90 21 120 94
1 76 20 84 40
1 149 25 186 117
1 173 24 202 95
1 230 22 255 84
1 18 18 28 45
1 258 28 285 93
1 293 30 326 114
1 305 26 329 86
1 329 31 354 94
1 361 26 378 71
1 387 28 399 61
1 402 27 436 111
1 421 29 433 59
1 455 28 463 51
1 22 18 35 49
1 0 146 52 279
1 127 201 158 278
1 148 148 202 279
1 225 194 259 279
1 275 147 329 279
1 329 197 363 280
1 442 138 500 279
3 65 22 76 45
3 281 28 291 50
5 450 52 463 70
5 45 250 59 279
5 63 254 76 279
5 75 251 94 279
5 102 261 120 280
5 205 261 218 280
5 248 246 260 268
5 260 259 268 276
5 268 258 277 277
5 446 250 459 264
5 437 263 452 278
5 387 254 401 278
5 373 258 387 279
5 360 253 373 279
5 188 255 203 280
