29
1 0 207 77 532
1 0 196 103 497
1 77 192 219 540
1 155 193 309 570
1 220 164 359 504
1 267 216 425 603
1 370 201 429 344
1 35 218 118 421
1 404 218 515 489
1 496 217 590 450
1 554 247 601 365
1 583 246 616 328
1 594 222 721 531
1 667 232 759 459
1 524 301 663 643
1 749 243 834 452
1 742 260 865 560
1 787 229 904 518
1 844 241 937 468
1 873 243 971 484
1 936 241 1041 499
1 945 295 1069 600
1 1021 241 1125 498
1 1056 243 1171 525
1 1118 266 1176 484
3 49 209 68 250
3 177 196 206 254
3 243 199 262 232
3 367 239 386 285
