42
1 26 120 76 243
1 42 117 84 222
1 56 114 97 214
1 67 114 104 206
1 161 113 213 240
1 272 117 320 236
1 255 120 296 222
1 246 116 285 214
1 235 116 270 204
1 226 118 258 199
1 108 122 129 175
1 120 117 143 173
1 142 110 174 191
1 148 118 184 207
1 11 119 32 174
1 297 114 331 198
1 310 115 345 204
1 327 117 366 214
1 344 117 387 221
1 370 118 417 234
1 408 119 445 209
1 388 113 424 200
1 435 115 477 221
1 465 116 512 233
1 462 117 496 202
1 499 114 537 208
1 364 109 399 194
1 533 122 573 219
1 574 123 618 230
1 521 118 550 188
1 563 120 591 192
1 90 119 110 171
1 34 120 41 140
1 137 122 149 155
1 154 114 199 226
1 96 120 116 168
1 430 117 461 194
1 608 113 626 160
1 626 128 641 175
3 3 147 23 179
3 459 117 466 130
3 611 162 627 174
