30
1 206 180 224 225
1 216 179 235 227
1 229 183 244 223
1 238 202 267 274
1 269 207 292 266
1 316 198 357 299
1 354 198 383 272
1 487 204 514 271
1 474 201 486 232
1 453 200 466 231
1 445 202 456 232
1 431 199 444 233
1 418 204 431 235
1 411 202 424 233
1 520 201 524 212
1 527 200 532 213
1 534 199 538 210
1 589 197 610 257
1 585 200 592 220
1 579 195 589 223
3 6 184 43 282
3 42 183 83 284
3 582 224 601 252
3 301 179 309 196
3 312 181 320 196
3 321 182 326 196
5 56 70 91 89
5 98 192 188 259
5 328 171 406 224
5 248 194 326 238
