41
1 8 289 43 376
1 28 284 55 350
1 37 264 107 435
1 56 268 127 443
1 79 280 148 450
1 104 271 179 457
1 123 273 210 487
1 184 260 284 506
1 186 312 275 532
1 267 276 382 556
1 316 249 453 587
1 397 263 541 616
1 455 256 598 604
1 261 268 300 365
1 186 271 263 458
1 174 266 248 447
1 235 273 346 543
1 818 223 1031 742
1 706 235 901 712
1 673 238 839 642
1 593 239 772 677
1 487 247 646 638
1 566 266 692 576
1 585 251 733 613
1 659 261 794 592
1 764 246 943 685
1 939 262 1087 623
1 969 254 1109 597
1 1009 265 1135 573
1 1051 264 1170 556
1 1089 278 1194 536
1 785 288 790 301
3 183 267 201 297
3 258 245 287 270
3 359 268 383 318
3 340 251 359 292
3 486 255 513 306
3 970 250 1000 311
3 896 250 921 311
3 871 242 899 317
3 1164 290 1185 325
