30
1 2 105 13 131
1 14 106 23 131
1 24 105 35 132
1 0 150 45 313
1 21 167 40 215
1 88 158 125 248
1 118 164 160 266
1 166 157 222 295
1 201 151 238 245
1 244 150 310 312
1 284 156 317 240
1 262 97 270 116
1 324 157 374 281
1 346 162 382 253
1 379 167 406 235
1 422 158 466 267
1 450 154 514 312
1 285 102 294 126
1 495 130 515 179
1 65 169 83 212
1 57 168 74 212
1 85 175 99 211
1 75 170 92 211
1 231 173 246 211
1 197 168 214 209
1 167 171 183 212
1 159 169 177 212
1 149 168 167 213
5 376 116 402 143
5 343 111 377 145
